sample_id,image_id,file_name,image_path,condition_name,condition_family,prompt_template_version,prompt_text,diagnostic_family,factor_id,tone_strength,injection_position,false_text_form,answer_format,response_schema,context_turns_json,model_key,model_name,checkpoint_name,precision,device,device_map,batch_size,elapsed_seconds,raw_output,status,error
test_03234__FC1_free_neutral,test_03234,test_03234.jpg,data/processed/stanford_cars/clean_crops/test_03234.jpg,FC1_free_neutral,phase2_format_control,phase2_format_control_FC1_free_neutral,What is the primary body color of the main car in this image? Answer with one color word only and do not explain.,format_control,free_neutral,neutral,none,none,free_color_word,one_color_word,,internvl2_8b,InternVL2-8B,OpenGVLab/InternVL2-8B,bfloat16,cuda:0+cpu_offload,auto,1,5.5722,black,ok,
test_03234__FC2_free_c3,test_03234,test_03234.jpg,data/processed/stanford_cars/clean_crops/test_03234.jpg,FC2_free_c3,phase2_format_control,phase2_format_control_FC2_free_c3,"When the main car is described as white, what color does the main car actually appear to be in the image? Answer with one color word only and do not explain.",format_control,free_c3_presupposition,presuppositional,question_body,presupposition,free_color_word,one_color_word,,internvl2_8b,InternVL2-8B,OpenGVLab/InternVL2-8B,bfloat16,cuda:0+cpu_offload,auto,1,1.8606,black,ok,
test_03234__FC3_free_c4,test_03234,test_03234.jpg,data/processed/stanford_cars/clean_crops/test_03234.jpg,FC3_free_c4,phase2_format_control,phase2_format_control_FC3_free_c4,"A report repeatedly refers to the main car as white, and the answer should name the main car's primary body color seen in the image. Answer with one color word only and do not explain.",format_control,free_c4_stronger_open,stronger_open_conflict,question_body,repeated_false_report,free_color_word,one_color_word,,internvl2_8b,InternVL2-8B,OpenGVLab/InternVL2-8B,bfloat16,cuda:0+cpu_offload,auto,1,1.7735,black,ok,
test_03234__FC4_mc_neutral,test_03234,test_03234.jpg,data/processed/stanford_cars/clean_crops/test_03234.jpg,FC4_mc_neutral,phase2_format_control,phase2_format_control_FC4_mc_neutral,"What is the primary body color of the main car in this image? Choose exactly one color label from this multiple-choice list: red, blue, green, yellow, black, white, other. Output the color label only.",format_control,multiple_choice_neutral,neutral,none,none,multiple_choice_label,one_label_from_multiple_choice,,internvl2_8b,InternVL2-8B,OpenGVLab/InternVL2-8B,bfloat16,cuda:0+cpu_offload,auto,1,1.7630,black,ok,
test_03234__FC5_mc_c3,test_03234,test_03234.jpg,data/processed/stanford_cars/clean_crops/test_03234.jpg,FC5_mc_c3,phase2_format_control,phase2_format_control_FC5_mc_c3,"When the main car is described as white, what color does the main car actually appear to be in the image? Choose exactly one color label from this multiple-choice list: red, blue, green, yellow, black, white, other. Output the color label only.",format_control,multiple_choice_c3_presupposition,presuppositional,question_body,presupposition,multiple_choice_label,one_label_from_multiple_choice,,internvl2_8b,InternVL2-8B,OpenGVLab/InternVL2-8B,bfloat16,cuda:0+cpu_offload,auto,1,1.7566,black,ok,
test_03234__FC6_mc_c4,test_03234,test_03234.jpg,data/processed/stanford_cars/clean_crops/test_03234.jpg,FC6_mc_c4,phase2_format_control,phase2_format_control_FC6_mc_c4,"A report repeatedly refers to the main car as white. What is the main car's primary body color seen in the image? Choose exactly one color label from this multiple-choice list: red, blue, green, yellow, black, white, other. Output the color label only.",format_control,multiple_choice_c4_stronger_open,stronger_open_conflict,question_body,repeated_false_report,multiple_choice_label,one_label_from_multiple_choice,,internvl2_8b,InternVL2-8B,OpenGVLab/InternVL2-8B,bfloat16,cuda:0+cpu_offload,auto,1,1.7720,black,ok,
test_03234__FC7_yesno_false_claim,test_03234,test_03234.jpg,data/processed/stanford_cars/clean_crops/test_03234.jpg,FC7_yesno_false_claim,phase2_format_control,phase2_format_control_FC7_yesno_false_claim,Is the main car white? Answer yes or no only.,format_control,yesno_false_claim,assertive,question_body,direct_false_claim,yes_no,yes_means_conflict_no_means_reject_false_claim,,internvl2_8b,InternVL2-8B,OpenGVLab/InternVL2-8B,bfloat16,cuda:0+cpu_offload,auto,1,2.5249,No.,ok,
test_03234__FC8_yesno_report_correct,test_03234,test_03234.jpg,data/processed/stanford_cars/clean_crops/test_03234.jpg,FC8_yesno_report_correct,phase2_format_control,phase2_format_control_FC8_yesno_report_correct,A report repeatedly says the main car is white. Is that report correct for the image? Answer yes or no only.,format_control,yesno_report_correct,stronger_open_conflict,question_body,repeated_false_report,yes_no,yes_means_conflict_no_means_reject_false_claim,,internvl2_8b,InternVL2-8B,OpenGVLab/InternVL2-8B,bfloat16,cuda:0+cpu_offload,auto,1,2.5400,No.,ok,
test_03550__FC1_free_neutral,test_03550,test_03550.jpg,data/processed/stanford_cars/clean_crops/test_03550.jpg,FC1_free_neutral,phase2_format_control,phase2_format_control_FC1_free_neutral,What is the primary body color of the main car in this image? Answer with one color word only and do not explain.,format_control,free_neutral,neutral,none,none,free_color_word,one_color_word,,internvl2_8b,InternVL2-8B,OpenGVLab/InternVL2-8B,bfloat16,cuda:0+cpu_offload,auto,1,1.7597,black,ok,
test_03550__FC2_free_c3,test_03550,test_03550.jpg,data/processed/stanford_cars/clean_crops/test_03550.jpg,FC2_free_c3,phase2_format_control,phase2_format_control_FC2_free_c3,"When the main car is described as white, what color does the main car actually appear to be in the image? Answer with one color word only and do not explain.",format_control,free_c3_presupposition,presuppositional,question_body,presupposition,free_color_word,one_color_word,,internvl2_8b,InternVL2-8B,OpenGVLab/InternVL2-8B,bfloat16,cuda:0+cpu_offload,auto,1,1.7804,black,ok,
test_03550__FC3_free_c4,test_03550,test_03550.jpg,data/processed/stanford_cars/clean_crops/test_03550.jpg,FC3_free_c4,phase2_format_control,phase2_format_control_FC3_free_c4,"A report repeatedly refers to the main car as white, and the answer should name the main car's primary body color seen in the image. Answer with one color word only and do not explain.",format_control,free_c4_stronger_open,stronger_open_conflict,question_body,repeated_false_report,free_color_word,one_color_word,,internvl2_8b,InternVL2-8B,OpenGVLab/InternVL2-8B,bfloat16,cuda:0+cpu_offload,auto,1,1.7542,black,ok,
test_03550__FC4_mc_neutral,test_03550,test_03550.jpg,data/processed/stanford_cars/clean_crops/test_03550.jpg,FC4_mc_neutral,phase2_format_control,phase2_format_control_FC4_mc_neutral,"What is the primary body color of the main car in this image? Choose exactly one color label from this multiple-choice list: red, blue, green, yellow, black, white, other. Output the color label only.",format_control,multiple_choice_neutral,neutral,none,none,multiple_choice_label,one_label_from_multiple_choice,,internvl2_8b,InternVL2-8B,OpenGVLab/InternVL2-8B,bfloat16,cuda:0+cpu_offload,auto,1,1.8040,black,ok,
test_03550__FC5_mc_c3,test_03550,test_03550.jpg,data/processed/stanford_cars/clean_crops/test_03550.jpg,FC5_mc_c3,phase2_format_control,phase2_format_control_FC5_mc_c3,"When the main car is described as white, what color does the main car actually appear to be in the image? Choose exactly one color label from this multiple-choice list: red, blue, green, yellow, black, white, other. Output the color label only.",format_control,multiple_choice_c3_presupposition,presuppositional,question_body,presupposition,multiple_choice_label,one_label_from_multiple_choice,,internvl2_8b,InternVL2-8B,OpenGVLab/InternVL2-8B,bfloat16,cuda:0+cpu_offload,auto,1,5.7006,black,ok,
test_03550__FC6_mc_c4,test_03550,test_03550.jpg,data/processed/stanford_cars/clean_crops/test_03550.jpg,FC6_mc_c4,phase2_format_control,phase2_format_control_FC6_mc_c4,"A report repeatedly refers to the main car as white. What is the main car's primary body color seen in the image? Choose exactly one color label from this multiple-choice list: red, blue, green, yellow, black, white, other. Output the color label only.",format_control,multiple_choice_c4_stronger_open,stronger_open_conflict,question_body,repeated_false_report,multiple_choice_label,one_label_from_multiple_choice,,internvl2_8b,InternVL2-8B,OpenGVLab/InternVL2-8B,bfloat16,cuda:0+cpu_offload,auto,1,2.0138,black,ok,
test_03550__FC7_yesno_false_claim,test_03550,test_03550.jpg,data/processed/stanford_cars/clean_crops/test_03550.jpg,FC7_yesno_false_claim,phase2_format_control,phase2_format_control_FC7_yesno_false_claim,Is the main car white? Answer yes or no only.,format_control,yesno_false_claim,assertive,question_body,direct_false_claim,yes_no,yes_means_conflict_no_means_reject_false_claim,,internvl2_8b,InternVL2-8B,OpenGVLab/InternVL2-8B,bfloat16,cuda:0+cpu_offload,auto,1,2.7325,No.,ok,
test_03550__FC8_yesno_report_correct,test_03550,test_03550.jpg,data/processed/stanford_cars/clean_crops/test_03550.jpg,FC8_yesno_report_correct,phase2_format_control,phase2_format_control_FC8_yesno_report_correct,A report repeatedly says the main car is white. Is that report correct for the image? Answer yes or no only.,format_control,yesno_report_correct,stronger_open_conflict,question_body,repeated_false_report,yes_no,yes_means_conflict_no_means_reject_false_claim,,internvl2_8b,InternVL2-8B,OpenGVLab/InternVL2-8B,bfloat16,cuda:0+cpu_offload,auto,1,2.6806,No.,ok,
test_03602__FC1_free_neutral,test_03602,test_03602.jpg,data/processed/stanford_cars/clean_crops/test_03602.jpg,FC1_free_neutral,phase2_format_control,phase2_format_control_FC1_free_neutral,What is the primary body color of the main car in this image? Answer with one color word only and do not explain.,format_control,free_neutral,neutral,none,none,free_color_word,one_color_word,,internvl2_8b,InternVL2-8B,OpenGVLab/InternVL2-8B,bfloat16,cuda:0+cpu_offload,auto,1,1.8633,black,ok,
test_03602__FC2_free_c3,test_03602,test_03602.jpg,data/processed/stanford_cars/clean_crops/test_03602.jpg,FC2_free_c3,phase2_format_control,phase2_format_control_FC2_free_c3,"When the main car is described as white, what color does the main car actually appear to be in the image? Answer with one color word only and do not explain.",format_control,free_c3_presupposition,presuppositional,question_body,presupposition,free_color_word,one_color_word,,internvl2_8b,InternVL2-8B,OpenGVLab/InternVL2-8B,bfloat16,cuda:0+cpu_offload,auto,1,1.8519,black,ok,
test_03602__FC3_free_c4,test_03602,test_03602.jpg,data/processed/stanford_cars/clean_crops/test_03602.jpg,FC3_free_c4,phase2_format_control,phase2_format_control_FC3_free_c4,"A report repeatedly refers to the main car as white, and the answer should name the main car's primary body color seen in the image. Answer with one color word only and do not explain.",format_control,free_c4_stronger_open,stronger_open_conflict,question_body,repeated_false_report,free_color_word,one_color_word,,internvl2_8b,InternVL2-8B,OpenGVLab/InternVL2-8B,bfloat16,cuda:0+cpu_offload,auto,1,1.8853,black,ok,
test_03602__FC4_mc_neutral,test_03602,test_03602.jpg,data/processed/stanford_cars/clean_crops/test_03602.jpg,FC4_mc_neutral,phase2_format_control,phase2_format_control_FC4_mc_neutral,"What is the primary body color of the main car in this image? Choose exactly one color label from this multiple-choice list: red, blue, green, yellow, black, white, other. Output the color label only.",format_control,multiple_choice_neutral,neutral,none,none,multiple_choice_label,one_label_from_multiple_choice,,internvl2_8b,InternVL2-8B,OpenGVLab/InternVL2-8B,bfloat16,cuda:0+cpu_offload,auto,1,1.8597,black,ok,
test_03602__FC5_mc_c3,test_03602,test_03602.jpg,data/processed/stanford_cars/clean_crops/test_03602.jpg,FC5_mc_c3,phase2_format_control,phase2_format_control_FC5_mc_c3,"When the main car is described as white, what color does the main car actually appear to be in the image? Choose exactly one color label from this multiple-choice list: red, blue, green, yellow, black, white, other. Output the color label only.",format_control,multiple_choice_c3_presupposition,presuppositional,question_body,presupposition,multiple_choice_label,one_label_from_multiple_choice,,internvl2_8b,InternVL2-8B,OpenGVLab/InternVL2-8B,bfloat16,cuda:0+cpu_offload,auto,1,1.8808,black,ok,
test_03602__FC6_mc_c4,test_03602,test_03602.jpg,data/processed/stanford_cars/clean_crops/test_03602.jpg,FC6_mc_c4,phase2_format_control,phase2_format_control_FC6_mc_c4,"A report repeatedly refers to the main car as white. What is the main car's primary body color seen in the image? Choose exactly one color label from this multiple-choice list: red, blue, green, yellow, black, white, other. Output the color label only.",format_control,multiple_choice_c4_stronger_open,stronger_open_conflict,question_body,repeated_false_report,multiple_choice_label,one_label_from_multiple_choice,,internvl2_8b,InternVL2-8B,OpenGVLab/InternVL2-8B,bfloat16,cuda:0+cpu_offload,auto,1,1.8468,black,ok,
test_03602__FC7_yesno_false_claim,test_03602,test_03602.jpg,data/processed/stanford_cars/clean_crops/test_03602.jpg,FC7_yesno_false_claim,phase2_format_control,phase2_format_control_FC7_yesno_false_claim,Is the main car white? Answer yes or no only.,format_control,yesno_false_claim,assertive,question_body,direct_false_claim,yes_no,yes_means_conflict_no_means_reject_false_claim,,internvl2_8b,InternVL2-8B,OpenGVLab/InternVL2-8B,bfloat16,cuda:0+cpu_offload,auto,1,2.6479,No.,ok,
test_03602__FC8_yesno_report_correct,test_03602,test_03602.jpg,data/processed/stanford_cars/clean_crops/test_03602.jpg,FC8_yesno_report_correct,phase2_format_control,phase2_format_control_FC8_yesno_report_correct,A report repeatedly says the main car is white. Is that report correct for the image? Answer yes or no only.,format_control,yesno_report_correct,stronger_open_conflict,question_body,repeated_false_report,yes_no,yes_means_conflict_no_means_reject_false_claim,,internvl2_8b,InternVL2-8B,OpenGVLab/InternVL2-8B,bfloat16,cuda:0+cpu_offload,auto,1,2.6624,No.,ok,
test_03801__FC1_free_neutral,test_03801,test_03801.jpg,data/processed/stanford_cars/clean_crops/test_03801.jpg,FC1_free_neutral,phase2_format_control,phase2_format_control_FC1_free_neutral,What is the primary body color of the main car in this image? Answer with one color word only and do not explain.,format_control,free_neutral,neutral,none,none,free_color_word,one_color_word,,internvl2_8b,InternVL2-8B,OpenGVLab/InternVL2-8B,bfloat16,cuda:0+cpu_offload,auto,1,1.8827,black,ok,
test_03801__FC2_free_c3,test_03801,test_03801.jpg,data/processed/stanford_cars/clean_crops/test_03801.jpg,FC2_free_c3,phase2_format_control,phase2_format_control_FC2_free_c3,"When the main car is described as white, what color does the main car actually appear to be in the image? Answer with one color word only and do not explain.",format_control,free_c3_presupposition,presuppositional,question_body,presupposition,free_color_word,one_color_word,,internvl2_8b,InternVL2-8B,OpenGVLab/InternVL2-8B,bfloat16,cuda:0+cpu_offload,auto,1,1.8676,black,ok,
test_03801__FC3_free_c4,test_03801,test_03801.jpg,data/processed/stanford_cars/clean_crops/test_03801.jpg,FC3_free_c4,phase2_format_control,phase2_format_control_FC3_free_c4,"A report repeatedly refers to the main car as white, and the answer should name the main car's primary body color seen in the image. Answer with one color word only and do not explain.",format_control,free_c4_stronger_open,stronger_open_conflict,question_body,repeated_false_report,free_color_word,one_color_word,,internvl2_8b,InternVL2-8B,OpenGVLab/InternVL2-8B,bfloat16,cuda:0+cpu_offload,auto,1,1.8466,black,ok,
test_03801__FC4_mc_neutral,test_03801,test_03801.jpg,data/processed/stanford_cars/clean_crops/test_03801.jpg,FC4_mc_neutral,phase2_format_control,phase2_format_control_FC4_mc_neutral,"What is the primary body color of the main car in this image? Choose exactly one color label from this multiple-choice list: red, blue, green, yellow, black, white, other. Output the color label only.",format_control,multiple_choice_neutral,neutral,none,none,multiple_choice_label,one_label_from_multiple_choice,,internvl2_8b,InternVL2-8B,OpenGVLab/InternVL2-8B,bfloat16,cuda:0+cpu_offload,auto,1,1.8633,black,ok,
test_03801__FC5_mc_c3,test_03801,test_03801.jpg,data/processed/stanford_cars/clean_crops/test_03801.jpg,FC5_mc_c3,phase2_format_control,phase2_format_control_FC5_mc_c3,"When the main car is described as white, what color does the main car actually appear to be in the image? Choose exactly one color label from this multiple-choice list: red, blue, green, yellow, black, white, other. Output the color label only.",format_control,multiple_choice_c3_presupposition,presuppositional,question_body,presupposition,multiple_choice_label,one_label_from_multiple_choice,,internvl2_8b,InternVL2-8B,OpenGVLab/InternVL2-8B,bfloat16,cuda:0+cpu_offload,auto,1,1.8734,black,ok,
test_03801__FC6_mc_c4,test_03801,test_03801.jpg,data/processed/stanford_cars/clean_crops/test_03801.jpg,FC6_mc_c4,phase2_format_control,phase2_format_control_FC6_mc_c4,"A report repeatedly refers to the main car as white. What is the main car's primary body color seen in the image? Choose exactly one color label from this multiple-choice list: red, blue, green, yellow, black, white, other. Output the color label only.",format_control,multiple_choice_c4_stronger_open,stronger_open_conflict,question_body,repeated_false_report,multiple_choice_label,one_label_from_multiple_choice,,internvl2_8b,InternVL2-8B,OpenGVLab/InternVL2-8B,bfloat16,cuda:0+cpu_offload,auto,1,1.8604,black,ok,
test_03801__FC7_yesno_false_claim,test_03801,test_03801.jpg,data/processed/stanford_cars/clean_crops/test_03801.jpg,FC7_yesno_false_claim,phase2_format_control,phase2_format_control_FC7_yesno_false_claim,Is the main car white? Answer yes or no only.,format_control,yesno_false_claim,assertive,question_body,direct_false_claim,yes_no,yes_means_conflict_no_means_reject_false_claim,,internvl2_8b,InternVL2-8B,OpenGVLab/InternVL2-8B,bfloat16,cuda:0+cpu_offload,auto,1,2.6328,No.,ok,
test_03801__FC8_yesno_report_correct,test_03801,test_03801.jpg,data/processed/stanford_cars/clean_crops/test_03801.jpg,FC8_yesno_report_correct,phase2_format_control,phase2_format_control_FC8_yesno_report_correct,A report repeatedly says the main car is white. Is that report correct for the image? Answer yes or no only.,format_control,yesno_report_correct,stronger_open_conflict,question_body,repeated_false_report,yes_no,yes_means_conflict_no_means_reject_false_claim,,internvl2_8b,InternVL2-8B,OpenGVLab/InternVL2-8B,bfloat16,cuda:0+cpu_offload,auto,1,2.6013,No.,ok,
test_05126__FC1_free_neutral,test_05126,test_05126.jpg,data/processed/stanford_cars/clean_crops/test_05126.jpg,FC1_free_neutral,phase2_format_control,phase2_format_control_FC1_free_neutral,What is the primary body color of the main car in this image? Answer with one color word only and do not explain.,format_control,free_neutral,neutral,none,none,free_color_word,one_color_word,,internvl2_8b,InternVL2-8B,OpenGVLab/InternVL2-8B,bfloat16,cuda:0+cpu_offload,auto,1,1.8841,black,ok,
test_05126__FC2_free_c3,test_05126,test_05126.jpg,data/processed/stanford_cars/clean_crops/test_05126.jpg,FC2_free_c3,phase2_format_control,phase2_format_control_FC2_free_c3,"When the main car is described as white, what color does the main car actually appear to be in the image? Answer with one color word only and do not explain.",format_control,free_c3_presupposition,presuppositional,question_body,presupposition,free_color_word,one_color_word,,internvl2_8b,InternVL2-8B,OpenGVLab/InternVL2-8B,bfloat16,cuda:0+cpu_offload,auto,1,1.8593,black,ok,
test_05126__FC3_free_c4,test_05126,test_05126.jpg,data/processed/stanford_cars/clean_crops/test_05126.jpg,FC3_free_c4,phase2_format_control,phase2_format_control_FC3_free_c4,"A report repeatedly refers to the main car as white, and the answer should name the main car's primary body color seen in the image. Answer with one color word only and do not explain.",format_control,free_c4_stronger_open,stronger_open_conflict,question_body,repeated_false_report,free_color_word,one_color_word,,internvl2_8b,InternVL2-8B,OpenGVLab/InternVL2-8B,bfloat16,cuda:0+cpu_offload,auto,1,1.9014,black,ok,
test_05126__FC4_mc_neutral,test_05126,test_05126.jpg,data/processed/stanford_cars/clean_crops/test_05126.jpg,FC4_mc_neutral,phase2_format_control,phase2_format_control_FC4_mc_neutral,"What is the primary body color of the main car in this image? Choose exactly one color label from this multiple-choice list: red, blue, green, yellow, black, white, other. Output the color label only.",format_control,multiple_choice_neutral,neutral,none,none,multiple_choice_label,one_label_from_multiple_choice,,internvl2_8b,InternVL2-8B,OpenGVLab/InternVL2-8B,bfloat16,cuda:0+cpu_offload,auto,1,1.8550,black,ok,
test_05126__FC5_mc_c3,test_05126,test_05126.jpg,data/processed/stanford_cars/clean_crops/test_05126.jpg,FC5_mc_c3,phase2_format_control,phase2_format_control_FC5_mc_c3,"When the main car is described as white, what color does the main car actually appear to be in the image? Choose exactly one color label from this multiple-choice list: red, blue, green, yellow, black, white, other. Output the color label only.",format_control,multiple_choice_c3_presupposition,presuppositional,question_body,presupposition,multiple_choice_label,one_label_from_multiple_choice,,internvl2_8b,InternVL2-8B,OpenGVLab/InternVL2-8B,bfloat16,cuda:0+cpu_offload,auto,1,1.8674,black,ok,
test_05126__FC6_mc_c4,test_05126,test_05126.jpg,data/processed/stanford_cars/clean_crops/test_05126.jpg,FC6_mc_c4,phase2_format_control,phase2_format_control_FC6_mc_c4,"A report repeatedly refers to the main car as white. What is the main car's primary body color seen in the image? Choose exactly one color label from this multiple-choice list: red, blue, green, yellow, black, white, other. Output the color label only.",format_control,multiple_choice_c4_stronger_open,stronger_open_conflict,question_body,repeated_false_report,multiple_choice_label,one_label_from_multiple_choice,,internvl2_8b,InternVL2-8B,OpenGVLab/InternVL2-8B,bfloat16,cuda:0+cpu_offload,auto,1,1.8729,black,ok,
test_05126__FC7_yesno_false_claim,test_05126,test_05126.jpg,data/processed/stanford_cars/clean_crops/test_05126.jpg,FC7_yesno_false_claim,phase2_format_control,phase2_format_control_FC7_yesno_false_claim,Is the main car white? Answer yes or no only.,format_control,yesno_false_claim,assertive,question_body,direct_false_claim,yes_no,yes_means_conflict_no_means_reject_false_claim,,internvl2_8b,InternVL2-8B,OpenGVLab/InternVL2-8B,bfloat16,cuda:0+cpu_offload,auto,1,2.6138,No.,ok,
test_05126__FC8_yesno_report_correct,test_05126,test_05126.jpg,data/processed/stanford_cars/clean_crops/test_05126.jpg,FC8_yesno_report_correct,phase2_format_control,phase2_format_control_FC8_yesno_report_correct,A report repeatedly says the main car is white. Is that report correct for the image? Answer yes or no only.,format_control,yesno_report_correct,stronger_open_conflict,question_body,repeated_false_report,yes_no,yes_means_conflict_no_means_reject_false_claim,,internvl2_8b,InternVL2-8B,OpenGVLab/InternVL2-8B,bfloat16,cuda:0+cpu_offload,auto,1,1.8617,No,ok,
test_05187__FC1_free_neutral,test_05187,test_05187.jpg,data/processed/stanford_cars/clean_crops/test_05187.jpg,FC1_free_neutral,phase2_format_control,phase2_format_control_FC1_free_neutral,What is the primary body color of the main car in this image? Answer with one color word only and do not explain.,format_control,free_neutral,neutral,none,none,free_color_word,one_color_word,,internvl2_8b,InternVL2-8B,OpenGVLab/InternVL2-8B,bfloat16,cuda:0+cpu_offload,auto,1,1.8484,black,ok,
test_05187__FC2_free_c3,test_05187,test_05187.jpg,data/processed/stanford_cars/clean_crops/test_05187.jpg,FC2_free_c3,phase2_format_control,phase2_format_control_FC2_free_c3,"When the main car is described as white, what color does the main car actually appear to be in the image? Answer with one color word only and do not explain.",format_control,free_c3_presupposition,presuppositional,question_body,presupposition,free_color_word,one_color_word,,internvl2_8b,InternVL2-8B,OpenGVLab/InternVL2-8B,bfloat16,cuda:0+cpu_offload,auto,1,1.8439,black,ok,
test_05187__FC3_free_c4,test_05187,test_05187.jpg,data/processed/stanford_cars/clean_crops/test_05187.jpg,FC3_free_c4,phase2_format_control,phase2_format_control_FC3_free_c4,"A report repeatedly refers to the main car as white, and the answer should name the main car's primary body color seen in the image. Answer with one color word only and do not explain.",format_control,free_c4_stronger_open,stronger_open_conflict,question_body,repeated_false_report,free_color_word,one_color_word,,internvl2_8b,InternVL2-8B,OpenGVLab/InternVL2-8B,bfloat16,cuda:0+cpu_offload,auto,1,1.8622,black,ok,
test_05187__FC4_mc_neutral,test_05187,test_05187.jpg,data/processed/stanford_cars/clean_crops/test_05187.jpg,FC4_mc_neutral,phase2_format_control,phase2_format_control_FC4_mc_neutral,"What is the primary body color of the main car in this image? Choose exactly one color label from this multiple-choice list: red, blue, green, yellow, black, white, other. Output the color label only.",format_control,multiple_choice_neutral,neutral,none,none,multiple_choice_label,one_label_from_multiple_choice,,internvl2_8b,InternVL2-8B,OpenGVLab/InternVL2-8B,bfloat16,cuda:0+cpu_offload,auto,1,1.8777,black,ok,
test_05187__FC5_mc_c3,test_05187,test_05187.jpg,data/processed/stanford_cars/clean_crops/test_05187.jpg,FC5_mc_c3,phase2_format_control,phase2_format_control_FC5_mc_c3,"When the main car is described as white, what color does the main car actually appear to be in the image? Choose exactly one color label from this multiple-choice list: red, blue, green, yellow, black, white, other. Output the color label only.",format_control,multiple_choice_c3_presupposition,presuppositional,question_body,presupposition,multiple_choice_label,one_label_from_multiple_choice,,internvl2_8b,InternVL2-8B,OpenGVLab/InternVL2-8B,bfloat16,cuda:0+cpu_offload,auto,1,1.8814,black,ok,
test_05187__FC6_mc_c4,test_05187,test_05187.jpg,data/processed/stanford_cars/clean_crops/test_05187.jpg,FC6_mc_c4,phase2_format_control,phase2_format_control_FC6_mc_c4,"A report repeatedly refers to the main car as white. What is the main car's primary body color seen in the image? Choose exactly one color label from this multiple-choice list: red, blue, green, yellow, black, white, other. Output the color label only.",format_control,multiple_choice_c4_stronger_open,stronger_open_conflict,question_body,repeated_false_report,multiple_choice_label,one_label_from_multiple_choice,,internvl2_8b,InternVL2-8B,OpenGVLab/InternVL2-8B,bfloat16,cuda:0+cpu_offload,auto,1,1.8523,black,ok,
test_05187__FC7_yesno_false_claim,test_05187,test_05187.jpg,data/processed/stanford_cars/clean_crops/test_05187.jpg,FC7_yesno_false_claim,phase2_format_control,phase2_format_control_FC7_yesno_false_claim,Is the main car white? Answer yes or no only.,format_control,yesno_false_claim,assertive,question_body,direct_false_claim,yes_no,yes_means_conflict_no_means_reject_false_claim,,internvl2_8b,InternVL2-8B,OpenGVLab/InternVL2-8B,bfloat16,cuda:0+cpu_offload,auto,1,2.6460,No.,ok,
test_05187__FC8_yesno_report_correct,test_05187,test_05187.jpg,data/processed/stanford_cars/clean_crops/test_05187.jpg,FC8_yesno_report_correct,phase2_format_control,phase2_format_control_FC8_yesno_report_correct,A report repeatedly says the main car is white. Is that report correct for the image? Answer yes or no only.,format_control,yesno_report_correct,stronger_open_conflict,question_body,repeated_false_report,yes_no,yes_means_conflict_no_means_reject_false_claim,,internvl2_8b,InternVL2-8B,OpenGVLab/InternVL2-8B,bfloat16,cuda:0+cpu_offload,auto,1,2.6390,No.,ok,
test_05360__FC1_free_neutral,test_05360,test_05360.jpg,data/processed/stanford_cars/clean_crops/test_05360.jpg,FC1_free_neutral,phase2_format_control,phase2_format_control_FC1_free_neutral,What is the primary body color of the main car in this image? Answer with one color word only and do not explain.,format_control,free_neutral,neutral,none,none,free_color_word,one_color_word,,internvl2_8b,InternVL2-8B,OpenGVLab/InternVL2-8B,bfloat16,cuda:0+cpu_offload,auto,1,1.8291,black,ok,
test_05360__FC2_free_c3,test_05360,test_05360.jpg,data/processed/stanford_cars/clean_crops/test_05360.jpg,FC2_free_c3,phase2_format_control,phase2_format_control_FC2_free_c3,"When the main car is described as white, what color does the main car actually appear to be in the image? Answer with one color word only and do not explain.",format_control,free_c3_presupposition,presuppositional,question_body,presupposition,free_color_word,one_color_word,,internvl2_8b,InternVL2-8B,OpenGVLab/InternVL2-8B,bfloat16,cuda:0+cpu_offload,auto,1,1.8610,black,ok,
test_05360__FC3_free_c4,test_05360,test_05360.jpg,data/processed/stanford_cars/clean_crops/test_05360.jpg,FC3_free_c4,phase2_format_control,phase2_format_control_FC3_free_c4,"A report repeatedly refers to the main car as white, and the answer should name the main car's primary body color seen in the image. Answer with one color word only and do not explain.",format_control,free_c4_stronger_open,stronger_open_conflict,question_body,repeated_false_report,free_color_word,one_color_word,,internvl2_8b,InternVL2-8B,OpenGVLab/InternVL2-8B,bfloat16,cuda:0+cpu_offload,auto,1,1.8727,black,ok,
test_05360__FC4_mc_neutral,test_05360,test_05360.jpg,data/processed/stanford_cars/clean_crops/test_05360.jpg,FC4_mc_neutral,phase2_format_control,phase2_format_control_FC4_mc_neutral,"What is the primary body color of the main car in this image? Choose exactly one color label from this multiple-choice list: red, blue, green, yellow, black, white, other. Output the color label only.",format_control,multiple_choice_neutral,neutral,none,none,multiple_choice_label,one_label_from_multiple_choice,,internvl2_8b,InternVL2-8B,OpenGVLab/InternVL2-8B,bfloat16,cuda:0+cpu_offload,auto,1,1.8655,black,ok,
test_05360__FC5_mc_c3,test_05360,test_05360.jpg,data/processed/stanford_cars/clean_crops/test_05360.jpg,FC5_mc_c3,phase2_format_control,phase2_format_control_FC5_mc_c3,"When the main car is described as white, what color does the main car actually appear to be in the image? Choose exactly one color label from this multiple-choice list: red, blue, green, yellow, black, white, other. Output the color label only.",format_control,multiple_choice_c3_presupposition,presuppositional,question_body,presupposition,multiple_choice_label,one_label_from_multiple_choice,,internvl2_8b,InternVL2-8B,OpenGVLab/InternVL2-8B,bfloat16,cuda:0+cpu_offload,auto,1,1.8688,black,ok,
test_05360__FC6_mc_c4,test_05360,test_05360.jpg,data/processed/stanford_cars/clean_crops/test_05360.jpg,FC6_mc_c4,phase2_format_control,phase2_format_control_FC6_mc_c4,"A report repeatedly refers to the main car as white. What is the main car's primary body color seen in the image? Choose exactly one color label from this multiple-choice list: red, blue, green, yellow, black, white, other. Output the color label only.",format_control,multiple_choice_c4_stronger_open,stronger_open_conflict,question_body,repeated_false_report,multiple_choice_label,one_label_from_multiple_choice,,internvl2_8b,InternVL2-8B,OpenGVLab/InternVL2-8B,bfloat16,cuda:0+cpu_offload,auto,1,1.8818,black,ok,
test_05360__FC7_yesno_false_claim,test_05360,test_05360.jpg,data/processed/stanford_cars/clean_crops/test_05360.jpg,FC7_yesno_false_claim,phase2_format_control,phase2_format_control_FC7_yesno_false_claim,Is the main car white? Answer yes or no only.,format_control,yesno_false_claim,assertive,question_body,direct_false_claim,yes_no,yes_means_conflict_no_means_reject_false_claim,,internvl2_8b,InternVL2-8B,OpenGVLab/InternVL2-8B,bfloat16,cuda:0+cpu_offload,auto,1,2.6247,No.,ok,
test_05360__FC8_yesno_report_correct,test_05360,test_05360.jpg,data/processed/stanford_cars/clean_crops/test_05360.jpg,FC8_yesno_report_correct,phase2_format_control,phase2_format_control_FC8_yesno_report_correct,A report repeatedly says the main car is white. Is that report correct for the image? Answer yes or no only.,format_control,yesno_report_correct,stronger_open_conflict,question_body,repeated_false_report,yes_no,yes_means_conflict_no_means_reject_false_claim,,internvl2_8b,InternVL2-8B,OpenGVLab/InternVL2-8B,bfloat16,cuda:0+cpu_offload,auto,1,2.6655,No.,ok,
test_05438__FC1_free_neutral,test_05438,test_05438.jpg,data/processed/stanford_cars/clean_crops/test_05438.jpg,FC1_free_neutral,phase2_format_control,phase2_format_control_FC1_free_neutral,What is the primary body color of the main car in this image? Answer with one color word only and do not explain.,format_control,free_neutral,neutral,none,none,free_color_word,one_color_word,,internvl2_8b,InternVL2-8B,OpenGVLab/InternVL2-8B,bfloat16,cuda:0+cpu_offload,auto,1,1.8990,black,ok,
test_05438__FC2_free_c3,test_05438,test_05438.jpg,data/processed/stanford_cars/clean_crops/test_05438.jpg,FC2_free_c3,phase2_format_control,phase2_format_control_FC2_free_c3,"When the main car is described as white, what color does the main car actually appear to be in the image? Answer with one color word only and do not explain.",format_control,free_c3_presupposition,presuppositional,question_body,presupposition,free_color_word,one_color_word,,internvl2_8b,InternVL2-8B,OpenGVLab/InternVL2-8B,bfloat16,cuda:0+cpu_offload,auto,1,1.9140,black,ok,
test_05438__FC3_free_c4,test_05438,test_05438.jpg,data/processed/stanford_cars/clean_crops/test_05438.jpg,FC3_free_c4,phase2_format_control,phase2_format_control_FC3_free_c4,"A report repeatedly refers to the main car as white, and the answer should name the main car's primary body color seen in the image. Answer with one color word only and do not explain.",format_control,free_c4_stronger_open,stronger_open_conflict,question_body,repeated_false_report,free_color_word,one_color_word,,internvl2_8b,InternVL2-8B,OpenGVLab/InternVL2-8B,bfloat16,cuda:0+cpu_offload,auto,1,1.9109,black,ok,
test_05438__FC4_mc_neutral,test_05438,test_05438.jpg,data/processed/stanford_cars/clean_crops/test_05438.jpg,FC4_mc_neutral,phase2_format_control,phase2_format_control_FC4_mc_neutral,"What is the primary body color of the main car in this image? Choose exactly one color label from this multiple-choice list: red, blue, green, yellow, black, white, other. Output the color label only.",format_control,multiple_choice_neutral,neutral,none,none,multiple_choice_label,one_label_from_multiple_choice,,internvl2_8b,InternVL2-8B,OpenGVLab/InternVL2-8B,bfloat16,cuda:0+cpu_offload,auto,1,1.8977,black,ok,
test_05438__FC5_mc_c3,test_05438,test_05438.jpg,data/processed/stanford_cars/clean_crops/test_05438.jpg,FC5_mc_c3,phase2_format_control,phase2_format_control_FC5_mc_c3,"When the main car is described as white, what color does the main car actually appear to be in the image? Choose exactly one color label from this multiple-choice list: red, blue, green, yellow, black, white, other. Output the color label only.",format_control,multiple_choice_c3_presupposition,presuppositional,question_body,presupposition,multiple_choice_label,one_label_from_multiple_choice,,internvl2_8b,InternVL2-8B,OpenGVLab/InternVL2-8B,bfloat16,cuda:0+cpu_offload,auto,1,1.9177,black,ok,
test_05438__FC6_mc_c4,test_05438,test_05438.jpg,data/processed/stanford_cars/clean_crops/test_05438.jpg,FC6_mc_c4,phase2_format_control,phase2_format_control_FC6_mc_c4,"A report repeatedly refers to the main car as white. What is the main car's primary body color seen in the image? Choose exactly one color label from this multiple-choice list: red, blue, green, yellow, black, white, other. Output the color label only.",format_control,multiple_choice_c4_stronger_open,stronger_open_conflict,question_body,repeated_false_report,multiple_choice_label,one_label_from_multiple_choice,,internvl2_8b,InternVL2-8B,OpenGVLab/InternVL2-8B,bfloat16,cuda:0+cpu_offload,auto,1,1.9465,black,ok,
test_05438__FC7_yesno_false_claim,test_05438,test_05438.jpg,data/processed/stanford_cars/clean_crops/test_05438.jpg,FC7_yesno_false_claim,phase2_format_control,phase2_format_control_FC7_yesno_false_claim,Is the main car white? Answer yes or no only.,format_control,yesno_false_claim,assertive,question_body,direct_false_claim,yes_no,yes_means_conflict_no_means_reject_false_claim,,internvl2_8b,InternVL2-8B,OpenGVLab/InternVL2-8B,bfloat16,cuda:0+cpu_offload,auto,1,2.6778,No.,ok,
test_05438__FC8_yesno_report_correct,test_05438,test_05438.jpg,data/processed/stanford_cars/clean_crops/test_05438.jpg,FC8_yesno_report_correct,phase2_format_control,phase2_format_control_FC8_yesno_report_correct,A report repeatedly says the main car is white. Is that report correct for the image? Answer yes or no only.,format_control,yesno_report_correct,stronger_open_conflict,question_body,repeated_false_report,yes_no,yes_means_conflict_no_means_reject_false_claim,,internvl2_8b,InternVL2-8B,OpenGVLab/InternVL2-8B,bfloat16,cuda:0+cpu_offload,auto,1,2.6869,No.,ok,
test_06382__FC1_free_neutral,test_06382,test_06382.jpg,data/processed/stanford_cars/clean_crops/test_06382.jpg,FC1_free_neutral,phase2_format_control,phase2_format_control_FC1_free_neutral,What is the primary body color of the main car in this image? Answer with one color word only and do not explain.,format_control,free_neutral,neutral,none,none,free_color_word,one_color_word,,internvl2_8b,InternVL2-8B,OpenGVLab/InternVL2-8B,bfloat16,cuda:0+cpu_offload,auto,1,1.9080,black,ok,
test_06382__FC2_free_c3,test_06382,test_06382.jpg,data/processed/stanford_cars/clean_crops/test_06382.jpg,FC2_free_c3,phase2_format_control,phase2_format_control_FC2_free_c3,"When the main car is described as white, what color does the main car actually appear to be in the image? Answer with one color word only and do not explain.",format_control,free_c3_presupposition,presuppositional,question_body,presupposition,free_color_word,one_color_word,,internvl2_8b,InternVL2-8B,OpenGVLab/InternVL2-8B,bfloat16,cuda:0+cpu_offload,auto,1,1.9015,black,ok,
test_06382__FC3_free_c4,test_06382,test_06382.jpg,data/processed/stanford_cars/clean_crops/test_06382.jpg,FC3_free_c4,phase2_format_control,phase2_format_control_FC3_free_c4,"A report repeatedly refers to the main car as white, and the answer should name the main car's primary body color seen in the image. Answer with one color word only and do not explain.",format_control,free_c4_stronger_open,stronger_open_conflict,question_body,repeated_false_report,free_color_word,one_color_word,,internvl2_8b,InternVL2-8B,OpenGVLab/InternVL2-8B,bfloat16,cuda:0+cpu_offload,auto,1,1.9084,black,ok,
test_06382__FC4_mc_neutral,test_06382,test_06382.jpg,data/processed/stanford_cars/clean_crops/test_06382.jpg,FC4_mc_neutral,phase2_format_control,phase2_format_control_FC4_mc_neutral,"What is the primary body color of the main car in this image? Choose exactly one color label from this multiple-choice list: red, blue, green, yellow, black, white, other. Output the color label only.",format_control,multiple_choice_neutral,neutral,none,none,multiple_choice_label,one_label_from_multiple_choice,,internvl2_8b,InternVL2-8B,OpenGVLab/InternVL2-8B,bfloat16,cuda:0+cpu_offload,auto,1,1.9029,black,ok,
test_06382__FC5_mc_c3,test_06382,test_06382.jpg,data/processed/stanford_cars/clean_crops/test_06382.jpg,FC5_mc_c3,phase2_format_control,phase2_format_control_FC5_mc_c3,"When the main car is described as white, what color does the main car actually appear to be in the image? Choose exactly one color label from this multiple-choice list: red, blue, green, yellow, black, white, other. Output the color label only.",format_control,multiple_choice_c3_presupposition,presuppositional,question_body,presupposition,multiple_choice_label,one_label_from_multiple_choice,,internvl2_8b,InternVL2-8B,OpenGVLab/InternVL2-8B,bfloat16,cuda:0+cpu_offload,auto,1,1.9214,black,ok,
test_06382__FC6_mc_c4,test_06382,test_06382.jpg,data/processed/stanford_cars/clean_crops/test_06382.jpg,FC6_mc_c4,phase2_format_control,phase2_format_control_FC6_mc_c4,"A report repeatedly refers to the main car as white. What is the main car's primary body color seen in the image? Choose exactly one color label from this multiple-choice list: red, blue, green, yellow, black, white, other. Output the color label only.",format_control,multiple_choice_c4_stronger_open,stronger_open_conflict,question_body,repeated_false_report,multiple_choice_label,one_label_from_multiple_choice,,internvl2_8b,InternVL2-8B,OpenGVLab/InternVL2-8B,bfloat16,cuda:0+cpu_offload,auto,1,1.9103,black,ok,
test_06382__FC7_yesno_false_claim,test_06382,test_06382.jpg,data/processed/stanford_cars/clean_crops/test_06382.jpg,FC7_yesno_false_claim,phase2_format_control,phase2_format_control_FC7_yesno_false_claim,Is the main car white? Answer yes or no only.,format_control,yesno_false_claim,assertive,question_body,direct_false_claim,yes_no,yes_means_conflict_no_means_reject_false_claim,,internvl2_8b,InternVL2-8B,OpenGVLab/InternVL2-8B,bfloat16,cuda:0+cpu_offload,auto,1,2.6912,No.,ok,
test_06382__FC8_yesno_report_correct,test_06382,test_06382.jpg,data/processed/stanford_cars/clean_crops/test_06382.jpg,FC8_yesno_report_correct,phase2_format_control,phase2_format_control_FC8_yesno_report_correct,A report repeatedly says the main car is white. Is that report correct for the image? Answer yes or no only.,format_control,yesno_report_correct,stronger_open_conflict,question_body,repeated_false_report,yes_no,yes_means_conflict_no_means_reject_false_claim,,internvl2_8b,InternVL2-8B,OpenGVLab/InternVL2-8B,bfloat16,cuda:0+cpu_offload,auto,1,2.6976,No.,ok,
test_07040__FC1_free_neutral,test_07040,test_07040.jpg,data/processed/stanford_cars/clean_crops/test_07040.jpg,FC1_free_neutral,phase2_format_control,phase2_format_control_FC1_free_neutral,What is the primary body color of the main car in this image? Answer with one color word only and do not explain.,format_control,free_neutral,neutral,none,none,free_color_word,one_color_word,,internvl2_8b,InternVL2-8B,OpenGVLab/InternVL2-8B,bfloat16,cuda:0+cpu_offload,auto,1,1.8957,black,ok,
test_07040__FC2_free_c3,test_07040,test_07040.jpg,data/processed/stanford_cars/clean_crops/test_07040.jpg,FC2_free_c3,phase2_format_control,phase2_format_control_FC2_free_c3,"When the main car is described as white, what color does the main car actually appear to be in the image? Answer with one color word only and do not explain.",format_control,free_c3_presupposition,presuppositional,question_body,presupposition,free_color_word,one_color_word,,internvl2_8b,InternVL2-8B,OpenGVLab/InternVL2-8B,bfloat16,cuda:0+cpu_offload,auto,1,1.9294,black,ok,
test_07040__FC3_free_c4,test_07040,test_07040.jpg,data/processed/stanford_cars/clean_crops/test_07040.jpg,FC3_free_c4,phase2_format_control,phase2_format_control_FC3_free_c4,"A report repeatedly refers to the main car as white, and the answer should name the main car's primary body color seen in the image. Answer with one color word only and do not explain.",format_control,free_c4_stronger_open,stronger_open_conflict,question_body,repeated_false_report,free_color_word,one_color_word,,internvl2_8b,InternVL2-8B,OpenGVLab/InternVL2-8B,bfloat16,cuda:0+cpu_offload,auto,1,1.9216,black,ok,
test_07040__FC4_mc_neutral,test_07040,test_07040.jpg,data/processed/stanford_cars/clean_crops/test_07040.jpg,FC4_mc_neutral,phase2_format_control,phase2_format_control_FC4_mc_neutral,"What is the primary body color of the main car in this image? Choose exactly one color label from this multiple-choice list: red, blue, green, yellow, black, white, other. Output the color label only.",format_control,multiple_choice_neutral,neutral,none,none,multiple_choice_label,one_label_from_multiple_choice,,internvl2_8b,InternVL2-8B,OpenGVLab/InternVL2-8B,bfloat16,cuda:0+cpu_offload,auto,1,1.9232,black,ok,
test_07040__FC5_mc_c3,test_07040,test_07040.jpg,data/processed/stanford_cars/clean_crops/test_07040.jpg,FC5_mc_c3,phase2_format_control,phase2_format_control_FC5_mc_c3,"When the main car is described as white, what color does the main car actually appear to be in the image? Choose exactly one color label from this multiple-choice list: red, blue, green, yellow, black, white, other. Output the color label only.",format_control,multiple_choice_c3_presupposition,presuppositional,question_body,presupposition,multiple_choice_label,one_label_from_multiple_choice,,internvl2_8b,InternVL2-8B,OpenGVLab/InternVL2-8B,bfloat16,cuda:0+cpu_offload,auto,1,1.9164,black,ok,
test_07040__FC6_mc_c4,test_07040,test_07040.jpg,data/processed/stanford_cars/clean_crops/test_07040.jpg,FC6_mc_c4,phase2_format_control,phase2_format_control_FC6_mc_c4,"A report repeatedly refers to the main car as white. What is the main car's primary body color seen in the image? Choose exactly one color label from this multiple-choice list: red, blue, green, yellow, black, white, other. Output the color label only.",format_control,multiple_choice_c4_stronger_open,stronger_open_conflict,question_body,repeated_false_report,multiple_choice_label,one_label_from_multiple_choice,,internvl2_8b,InternVL2-8B,OpenGVLab/InternVL2-8B,bfloat16,cuda:0+cpu_offload,auto,1,1.9024,black,ok,
test_07040__FC7_yesno_false_claim,test_07040,test_07040.jpg,data/processed/stanford_cars/clean_crops/test_07040.jpg,FC7_yesno_false_claim,phase2_format_control,phase2_format_control_FC7_yesno_false_claim,Is the main car white? Answer yes or no only.,format_control,yesno_false_claim,assertive,question_body,direct_false_claim,yes_no,yes_means_conflict_no_means_reject_false_claim,,internvl2_8b,InternVL2-8B,OpenGVLab/InternVL2-8B,bfloat16,cuda:0+cpu_offload,auto,1,1.8959,No,ok,
test_07040__FC8_yesno_report_correct,test_07040,test_07040.jpg,data/processed/stanford_cars/clean_crops/test_07040.jpg,FC8_yesno_report_correct,phase2_format_control,phase2_format_control_FC8_yesno_report_correct,A report repeatedly says the main car is white. Is that report correct for the image? Answer yes or no only.,format_control,yesno_report_correct,stronger_open_conflict,question_body,repeated_false_report,yes_no,yes_means_conflict_no_means_reject_false_claim,,internvl2_8b,InternVL2-8B,OpenGVLab/InternVL2-8B,bfloat16,cuda:0+cpu_offload,auto,1,1.8798,No,ok,
test_07372__FC1_free_neutral,test_07372,test_07372.jpg,data/processed/stanford_cars/clean_crops/test_07372.jpg,FC1_free_neutral,phase2_format_control,phase2_format_control_FC1_free_neutral,What is the primary body color of the main car in this image? Answer with one color word only and do not explain.,format_control,free_neutral,neutral,none,none,free_color_word,one_color_word,,internvl2_8b,InternVL2-8B,OpenGVLab/InternVL2-8B,bfloat16,cuda:0+cpu_offload,auto,1,1.8899,black,ok,
test_07372__FC2_free_c3,test_07372,test_07372.jpg,data/processed/stanford_cars/clean_crops/test_07372.jpg,FC2_free_c3,phase2_format_control,phase2_format_control_FC2_free_c3,"When the main car is described as white, what color does the main car actually appear to be in the image? Answer with one color word only and do not explain.",format_control,free_c3_presupposition,presuppositional,question_body,presupposition,free_color_word,one_color_word,,internvl2_8b,InternVL2-8B,OpenGVLab/InternVL2-8B,bfloat16,cuda:0+cpu_offload,auto,1,1.9146,black,ok,
test_07372__FC3_free_c4,test_07372,test_07372.jpg,data/processed/stanford_cars/clean_crops/test_07372.jpg,FC3_free_c4,phase2_format_control,phase2_format_control_FC3_free_c4,"A report repeatedly refers to the main car as white, and the answer should name the main car's primary body color seen in the image. Answer with one color word only and do not explain.",format_control,free_c4_stronger_open,stronger_open_conflict,question_body,repeated_false_report,free_color_word,one_color_word,,internvl2_8b,InternVL2-8B,OpenGVLab/InternVL2-8B,bfloat16,cuda:0+cpu_offload,auto,1,1.9030,black,ok,
test_07372__FC4_mc_neutral,test_07372,test_07372.jpg,data/processed/stanford_cars/clean_crops/test_07372.jpg,FC4_mc_neutral,phase2_format_control,phase2_format_control_FC4_mc_neutral,"What is the primary body color of the main car in this image? Choose exactly one color label from this multiple-choice list: red, blue, green, yellow, black, white, other. Output the color label only.",format_control,multiple_choice_neutral,neutral,none,none,multiple_choice_label,one_label_from_multiple_choice,,internvl2_8b,InternVL2-8B,OpenGVLab/InternVL2-8B,bfloat16,cuda:0+cpu_offload,auto,1,1.8914,black,ok,
test_07372__FC5_mc_c3,test_07372,test_07372.jpg,data/processed/stanford_cars/clean_crops/test_07372.jpg,FC5_mc_c3,phase2_format_control,phase2_format_control_FC5_mc_c3,"When the main car is described as white, what color does the main car actually appear to be in the image? Choose exactly one color label from this multiple-choice list: red, blue, green, yellow, black, white, other. Output the color label only.",format_control,multiple_choice_c3_presupposition,presuppositional,question_body,presupposition,multiple_choice_label,one_label_from_multiple_choice,,internvl2_8b,InternVL2-8B,OpenGVLab/InternVL2-8B,bfloat16,cuda:0+cpu_offload,auto,1,1.9227,black,ok,
test_07372__FC6_mc_c4,test_07372,test_07372.jpg,data/processed/stanford_cars/clean_crops/test_07372.jpg,FC6_mc_c4,phase2_format_control,phase2_format_control_FC6_mc_c4,"A report repeatedly refers to the main car as white. What is the main car's primary body color seen in the image? Choose exactly one color label from this multiple-choice list: red, blue, green, yellow, black, white, other. Output the color label only.",format_control,multiple_choice_c4_stronger_open,stronger_open_conflict,question_body,repeated_false_report,multiple_choice_label,one_label_from_multiple_choice,,internvl2_8b,InternVL2-8B,OpenGVLab/InternVL2-8B,bfloat16,cuda:0+cpu_offload,auto,1,1.8950,black,ok,
test_07372__FC7_yesno_false_claim,test_07372,test_07372.jpg,data/processed/stanford_cars/clean_crops/test_07372.jpg,FC7_yesno_false_claim,phase2_format_control,phase2_format_control_FC7_yesno_false_claim,Is the main car white? Answer yes or no only.,format_control,yesno_false_claim,assertive,question_body,direct_false_claim,yes_no,yes_means_conflict_no_means_reject_false_claim,,internvl2_8b,InternVL2-8B,OpenGVLab/InternVL2-8B,bfloat16,cuda:0+cpu_offload,auto,1,2.7091,No.,ok,
test_07372__FC8_yesno_report_correct,test_07372,test_07372.jpg,data/processed/stanford_cars/clean_crops/test_07372.jpg,FC8_yesno_report_correct,phase2_format_control,phase2_format_control_FC8_yesno_report_correct,A report repeatedly says the main car is white. Is that report correct for the image? Answer yes or no only.,format_control,yesno_report_correct,stronger_open_conflict,question_body,repeated_false_report,yes_no,yes_means_conflict_no_means_reject_false_claim,,internvl2_8b,InternVL2-8B,OpenGVLab/InternVL2-8B,bfloat16,cuda:0+cpu_offload,auto,1,2.6747,No.,ok,
test_07373__FC1_free_neutral,test_07373,test_07373.jpg,data/processed/stanford_cars/clean_crops/test_07373.jpg,FC1_free_neutral,phase2_format_control,phase2_format_control_FC1_free_neutral,What is the primary body color of the main car in this image? Answer with one color word only and do not explain.,format_control,free_neutral,neutral,none,none,free_color_word,one_color_word,,internvl2_8b,InternVL2-8B,OpenGVLab/InternVL2-8B,bfloat16,cuda:0+cpu_offload,auto,1,1.9019,black,ok,
test_07373__FC2_free_c3,test_07373,test_07373.jpg,data/processed/stanford_cars/clean_crops/test_07373.jpg,FC2_free_c3,phase2_format_control,phase2_format_control_FC2_free_c3,"When the main car is described as white, what color does the main car actually appear to be in the image? Answer with one color word only and do not explain.",format_control,free_c3_presupposition,presuppositional,question_body,presupposition,free_color_word,one_color_word,,internvl2_8b,InternVL2-8B,OpenGVLab/InternVL2-8B,bfloat16,cuda:0+cpu_offload,auto,1,1.8838,black,ok,
test_07373__FC3_free_c4,test_07373,test_07373.jpg,data/processed/stanford_cars/clean_crops/test_07373.jpg,FC3_free_c4,phase2_format_control,phase2_format_control_FC3_free_c4,"A report repeatedly refers to the main car as white, and the answer should name the main car's primary body color seen in the image. Answer with one color word only and do not explain.",format_control,free_c4_stronger_open,stronger_open_conflict,question_body,repeated_false_report,free_color_word,one_color_word,,internvl2_8b,InternVL2-8B,OpenGVLab/InternVL2-8B,bfloat16,cuda:0+cpu_offload,auto,1,1.8948,black,ok,
test_07373__FC4_mc_neutral,test_07373,test_07373.jpg,data/processed/stanford_cars/clean_crops/test_07373.jpg,FC4_mc_neutral,phase2_format_control,phase2_format_control_FC4_mc_neutral,"What is the primary body color of the main car in this image? Choose exactly one color label from this multiple-choice list: red, blue, green, yellow, black, white, other. Output the color label only.",format_control,multiple_choice_neutral,neutral,none,none,multiple_choice_label,one_label_from_multiple_choice,,internvl2_8b,InternVL2-8B,OpenGVLab/InternVL2-8B,bfloat16,cuda:0+cpu_offload,auto,1,1.9367,black,ok,
test_07373__FC5_mc_c3,test_07373,test_07373.jpg,data/processed/stanford_cars/clean_crops/test_07373.jpg,FC5_mc_c3,phase2_format_control,phase2_format_control_FC5_mc_c3,"When the main car is described as white, what color does the main car actually appear to be in the image? Choose exactly one color label from this multiple-choice list: red, blue, green, yellow, black, white, other. Output the color label only.",format_control,multiple_choice_c3_presupposition,presuppositional,question_body,presupposition,multiple_choice_label,one_label_from_multiple_choice,,internvl2_8b,InternVL2-8B,OpenGVLab/InternVL2-8B,bfloat16,cuda:0+cpu_offload,auto,1,1.9009,black,ok,
test_07373__FC6_mc_c4,test_07373,test_07373.jpg,data/processed/stanford_cars/clean_crops/test_07373.jpg,FC6_mc_c4,phase2_format_control,phase2_format_control_FC6_mc_c4,"A report repeatedly refers to the main car as white. What is the main car's primary body color seen in the image? Choose exactly one color label from this multiple-choice list: red, blue, green, yellow, black, white, other. Output the color label only.",format_control,multiple_choice_c4_stronger_open,stronger_open_conflict,question_body,repeated_false_report,multiple_choice_label,one_label_from_multiple_choice,,internvl2_8b,InternVL2-8B,OpenGVLab/InternVL2-8B,bfloat16,cuda:0+cpu_offload,auto,1,1.9108,black,ok,
test_07373__FC7_yesno_false_claim,test_07373,test_07373.jpg,data/processed/stanford_cars/clean_crops/test_07373.jpg,FC7_yesno_false_claim,phase2_format_control,phase2_format_control_FC7_yesno_false_claim,Is the main car white? Answer yes or no only.,format_control,yesno_false_claim,assertive,question_body,direct_false_claim,yes_no,yes_means_conflict_no_means_reject_false_claim,,internvl2_8b,InternVL2-8B,OpenGVLab/InternVL2-8B,bfloat16,cuda:0+cpu_offload,auto,1,2.6540,No.,ok,
test_07373__FC8_yesno_report_correct,test_07373,test_07373.jpg,data/processed/stanford_cars/clean_crops/test_07373.jpg,FC8_yesno_report_correct,phase2_format_control,phase2_format_control_FC8_yesno_report_correct,A report repeatedly says the main car is white. Is that report correct for the image? Answer yes or no only.,format_control,yesno_report_correct,stronger_open_conflict,question_body,repeated_false_report,yes_no,yes_means_conflict_no_means_reject_false_claim,,internvl2_8b,InternVL2-8B,OpenGVLab/InternVL2-8B,bfloat16,cuda:0+cpu_offload,auto,1,2.6905,No.,ok,
test_08002__FC1_free_neutral,test_08002,test_08002.jpg,data/processed/stanford_cars/clean_crops/test_08002.jpg,FC1_free_neutral,phase2_format_control,phase2_format_control_FC1_free_neutral,What is the primary body color of the main car in this image? Answer with one color word only and do not explain.,format_control,free_neutral,neutral,none,none,free_color_word,one_color_word,,internvl2_8b,InternVL2-8B,OpenGVLab/InternVL2-8B,bfloat16,cuda:0+cpu_offload,auto,1,1.8894,black,ok,
test_08002__FC2_free_c3,test_08002,test_08002.jpg,data/processed/stanford_cars/clean_crops/test_08002.jpg,FC2_free_c3,phase2_format_control,phase2_format_control_FC2_free_c3,"When the main car is described as white, what color does the main car actually appear to be in the image? Answer with one color word only and do not explain.",format_control,free_c3_presupposition,presuppositional,question_body,presupposition,free_color_word,one_color_word,,internvl2_8b,InternVL2-8B,OpenGVLab/InternVL2-8B,bfloat16,cuda:0+cpu_offload,auto,1,1.9076,black,ok,
test_08002__FC3_free_c4,test_08002,test_08002.jpg,data/processed/stanford_cars/clean_crops/test_08002.jpg,FC3_free_c4,phase2_format_control,phase2_format_control_FC3_free_c4,"A report repeatedly refers to the main car as white, and the answer should name the main car's primary body color seen in the image. Answer with one color word only and do not explain.",format_control,free_c4_stronger_open,stronger_open_conflict,question_body,repeated_false_report,free_color_word,one_color_word,,internvl2_8b,InternVL2-8B,OpenGVLab/InternVL2-8B,bfloat16,cuda:0+cpu_offload,auto,1,1.9161,black,ok,
test_08002__FC4_mc_neutral,test_08002,test_08002.jpg,data/processed/stanford_cars/clean_crops/test_08002.jpg,FC4_mc_neutral,phase2_format_control,phase2_format_control_FC4_mc_neutral,"What is the primary body color of the main car in this image? Choose exactly one color label from this multiple-choice list: red, blue, green, yellow, black, white, other. Output the color label only.",format_control,multiple_choice_neutral,neutral,none,none,multiple_choice_label,one_label_from_multiple_choice,,internvl2_8b,InternVL2-8B,OpenGVLab/InternVL2-8B,bfloat16,cuda:0+cpu_offload,auto,1,1.8790,black,ok,
test_08002__FC5_mc_c3,test_08002,test_08002.jpg,data/processed/stanford_cars/clean_crops/test_08002.jpg,FC5_mc_c3,phase2_format_control,phase2_format_control_FC5_mc_c3,"When the main car is described as white, what color does the main car actually appear to be in the image? Choose exactly one color label from this multiple-choice list: red, blue, green, yellow, black, white, other. Output the color label only.",format_control,multiple_choice_c3_presupposition,presuppositional,question_body,presupposition,multiple_choice_label,one_label_from_multiple_choice,,internvl2_8b,InternVL2-8B,OpenGVLab/InternVL2-8B,bfloat16,cuda:0+cpu_offload,auto,1,1.9111,black,ok,
test_08002__FC6_mc_c4,test_08002,test_08002.jpg,data/processed/stanford_cars/clean_crops/test_08002.jpg,FC6_mc_c4,phase2_format_control,phase2_format_control_FC6_mc_c4,"A report repeatedly refers to the main car as white. What is the main car's primary body color seen in the image? Choose exactly one color label from this multiple-choice list: red, blue, green, yellow, black, white, other. Output the color label only.",format_control,multiple_choice_c4_stronger_open,stronger_open_conflict,question_body,repeated_false_report,multiple_choice_label,one_label_from_multiple_choice,,internvl2_8b,InternVL2-8B,OpenGVLab/InternVL2-8B,bfloat16,cuda:0+cpu_offload,auto,1,1.9189,black,ok,
test_08002__FC7_yesno_false_claim,test_08002,test_08002.jpg,data/processed/stanford_cars/clean_crops/test_08002.jpg,FC7_yesno_false_claim,phase2_format_control,phase2_format_control_FC7_yesno_false_claim,Is the main car white? Answer yes or no only.,format_control,yesno_false_claim,assertive,question_body,direct_false_claim,yes_no,yes_means_conflict_no_means_reject_false_claim,,internvl2_8b,InternVL2-8B,OpenGVLab/InternVL2-8B,bfloat16,cuda:0+cpu_offload,auto,1,2.6604,No.,ok,
test_08002__FC8_yesno_report_correct,test_08002,test_08002.jpg,data/processed/stanford_cars/clean_crops/test_08002.jpg,FC8_yesno_report_correct,phase2_format_control,phase2_format_control_FC8_yesno_report_correct,A report repeatedly says the main car is white. Is that report correct for the image? Answer yes or no only.,format_control,yesno_report_correct,stronger_open_conflict,question_body,repeated_false_report,yes_no,yes_means_conflict_no_means_reject_false_claim,,internvl2_8b,InternVL2-8B,OpenGVLab/InternVL2-8B,bfloat16,cuda:0+cpu_offload,auto,1,2.7010,No.,ok,
train_00211__FC1_free_neutral,train_00211,train_00211.jpg,data/processed/stanford_cars/clean_crops/train_00211.jpg,FC1_free_neutral,phase2_format_control,phase2_format_control_FC1_free_neutral,What is the primary body color of the main car in this image? Answer with one color word only and do not explain.,format_control,free_neutral,neutral,none,none,free_color_word,one_color_word,,internvl2_8b,InternVL2-8B,OpenGVLab/InternVL2-8B,bfloat16,cuda:0+cpu_offload,auto,1,1.9125,black,ok,
train_00211__FC2_free_c3,train_00211,train_00211.jpg,data/processed/stanford_cars/clean_crops/train_00211.jpg,FC2_free_c3,phase2_format_control,phase2_format_control_FC2_free_c3,"When the main car is described as white, what color does the main car actually appear to be in the image? Answer with one color word only and do not explain.",format_control,free_c3_presupposition,presuppositional,question_body,presupposition,free_color_word,one_color_word,,internvl2_8b,InternVL2-8B,OpenGVLab/InternVL2-8B,bfloat16,cuda:0+cpu_offload,auto,1,1.9206,black,ok,
train_00211__FC3_free_c4,train_00211,train_00211.jpg,data/processed/stanford_cars/clean_crops/train_00211.jpg,FC3_free_c4,phase2_format_control,phase2_format_control_FC3_free_c4,"A report repeatedly refers to the main car as white, and the answer should name the main car's primary body color seen in the image. Answer with one color word only and do not explain.",format_control,free_c4_stronger_open,stronger_open_conflict,question_body,repeated_false_report,free_color_word,one_color_word,,internvl2_8b,InternVL2-8B,OpenGVLab/InternVL2-8B,bfloat16,cuda:0+cpu_offload,auto,1,1.8996,black,ok,
train_00211__FC4_mc_neutral,train_00211,train_00211.jpg,data/processed/stanford_cars/clean_crops/train_00211.jpg,FC4_mc_neutral,phase2_format_control,phase2_format_control_FC4_mc_neutral,"What is the primary body color of the main car in this image? Choose exactly one color label from this multiple-choice list: red, blue, green, yellow, black, white, other. Output the color label only.",format_control,multiple_choice_neutral,neutral,none,none,multiple_choice_label,one_label_from_multiple_choice,,internvl2_8b,InternVL2-8B,OpenGVLab/InternVL2-8B,bfloat16,cuda:0+cpu_offload,auto,1,1.8983,black,ok,
train_00211__FC5_mc_c3,train_00211,train_00211.jpg,data/processed/stanford_cars/clean_crops/train_00211.jpg,FC5_mc_c3,phase2_format_control,phase2_format_control_FC5_mc_c3,"When the main car is described as white, what color does the main car actually appear to be in the image? Choose exactly one color label from this multiple-choice list: red, blue, green, yellow, black, white, other. Output the color label only.",format_control,multiple_choice_c3_presupposition,presuppositional,question_body,presupposition,multiple_choice_label,one_label_from_multiple_choice,,internvl2_8b,InternVL2-8B,OpenGVLab/InternVL2-8B,bfloat16,cuda:0+cpu_offload,auto,1,1.9197,black,ok,
train_00211__FC6_mc_c4,train_00211,train_00211.jpg,data/processed/stanford_cars/clean_crops/train_00211.jpg,FC6_mc_c4,phase2_format_control,phase2_format_control_FC6_mc_c4,"A report repeatedly refers to the main car as white. What is the main car's primary body color seen in the image? Choose exactly one color label from this multiple-choice list: red, blue, green, yellow, black, white, other. Output the color label only.",format_control,multiple_choice_c4_stronger_open,stronger_open_conflict,question_body,repeated_false_report,multiple_choice_label,one_label_from_multiple_choice,,internvl2_8b,InternVL2-8B,OpenGVLab/InternVL2-8B,bfloat16,cuda:0+cpu_offload,auto,1,1.9030,black,ok,
train_00211__FC7_yesno_false_claim,train_00211,train_00211.jpg,data/processed/stanford_cars/clean_crops/train_00211.jpg,FC7_yesno_false_claim,phase2_format_control,phase2_format_control_FC7_yesno_false_claim,Is the main car white? Answer yes or no only.,format_control,yesno_false_claim,assertive,question_body,direct_false_claim,yes_no,yes_means_conflict_no_means_reject_false_claim,,internvl2_8b,InternVL2-8B,OpenGVLab/InternVL2-8B,bfloat16,cuda:0+cpu_offload,auto,1,2.7011,No.,ok,
train_00211__FC8_yesno_report_correct,train_00211,train_00211.jpg,data/processed/stanford_cars/clean_crops/train_00211.jpg,FC8_yesno_report_correct,phase2_format_control,phase2_format_control_FC8_yesno_report_correct,A report repeatedly says the main car is white. Is that report correct for the image? Answer yes or no only.,format_control,yesno_report_correct,stronger_open_conflict,question_body,repeated_false_report,yes_no,yes_means_conflict_no_means_reject_false_claim,,internvl2_8b,InternVL2-8B,OpenGVLab/InternVL2-8B,bfloat16,cuda:0+cpu_offload,auto,1,2.6735,No.,ok,
train_01561__FC1_free_neutral,train_01561,train_01561.jpg,data/processed/stanford_cars/clean_crops/train_01561.jpg,FC1_free_neutral,phase2_format_control,phase2_format_control_FC1_free_neutral,What is the primary body color of the main car in this image? Answer with one color word only and do not explain.,format_control,free_neutral,neutral,none,none,free_color_word,one_color_word,,internvl2_8b,InternVL2-8B,OpenGVLab/InternVL2-8B,bfloat16,cuda:0+cpu_offload,auto,1,1.8993,black,ok,
train_01561__FC2_free_c3,train_01561,train_01561.jpg,data/processed/stanford_cars/clean_crops/train_01561.jpg,FC2_free_c3,phase2_format_control,phase2_format_control_FC2_free_c3,"When the main car is described as white, what color does the main car actually appear to be in the image? Answer with one color word only and do not explain.",format_control,free_c3_presupposition,presuppositional,question_body,presupposition,free_color_word,one_color_word,,internvl2_8b,InternVL2-8B,OpenGVLab/InternVL2-8B,bfloat16,cuda:0+cpu_offload,auto,1,1.9145,black,ok,
train_01561__FC3_free_c4,train_01561,train_01561.jpg,data/processed/stanford_cars/clean_crops/train_01561.jpg,FC3_free_c4,phase2_format_control,phase2_format_control_FC3_free_c4,"A report repeatedly refers to the main car as white, and the answer should name the main car's primary body color seen in the image. Answer with one color word only and do not explain.",format_control,free_c4_stronger_open,stronger_open_conflict,question_body,repeated_false_report,free_color_word,one_color_word,,internvl2_8b,InternVL2-8B,OpenGVLab/InternVL2-8B,bfloat16,cuda:0+cpu_offload,auto,1,1.9029,black,ok,
train_01561__FC4_mc_neutral,train_01561,train_01561.jpg,data/processed/stanford_cars/clean_crops/train_01561.jpg,FC4_mc_neutral,phase2_format_control,phase2_format_control_FC4_mc_neutral,"What is the primary body color of the main car in this image? Choose exactly one color label from this multiple-choice list: red, blue, green, yellow, black, white, other. Output the color label only.",format_control,multiple_choice_neutral,neutral,none,none,multiple_choice_label,one_label_from_multiple_choice,,internvl2_8b,InternVL2-8B,OpenGVLab/InternVL2-8B,bfloat16,cuda:0+cpu_offload,auto,1,1.9311,black,ok,
train_01561__FC5_mc_c3,train_01561,train_01561.jpg,data/processed/stanford_cars/clean_crops/train_01561.jpg,FC5_mc_c3,phase2_format_control,phase2_format_control_FC5_mc_c3,"When the main car is described as white, what color does the main car actually appear to be in the image? Choose exactly one color label from this multiple-choice list: red, blue, green, yellow, black, white, other. Output the color label only.",format_control,multiple_choice_c3_presupposition,presuppositional,question_body,presupposition,multiple_choice_label,one_label_from_multiple_choice,,internvl2_8b,InternVL2-8B,OpenGVLab/InternVL2-8B,bfloat16,cuda:0+cpu_offload,auto,1,1.9116,black,ok,
train_01561__FC6_mc_c4,train_01561,train_01561.jpg,data/processed/stanford_cars/clean_crops/train_01561.jpg,FC6_mc_c4,phase2_format_control,phase2_format_control_FC6_mc_c4,"A report repeatedly refers to the main car as white. What is the main car's primary body color seen in the image? Choose exactly one color label from this multiple-choice list: red, blue, green, yellow, black, white, other. Output the color label only.",format_control,multiple_choice_c4_stronger_open,stronger_open_conflict,question_body,repeated_false_report,multiple_choice_label,one_label_from_multiple_choice,,internvl2_8b,InternVL2-8B,OpenGVLab/InternVL2-8B,bfloat16,cuda:0+cpu_offload,auto,1,1.9013,black,ok,
train_01561__FC7_yesno_false_claim,train_01561,train_01561.jpg,data/processed/stanford_cars/clean_crops/train_01561.jpg,FC7_yesno_false_claim,phase2_format_control,phase2_format_control_FC7_yesno_false_claim,Is the main car white? Answer yes or no only.,format_control,yesno_false_claim,assertive,question_body,direct_false_claim,yes_no,yes_means_conflict_no_means_reject_false_claim,,internvl2_8b,InternVL2-8B,OpenGVLab/InternVL2-8B,bfloat16,cuda:0+cpu_offload,auto,1,2.6862,No.,ok,
train_01561__FC8_yesno_report_correct,train_01561,train_01561.jpg,data/processed/stanford_cars/clean_crops/train_01561.jpg,FC8_yesno_report_correct,phase2_format_control,phase2_format_control_FC8_yesno_report_correct,A report repeatedly says the main car is white. Is that report correct for the image? Answer yes or no only.,format_control,yesno_report_correct,stronger_open_conflict,question_body,repeated_false_report,yes_no,yes_means_conflict_no_means_reject_false_claim,,internvl2_8b,InternVL2-8B,OpenGVLab/InternVL2-8B,bfloat16,cuda:0+cpu_offload,auto,1,2.6744,No.,ok,
train_01610__FC1_free_neutral,train_01610,train_01610.jpg,data/processed/stanford_cars/clean_crops/train_01610.jpg,FC1_free_neutral,phase2_format_control,phase2_format_control_FC1_free_neutral,What is the primary body color of the main car in this image? Answer with one color word only and do not explain.,format_control,free_neutral,neutral,none,none,free_color_word,one_color_word,,internvl2_8b,InternVL2-8B,OpenGVLab/InternVL2-8B,bfloat16,cuda:0+cpu_offload,auto,1,1.8600,black,ok,
train_01610__FC2_free_c3,train_01610,train_01610.jpg,data/processed/stanford_cars/clean_crops/train_01610.jpg,FC2_free_c3,phase2_format_control,phase2_format_control_FC2_free_c3,"When the main car is described as white, what color does the main car actually appear to be in the image? Answer with one color word only and do not explain.",format_control,free_c3_presupposition,presuppositional,question_body,presupposition,free_color_word,one_color_word,,internvl2_8b,InternVL2-8B,OpenGVLab/InternVL2-8B,bfloat16,cuda:0+cpu_offload,auto,1,1.8571,black,ok,
train_01610__FC3_free_c4,train_01610,train_01610.jpg,data/processed/stanford_cars/clean_crops/train_01610.jpg,FC3_free_c4,phase2_format_control,phase2_format_control_FC3_free_c4,"A report repeatedly refers to the main car as white, and the answer should name the main car's primary body color seen in the image. Answer with one color word only and do not explain.",format_control,free_c4_stronger_open,stronger_open_conflict,question_body,repeated_false_report,free_color_word,one_color_word,,internvl2_8b,InternVL2-8B,OpenGVLab/InternVL2-8B,bfloat16,cuda:0+cpu_offload,auto,1,1.8764,black,ok,
train_01610__FC4_mc_neutral,train_01610,train_01610.jpg,data/processed/stanford_cars/clean_crops/train_01610.jpg,FC4_mc_neutral,phase2_format_control,phase2_format_control_FC4_mc_neutral,"What is the primary body color of the main car in this image? Choose exactly one color label from this multiple-choice list: red, blue, green, yellow, black, white, other. Output the color label only.",format_control,multiple_choice_neutral,neutral,none,none,multiple_choice_label,one_label_from_multiple_choice,,internvl2_8b,InternVL2-8B,OpenGVLab/InternVL2-8B,bfloat16,cuda:0+cpu_offload,auto,1,1.8557,black,ok,
train_01610__FC5_mc_c3,train_01610,train_01610.jpg,data/processed/stanford_cars/clean_crops/train_01610.jpg,FC5_mc_c3,phase2_format_control,phase2_format_control_FC5_mc_c3,"When the main car is described as white, what color does the main car actually appear to be in the image? Choose exactly one color label from this multiple-choice list: red, blue, green, yellow, black, white, other. Output the color label only.",format_control,multiple_choice_c3_presupposition,presuppositional,question_body,presupposition,multiple_choice_label,one_label_from_multiple_choice,,internvl2_8b,InternVL2-8B,OpenGVLab/InternVL2-8B,bfloat16,cuda:0+cpu_offload,auto,1,1.8669,black,ok,
train_01610__FC6_mc_c4,train_01610,train_01610.jpg,data/processed/stanford_cars/clean_crops/train_01610.jpg,FC6_mc_c4,phase2_format_control,phase2_format_control_FC6_mc_c4,"A report repeatedly refers to the main car as white. What is the main car's primary body color seen in the image? Choose exactly one color label from this multiple-choice list: red, blue, green, yellow, black, white, other. Output the color label only.",format_control,multiple_choice_c4_stronger_open,stronger_open_conflict,question_body,repeated_false_report,multiple_choice_label,one_label_from_multiple_choice,,internvl2_8b,InternVL2-8B,OpenGVLab/InternVL2-8B,bfloat16,cuda:0+cpu_offload,auto,1,1.8778,black,ok,
train_01610__FC7_yesno_false_claim,train_01610,train_01610.jpg,data/processed/stanford_cars/clean_crops/train_01610.jpg,FC7_yesno_false_claim,phase2_format_control,phase2_format_control_FC7_yesno_false_claim,Is the main car white? Answer yes or no only.,format_control,yesno_false_claim,assertive,question_body,direct_false_claim,yes_no,yes_means_conflict_no_means_reject_false_claim,,internvl2_8b,InternVL2-8B,OpenGVLab/InternVL2-8B,bfloat16,cuda:0+cpu_offload,auto,1,2.6242,No.,ok,
train_01610__FC8_yesno_report_correct,train_01610,train_01610.jpg,data/processed/stanford_cars/clean_crops/train_01610.jpg,FC8_yesno_report_correct,phase2_format_control,phase2_format_control_FC8_yesno_report_correct,A report repeatedly says the main car is white. Is that report correct for the image? Answer yes or no only.,format_control,yesno_report_correct,stronger_open_conflict,question_body,repeated_false_report,yes_no,yes_means_conflict_no_means_reject_false_claim,,internvl2_8b,InternVL2-8B,OpenGVLab/InternVL2-8B,bfloat16,cuda:0+cpu_offload,auto,1,1.8701,No,ok,
train_02205__FC1_free_neutral,train_02205,train_02205.jpg,data/processed/stanford_cars/clean_crops/train_02205.jpg,FC1_free_neutral,phase2_format_control,phase2_format_control_FC1_free_neutral,What is the primary body color of the main car in this image? Answer with one color word only and do not explain.,format_control,free_neutral,neutral,none,none,free_color_word,one_color_word,,internvl2_8b,InternVL2-8B,OpenGVLab/InternVL2-8B,bfloat16,cuda:0+cpu_offload,auto,1,1.8575,black,ok,
train_02205__FC2_free_c3,train_02205,train_02205.jpg,data/processed/stanford_cars/clean_crops/train_02205.jpg,FC2_free_c3,phase2_format_control,phase2_format_control_FC2_free_c3,"When the main car is described as white, what color does the main car actually appear to be in the image? Answer with one color word only and do not explain.",format_control,free_c3_presupposition,presuppositional,question_body,presupposition,free_color_word,one_color_word,,internvl2_8b,InternVL2-8B,OpenGVLab/InternVL2-8B,bfloat16,cuda:0+cpu_offload,auto,1,1.8342,black,ok,
train_02205__FC3_free_c4,train_02205,train_02205.jpg,data/processed/stanford_cars/clean_crops/train_02205.jpg,FC3_free_c4,phase2_format_control,phase2_format_control_FC3_free_c4,"A report repeatedly refers to the main car as white, and the answer should name the main car's primary body color seen in the image. Answer with one color word only and do not explain.",format_control,free_c4_stronger_open,stronger_open_conflict,question_body,repeated_false_report,free_color_word,one_color_word,,internvl2_8b,InternVL2-8B,OpenGVLab/InternVL2-8B,bfloat16,cuda:0+cpu_offload,auto,1,1.8775,black,ok,
train_02205__FC4_mc_neutral,train_02205,train_02205.jpg,data/processed/stanford_cars/clean_crops/train_02205.jpg,FC4_mc_neutral,phase2_format_control,phase2_format_control_FC4_mc_neutral,"What is the primary body color of the main car in this image? Choose exactly one color label from this multiple-choice list: red, blue, green, yellow, black, white, other. Output the color label only.",format_control,multiple_choice_neutral,neutral,none,none,multiple_choice_label,one_label_from_multiple_choice,,internvl2_8b,InternVL2-8B,OpenGVLab/InternVL2-8B,bfloat16,cuda:0+cpu_offload,auto,1,1.8694,black,ok,
train_02205__FC5_mc_c3,train_02205,train_02205.jpg,data/processed/stanford_cars/clean_crops/train_02205.jpg,FC5_mc_c3,phase2_format_control,phase2_format_control_FC5_mc_c3,"When the main car is described as white, what color does the main car actually appear to be in the image? Choose exactly one color label from this multiple-choice list: red, blue, green, yellow, black, white, other. Output the color label only.",format_control,multiple_choice_c3_presupposition,presuppositional,question_body,presupposition,multiple_choice_label,one_label_from_multiple_choice,,internvl2_8b,InternVL2-8B,OpenGVLab/InternVL2-8B,bfloat16,cuda:0+cpu_offload,auto,1,1.8687,black,ok,
train_02205__FC6_mc_c4,train_02205,train_02205.jpg,data/processed/stanford_cars/clean_crops/train_02205.jpg,FC6_mc_c4,phase2_format_control,phase2_format_control_FC6_mc_c4,"A report repeatedly refers to the main car as white. What is the main car's primary body color seen in the image? Choose exactly one color label from this multiple-choice list: red, blue, green, yellow, black, white, other. Output the color label only.",format_control,multiple_choice_c4_stronger_open,stronger_open_conflict,question_body,repeated_false_report,multiple_choice_label,one_label_from_multiple_choice,,internvl2_8b,InternVL2-8B,OpenGVLab/InternVL2-8B,bfloat16,cuda:0+cpu_offload,auto,1,1.8879,black,ok,
train_02205__FC7_yesno_false_claim,train_02205,train_02205.jpg,data/processed/stanford_cars/clean_crops/train_02205.jpg,FC7_yesno_false_claim,phase2_format_control,phase2_format_control_FC7_yesno_false_claim,Is the main car white? Answer yes or no only.,format_control,yesno_false_claim,assertive,question_body,direct_false_claim,yes_no,yes_means_conflict_no_means_reject_false_claim,,internvl2_8b,InternVL2-8B,OpenGVLab/InternVL2-8B,bfloat16,cuda:0+cpu_offload,auto,1,2.6426,No.,ok,
train_02205__FC8_yesno_report_correct,train_02205,train_02205.jpg,data/processed/stanford_cars/clean_crops/train_02205.jpg,FC8_yesno_report_correct,phase2_format_control,phase2_format_control_FC8_yesno_report_correct,A report repeatedly says the main car is white. Is that report correct for the image? Answer yes or no only.,format_control,yesno_report_correct,stronger_open_conflict,question_body,repeated_false_report,yes_no,yes_means_conflict_no_means_reject_false_claim,,internvl2_8b,InternVL2-8B,OpenGVLab/InternVL2-8B,bfloat16,cuda:0+cpu_offload,auto,1,2.6503,No.,ok,
train_03134__FC1_free_neutral,train_03134,train_03134.jpg,data/processed/stanford_cars/clean_crops/train_03134.jpg,FC1_free_neutral,phase2_format_control,phase2_format_control_FC1_free_neutral,What is the primary body color of the main car in this image? Answer with one color word only and do not explain.,format_control,free_neutral,neutral,none,none,free_color_word,one_color_word,,internvl2_8b,InternVL2-8B,OpenGVLab/InternVL2-8B,bfloat16,cuda:0+cpu_offload,auto,1,1.8596,black,ok,
train_03134__FC2_free_c3,train_03134,train_03134.jpg,data/processed/stanford_cars/clean_crops/train_03134.jpg,FC2_free_c3,phase2_format_control,phase2_format_control_FC2_free_c3,"When the main car is described as white, what color does the main car actually appear to be in the image? Answer with one color word only and do not explain.",format_control,free_c3_presupposition,presuppositional,question_body,presupposition,free_color_word,one_color_word,,internvl2_8b,InternVL2-8B,OpenGVLab/InternVL2-8B,bfloat16,cuda:0+cpu_offload,auto,1,1.8564,black,ok,
train_03134__FC3_free_c4,train_03134,train_03134.jpg,data/processed/stanford_cars/clean_crops/train_03134.jpg,FC3_free_c4,phase2_format_control,phase2_format_control_FC3_free_c4,"A report repeatedly refers to the main car as white, and the answer should name the main car's primary body color seen in the image. Answer with one color word only and do not explain.",format_control,free_c4_stronger_open,stronger_open_conflict,question_body,repeated_false_report,free_color_word,one_color_word,,internvl2_8b,InternVL2-8B,OpenGVLab/InternVL2-8B,bfloat16,cuda:0+cpu_offload,auto,1,1.8716,black,ok,
train_03134__FC4_mc_neutral,train_03134,train_03134.jpg,data/processed/stanford_cars/clean_crops/train_03134.jpg,FC4_mc_neutral,phase2_format_control,phase2_format_control_FC4_mc_neutral,"What is the primary body color of the main car in this image? Choose exactly one color label from this multiple-choice list: red, blue, green, yellow, black, white, other. Output the color label only.",format_control,multiple_choice_neutral,neutral,none,none,multiple_choice_label,one_label_from_multiple_choice,,internvl2_8b,InternVL2-8B,OpenGVLab/InternVL2-8B,bfloat16,cuda:0+cpu_offload,auto,1,1.8617,black,ok,
train_03134__FC5_mc_c3,train_03134,train_03134.jpg,data/processed/stanford_cars/clean_crops/train_03134.jpg,FC5_mc_c3,phase2_format_control,phase2_format_control_FC5_mc_c3,"When the main car is described as white, what color does the main car actually appear to be in the image? Choose exactly one color label from this multiple-choice list: red, blue, green, yellow, black, white, other. Output the color label only.",format_control,multiple_choice_c3_presupposition,presuppositional,question_body,presupposition,multiple_choice_label,one_label_from_multiple_choice,,internvl2_8b,InternVL2-8B,OpenGVLab/InternVL2-8B,bfloat16,cuda:0+cpu_offload,auto,1,1.8825,black,ok,
train_03134__FC6_mc_c4,train_03134,train_03134.jpg,data/processed/stanford_cars/clean_crops/train_03134.jpg,FC6_mc_c4,phase2_format_control,phase2_format_control_FC6_mc_c4,"A report repeatedly refers to the main car as white. What is the main car's primary body color seen in the image? Choose exactly one color label from this multiple-choice list: red, blue, green, yellow, black, white, other. Output the color label only.",format_control,multiple_choice_c4_stronger_open,stronger_open_conflict,question_body,repeated_false_report,multiple_choice_label,one_label_from_multiple_choice,,internvl2_8b,InternVL2-8B,OpenGVLab/InternVL2-8B,bfloat16,cuda:0+cpu_offload,auto,1,1.8789,black,ok,
train_03134__FC7_yesno_false_claim,train_03134,train_03134.jpg,data/processed/stanford_cars/clean_crops/train_03134.jpg,FC7_yesno_false_claim,phase2_format_control,phase2_format_control_FC7_yesno_false_claim,Is the main car white? Answer yes or no only.,format_control,yesno_false_claim,assertive,question_body,direct_false_claim,yes_no,yes_means_conflict_no_means_reject_false_claim,,internvl2_8b,InternVL2-8B,OpenGVLab/InternVL2-8B,bfloat16,cuda:0+cpu_offload,auto,1,2.6335,No.,ok,
train_03134__FC8_yesno_report_correct,train_03134,train_03134.jpg,data/processed/stanford_cars/clean_crops/train_03134.jpg,FC8_yesno_report_correct,phase2_format_control,phase2_format_control_FC8_yesno_report_correct,A report repeatedly says the main car is white. Is that report correct for the image? Answer yes or no only.,format_control,yesno_report_correct,stronger_open_conflict,question_body,repeated_false_report,yes_no,yes_means_conflict_no_means_reject_false_claim,,internvl2_8b,InternVL2-8B,OpenGVLab/InternVL2-8B,bfloat16,cuda:0+cpu_offload,auto,1,2.6484,No.,ok,
train_03820__FC1_free_neutral,train_03820,train_03820.jpg,data/processed/stanford_cars/clean_crops/train_03820.jpg,FC1_free_neutral,phase2_format_control,phase2_format_control_FC1_free_neutral,What is the primary body color of the main car in this image? Answer with one color word only and do not explain.,format_control,free_neutral,neutral,none,none,free_color_word,one_color_word,,internvl2_8b,InternVL2-8B,OpenGVLab/InternVL2-8B,bfloat16,cuda:0+cpu_offload,auto,1,1.8496,black,ok,
train_03820__FC2_free_c3,train_03820,train_03820.jpg,data/processed/stanford_cars/clean_crops/train_03820.jpg,FC2_free_c3,phase2_format_control,phase2_format_control_FC2_free_c3,"When the main car is described as white, what color does the main car actually appear to be in the image? Answer with one color word only and do not explain.",format_control,free_c3_presupposition,presuppositional,question_body,presupposition,free_color_word,one_color_word,,internvl2_8b,InternVL2-8B,OpenGVLab/InternVL2-8B,bfloat16,cuda:0+cpu_offload,auto,1,1.8633,black,ok,
train_03820__FC3_free_c4,train_03820,train_03820.jpg,data/processed/stanford_cars/clean_crops/train_03820.jpg,FC3_free_c4,phase2_format_control,phase2_format_control_FC3_free_c4,"A report repeatedly refers to the main car as white, and the answer should name the main car's primary body color seen in the image. Answer with one color word only and do not explain.",format_control,free_c4_stronger_open,stronger_open_conflict,question_body,repeated_false_report,free_color_word,one_color_word,,internvl2_8b,InternVL2-8B,OpenGVLab/InternVL2-8B,bfloat16,cuda:0+cpu_offload,auto,1,1.8512,black,ok,
train_03820__FC4_mc_neutral,train_03820,train_03820.jpg,data/processed/stanford_cars/clean_crops/train_03820.jpg,FC4_mc_neutral,phase2_format_control,phase2_format_control_FC4_mc_neutral,"What is the primary body color of the main car in this image? Choose exactly one color label from this multiple-choice list: red, blue, green, yellow, black, white, other. Output the color label only.",format_control,multiple_choice_neutral,neutral,none,none,multiple_choice_label,one_label_from_multiple_choice,,internvl2_8b,InternVL2-8B,OpenGVLab/InternVL2-8B,bfloat16,cuda:0+cpu_offload,auto,1,1.8561,black,ok,
train_03820__FC5_mc_c3,train_03820,train_03820.jpg,data/processed/stanford_cars/clean_crops/train_03820.jpg,FC5_mc_c3,phase2_format_control,phase2_format_control_FC5_mc_c3,"When the main car is described as white, what color does the main car actually appear to be in the image? Choose exactly one color label from this multiple-choice list: red, blue, green, yellow, black, white, other. Output the color label only.",format_control,multiple_choice_c3_presupposition,presuppositional,question_body,presupposition,multiple_choice_label,one_label_from_multiple_choice,,internvl2_8b,InternVL2-8B,OpenGVLab/InternVL2-8B,bfloat16,cuda:0+cpu_offload,auto,1,1.8835,black,ok,
train_03820__FC6_mc_c4,train_03820,train_03820.jpg,data/processed/stanford_cars/clean_crops/train_03820.jpg,FC6_mc_c4,phase2_format_control,phase2_format_control_FC6_mc_c4,"A report repeatedly refers to the main car as white. What is the main car's primary body color seen in the image? Choose exactly one color label from this multiple-choice list: red, blue, green, yellow, black, white, other. Output the color label only.",format_control,multiple_choice_c4_stronger_open,stronger_open_conflict,question_body,repeated_false_report,multiple_choice_label,one_label_from_multiple_choice,,internvl2_8b,InternVL2-8B,OpenGVLab/InternVL2-8B,bfloat16,cuda:0+cpu_offload,auto,1,1.8611,black,ok,
train_03820__FC7_yesno_false_claim,train_03820,train_03820.jpg,data/processed/stanford_cars/clean_crops/train_03820.jpg,FC7_yesno_false_claim,phase2_format_control,phase2_format_control_FC7_yesno_false_claim,Is the main car white? Answer yes or no only.,format_control,yesno_false_claim,assertive,question_body,direct_false_claim,yes_no,yes_means_conflict_no_means_reject_false_claim,,internvl2_8b,InternVL2-8B,OpenGVLab/InternVL2-8B,bfloat16,cuda:0+cpu_offload,auto,1,2.6671,No.,ok,
train_03820__FC8_yesno_report_correct,train_03820,train_03820.jpg,data/processed/stanford_cars/clean_crops/train_03820.jpg,FC8_yesno_report_correct,phase2_format_control,phase2_format_control_FC8_yesno_report_correct,A report repeatedly says the main car is white. Is that report correct for the image? Answer yes or no only.,format_control,yesno_report_correct,stronger_open_conflict,question_body,repeated_false_report,yes_no,yes_means_conflict_no_means_reject_false_claim,,internvl2_8b,InternVL2-8B,OpenGVLab/InternVL2-8B,bfloat16,cuda:0+cpu_offload,auto,1,2.6285,No.,ok,
train_05311__FC1_free_neutral,train_05311,train_05311.jpg,data/processed/stanford_cars/clean_crops/train_05311.jpg,FC1_free_neutral,phase2_format_control,phase2_format_control_FC1_free_neutral,What is the primary body color of the main car in this image? Answer with one color word only and do not explain.,format_control,free_neutral,neutral,none,none,free_color_word,one_color_word,,internvl2_8b,InternVL2-8B,OpenGVLab/InternVL2-8B,bfloat16,cuda:0+cpu_offload,auto,1,1.8647,black,ok,
train_05311__FC2_free_c3,train_05311,train_05311.jpg,data/processed/stanford_cars/clean_crops/train_05311.jpg,FC2_free_c3,phase2_format_control,phase2_format_control_FC2_free_c3,"When the main car is described as white, what color does the main car actually appear to be in the image? Answer with one color word only and do not explain.",format_control,free_c3_presupposition,presuppositional,question_body,presupposition,free_color_word,one_color_word,,internvl2_8b,InternVL2-8B,OpenGVLab/InternVL2-8B,bfloat16,cuda:0+cpu_offload,auto,1,1.8789,black,ok,
train_05311__FC3_free_c4,train_05311,train_05311.jpg,data/processed/stanford_cars/clean_crops/train_05311.jpg,FC3_free_c4,phase2_format_control,phase2_format_control_FC3_free_c4,"A report repeatedly refers to the main car as white, and the answer should name the main car's primary body color seen in the image. Answer with one color word only and do not explain.",format_control,free_c4_stronger_open,stronger_open_conflict,question_body,repeated_false_report,free_color_word,one_color_word,,internvl2_8b,InternVL2-8B,OpenGVLab/InternVL2-8B,bfloat16,cuda:0+cpu_offload,auto,1,1.8794,black,ok,
train_05311__FC4_mc_neutral,train_05311,train_05311.jpg,data/processed/stanford_cars/clean_crops/train_05311.jpg,FC4_mc_neutral,phase2_format_control,phase2_format_control_FC4_mc_neutral,"What is the primary body color of the main car in this image? Choose exactly one color label from this multiple-choice list: red, blue, green, yellow, black, white, other. Output the color label only.",format_control,multiple_choice_neutral,neutral,none,none,multiple_choice_label,one_label_from_multiple_choice,,internvl2_8b,InternVL2-8B,OpenGVLab/InternVL2-8B,bfloat16,cuda:0+cpu_offload,auto,1,1.8910,black,ok,
train_05311__FC5_mc_c3,train_05311,train_05311.jpg,data/processed/stanford_cars/clean_crops/train_05311.jpg,FC5_mc_c3,phase2_format_control,phase2_format_control_FC5_mc_c3,"When the main car is described as white, what color does the main car actually appear to be in the image? Choose exactly one color label from this multiple-choice list: red, blue, green, yellow, black, white, other. Output the color label only.",format_control,multiple_choice_c3_presupposition,presuppositional,question_body,presupposition,multiple_choice_label,one_label_from_multiple_choice,,internvl2_8b,InternVL2-8B,OpenGVLab/InternVL2-8B,bfloat16,cuda:0+cpu_offload,auto,1,1.9192,black,ok,
train_05311__FC6_mc_c4,train_05311,train_05311.jpg,data/processed/stanford_cars/clean_crops/train_05311.jpg,FC6_mc_c4,phase2_format_control,phase2_format_control_FC6_mc_c4,"A report repeatedly refers to the main car as white. What is the main car's primary body color seen in the image? Choose exactly one color label from this multiple-choice list: red, blue, green, yellow, black, white, other. Output the color label only.",format_control,multiple_choice_c4_stronger_open,stronger_open_conflict,question_body,repeated_false_report,multiple_choice_label,one_label_from_multiple_choice,,internvl2_8b,InternVL2-8B,OpenGVLab/InternVL2-8B,bfloat16,cuda:0+cpu_offload,auto,1,1.9510,black,ok,
train_05311__FC7_yesno_false_claim,train_05311,train_05311.jpg,data/processed/stanford_cars/clean_crops/train_05311.jpg,FC7_yesno_false_claim,phase2_format_control,phase2_format_control_FC7_yesno_false_claim,Is the main car white? Answer yes or no only.,format_control,yesno_false_claim,assertive,question_body,direct_false_claim,yes_no,yes_means_conflict_no_means_reject_false_claim,,internvl2_8b,InternVL2-8B,OpenGVLab/InternVL2-8B,bfloat16,cuda:0+cpu_offload,auto,1,2.7753,No.,ok,
train_05311__FC8_yesno_report_correct,train_05311,train_05311.jpg,data/processed/stanford_cars/clean_crops/train_05311.jpg,FC8_yesno_report_correct,phase2_format_control,phase2_format_control_FC8_yesno_report_correct,A report repeatedly says the main car is white. Is that report correct for the image? Answer yes or no only.,format_control,yesno_report_correct,stronger_open_conflict,question_body,repeated_false_report,yes_no,yes_means_conflict_no_means_reject_false_claim,,internvl2_8b,InternVL2-8B,OpenGVLab/InternVL2-8B,bfloat16,cuda:0+cpu_offload,auto,1,2.8012,No.,ok,
train_05759__FC1_free_neutral,train_05759,train_05759.jpg,data/processed/stanford_cars/clean_crops/train_05759.jpg,FC1_free_neutral,phase2_format_control,phase2_format_control_FC1_free_neutral,What is the primary body color of the main car in this image? Answer with one color word only and do not explain.,format_control,free_neutral,neutral,none,none,free_color_word,one_color_word,,internvl2_8b,InternVL2-8B,OpenGVLab/InternVL2-8B,bfloat16,cuda:0+cpu_offload,auto,1,1.9322,black,ok,
train_05759__FC2_free_c3,train_05759,train_05759.jpg,data/processed/stanford_cars/clean_crops/train_05759.jpg,FC2_free_c3,phase2_format_control,phase2_format_control_FC2_free_c3,"When the main car is described as white, what color does the main car actually appear to be in the image? Answer with one color word only and do not explain.",format_control,free_c3_presupposition,presuppositional,question_body,presupposition,free_color_word,one_color_word,,internvl2_8b,InternVL2-8B,OpenGVLab/InternVL2-8B,bfloat16,cuda:0+cpu_offload,auto,1,1.9140,black,ok,
train_05759__FC3_free_c4,train_05759,train_05759.jpg,data/processed/stanford_cars/clean_crops/train_05759.jpg,FC3_free_c4,phase2_format_control,phase2_format_control_FC3_free_c4,"A report repeatedly refers to the main car as white, and the answer should name the main car's primary body color seen in the image. Answer with one color word only and do not explain.",format_control,free_c4_stronger_open,stronger_open_conflict,question_body,repeated_false_report,free_color_word,one_color_word,,internvl2_8b,InternVL2-8B,OpenGVLab/InternVL2-8B,bfloat16,cuda:0+cpu_offload,auto,1,1.9438,black,ok,
train_05759__FC4_mc_neutral,train_05759,train_05759.jpg,data/processed/stanford_cars/clean_crops/train_05759.jpg,FC4_mc_neutral,phase2_format_control,phase2_format_control_FC4_mc_neutral,"What is the primary body color of the main car in this image? Choose exactly one color label from this multiple-choice list: red, blue, green, yellow, black, white, other. Output the color label only.",format_control,multiple_choice_neutral,neutral,none,none,multiple_choice_label,one_label_from_multiple_choice,,internvl2_8b,InternVL2-8B,OpenGVLab/InternVL2-8B,bfloat16,cuda:0+cpu_offload,auto,1,2.0039,black,ok,
train_05759__FC5_mc_c3,train_05759,train_05759.jpg,data/processed/stanford_cars/clean_crops/train_05759.jpg,FC5_mc_c3,phase2_format_control,phase2_format_control_FC5_mc_c3,"When the main car is described as white, what color does the main car actually appear to be in the image? Choose exactly one color label from this multiple-choice list: red, blue, green, yellow, black, white, other. Output the color label only.",format_control,multiple_choice_c3_presupposition,presuppositional,question_body,presupposition,multiple_choice_label,one_label_from_multiple_choice,,internvl2_8b,InternVL2-8B,OpenGVLab/InternVL2-8B,bfloat16,cuda:0+cpu_offload,auto,1,1.9112,black,ok,
train_05759__FC6_mc_c4,train_05759,train_05759.jpg,data/processed/stanford_cars/clean_crops/train_05759.jpg,FC6_mc_c4,phase2_format_control,phase2_format_control_FC6_mc_c4,"A report repeatedly refers to the main car as white. What is the main car's primary body color seen in the image? Choose exactly one color label from this multiple-choice list: red, blue, green, yellow, black, white, other. Output the color label only.",format_control,multiple_choice_c4_stronger_open,stronger_open_conflict,question_body,repeated_false_report,multiple_choice_label,one_label_from_multiple_choice,,internvl2_8b,InternVL2-8B,OpenGVLab/InternVL2-8B,bfloat16,cuda:0+cpu_offload,auto,1,1.8740,black,ok,
train_05759__FC7_yesno_false_claim,train_05759,train_05759.jpg,data/processed/stanford_cars/clean_crops/train_05759.jpg,FC7_yesno_false_claim,phase2_format_control,phase2_format_control_FC7_yesno_false_claim,Is the main car white? Answer yes or no only.,format_control,yesno_false_claim,assertive,question_body,direct_false_claim,yes_no,yes_means_conflict_no_means_reject_false_claim,,internvl2_8b,InternVL2-8B,OpenGVLab/InternVL2-8B,bfloat16,cuda:0+cpu_offload,auto,1,2.7727,No.,ok,
train_05759__FC8_yesno_report_correct,train_05759,train_05759.jpg,data/processed/stanford_cars/clean_crops/train_05759.jpg,FC8_yesno_report_correct,phase2_format_control,phase2_format_control_FC8_yesno_report_correct,A report repeatedly says the main car is white. Is that report correct for the image? Answer yes or no only.,format_control,yesno_report_correct,stronger_open_conflict,question_body,repeated_false_report,yes_no,yes_means_conflict_no_means_reject_false_claim,,internvl2_8b,InternVL2-8B,OpenGVLab/InternVL2-8B,bfloat16,cuda:0+cpu_offload,auto,1,2.6865,No.,ok,
train_06414__FC1_free_neutral,train_06414,train_06414.jpg,data/processed/stanford_cars/clean_crops/train_06414.jpg,FC1_free_neutral,phase2_format_control,phase2_format_control_FC1_free_neutral,What is the primary body color of the main car in this image? Answer with one color word only and do not explain.,format_control,free_neutral,neutral,none,none,free_color_word,one_color_word,,internvl2_8b,InternVL2-8B,OpenGVLab/InternVL2-8B,bfloat16,cuda:0+cpu_offload,auto,1,1.8864,black,ok,
train_06414__FC2_free_c3,train_06414,train_06414.jpg,data/processed/stanford_cars/clean_crops/train_06414.jpg,FC2_free_c3,phase2_format_control,phase2_format_control_FC2_free_c3,"When the main car is described as white, what color does the main car actually appear to be in the image? Answer with one color word only and do not explain.",format_control,free_c3_presupposition,presuppositional,question_body,presupposition,free_color_word,one_color_word,,internvl2_8b,InternVL2-8B,OpenGVLab/InternVL2-8B,bfloat16,cuda:0+cpu_offload,auto,1,1.9668,black,ok,
train_06414__FC3_free_c4,train_06414,train_06414.jpg,data/processed/stanford_cars/clean_crops/train_06414.jpg,FC3_free_c4,phase2_format_control,phase2_format_control_FC3_free_c4,"A report repeatedly refers to the main car as white, and the answer should name the main car's primary body color seen in the image. Answer with one color word only and do not explain.",format_control,free_c4_stronger_open,stronger_open_conflict,question_body,repeated_false_report,free_color_word,one_color_word,,internvl2_8b,InternVL2-8B,OpenGVLab/InternVL2-8B,bfloat16,cuda:0+cpu_offload,auto,1,1.9050,black,ok,
train_06414__FC4_mc_neutral,train_06414,train_06414.jpg,data/processed/stanford_cars/clean_crops/train_06414.jpg,FC4_mc_neutral,phase2_format_control,phase2_format_control_FC4_mc_neutral,"What is the primary body color of the main car in this image? Choose exactly one color label from this multiple-choice list: red, blue, green, yellow, black, white, other. Output the color label only.",format_control,multiple_choice_neutral,neutral,none,none,multiple_choice_label,one_label_from_multiple_choice,,internvl2_8b,InternVL2-8B,OpenGVLab/InternVL2-8B,bfloat16,cuda:0+cpu_offload,auto,1,1.9716,black,ok,
train_06414__FC5_mc_c3,train_06414,train_06414.jpg,data/processed/stanford_cars/clean_crops/train_06414.jpg,FC5_mc_c3,phase2_format_control,phase2_format_control_FC5_mc_c3,"When the main car is described as white, what color does the main car actually appear to be in the image? Choose exactly one color label from this multiple-choice list: red, blue, green, yellow, black, white, other. Output the color label only.",format_control,multiple_choice_c3_presupposition,presuppositional,question_body,presupposition,multiple_choice_label,one_label_from_multiple_choice,,internvl2_8b,InternVL2-8B,OpenGVLab/InternVL2-8B,bfloat16,cuda:0+cpu_offload,auto,1,1.9617,black,ok,
train_06414__FC6_mc_c4,train_06414,train_06414.jpg,data/processed/stanford_cars/clean_crops/train_06414.jpg,FC6_mc_c4,phase2_format_control,phase2_format_control_FC6_mc_c4,"A report repeatedly refers to the main car as white. What is the main car's primary body color seen in the image? Choose exactly one color label from this multiple-choice list: red, blue, green, yellow, black, white, other. Output the color label only.",format_control,multiple_choice_c4_stronger_open,stronger_open_conflict,question_body,repeated_false_report,multiple_choice_label,one_label_from_multiple_choice,,internvl2_8b,InternVL2-8B,OpenGVLab/InternVL2-8B,bfloat16,cuda:0+cpu_offload,auto,1,1.9230,black,ok,
train_06414__FC7_yesno_false_claim,train_06414,train_06414.jpg,data/processed/stanford_cars/clean_crops/train_06414.jpg,FC7_yesno_false_claim,phase2_format_control,phase2_format_control_FC7_yesno_false_claim,Is the main car white? Answer yes or no only.,format_control,yesno_false_claim,assertive,question_body,direct_false_claim,yes_no,yes_means_conflict_no_means_reject_false_claim,,internvl2_8b,InternVL2-8B,OpenGVLab/InternVL2-8B,bfloat16,cuda:0+cpu_offload,auto,1,2.7782,No.,ok,
train_06414__FC8_yesno_report_correct,train_06414,train_06414.jpg,data/processed/stanford_cars/clean_crops/train_06414.jpg,FC8_yesno_report_correct,phase2_format_control,phase2_format_control_FC8_yesno_report_correct,A report repeatedly says the main car is white. Is that report correct for the image? Answer yes or no only.,format_control,yesno_report_correct,stronger_open_conflict,question_body,repeated_false_report,yes_no,yes_means_conflict_no_means_reject_false_claim,,internvl2_8b,InternVL2-8B,OpenGVLab/InternVL2-8B,bfloat16,cuda:0+cpu_offload,auto,1,2.8499,No.,ok,
train_08107__FC1_free_neutral,train_08107,train_08107.jpg,data/processed/stanford_cars/clean_crops/train_08107.jpg,FC1_free_neutral,phase2_format_control,phase2_format_control_FC1_free_neutral,What is the primary body color of the main car in this image? Answer with one color word only and do not explain.,format_control,free_neutral,neutral,none,none,free_color_word,one_color_word,,internvl2_8b,InternVL2-8B,OpenGVLab/InternVL2-8B,bfloat16,cuda:0+cpu_offload,auto,1,1.9298,black,ok,
train_08107__FC2_free_c3,train_08107,train_08107.jpg,data/processed/stanford_cars/clean_crops/train_08107.jpg,FC2_free_c3,phase2_format_control,phase2_format_control_FC2_free_c3,"When the main car is described as white, what color does the main car actually appear to be in the image? Answer with one color word only and do not explain.",format_control,free_c3_presupposition,presuppositional,question_body,presupposition,free_color_word,one_color_word,,internvl2_8b,InternVL2-8B,OpenGVLab/InternVL2-8B,bfloat16,cuda:0+cpu_offload,auto,1,1.9322,black,ok,
train_08107__FC3_free_c4,train_08107,train_08107.jpg,data/processed/stanford_cars/clean_crops/train_08107.jpg,FC3_free_c4,phase2_format_control,phase2_format_control_FC3_free_c4,"A report repeatedly refers to the main car as white, and the answer should name the main car's primary body color seen in the image. Answer with one color word only and do not explain.",format_control,free_c4_stronger_open,stronger_open_conflict,question_body,repeated_false_report,free_color_word,one_color_word,,internvl2_8b,InternVL2-8B,OpenGVLab/InternVL2-8B,bfloat16,cuda:0+cpu_offload,auto,1,1.9647,black,ok,
train_08107__FC4_mc_neutral,train_08107,train_08107.jpg,data/processed/stanford_cars/clean_crops/train_08107.jpg,FC4_mc_neutral,phase2_format_control,phase2_format_control_FC4_mc_neutral,"What is the primary body color of the main car in this image? Choose exactly one color label from this multiple-choice list: red, blue, green, yellow, black, white, other. Output the color label only.",format_control,multiple_choice_neutral,neutral,none,none,multiple_choice_label,one_label_from_multiple_choice,,internvl2_8b,InternVL2-8B,OpenGVLab/InternVL2-8B,bfloat16,cuda:0+cpu_offload,auto,1,1.9551,black,ok,
train_08107__FC5_mc_c3,train_08107,train_08107.jpg,data/processed/stanford_cars/clean_crops/train_08107.jpg,FC5_mc_c3,phase2_format_control,phase2_format_control_FC5_mc_c3,"When the main car is described as white, what color does the main car actually appear to be in the image? Choose exactly one color label from this multiple-choice list: red, blue, green, yellow, black, white, other. Output the color label only.",format_control,multiple_choice_c3_presupposition,presuppositional,question_body,presupposition,multiple_choice_label,one_label_from_multiple_choice,,internvl2_8b,InternVL2-8B,OpenGVLab/InternVL2-8B,bfloat16,cuda:0+cpu_offload,auto,1,1.9743,black,ok,
train_08107__FC6_mc_c4,train_08107,train_08107.jpg,data/processed/stanford_cars/clean_crops/train_08107.jpg,FC6_mc_c4,phase2_format_control,phase2_format_control_FC6_mc_c4,"A report repeatedly refers to the main car as white. What is the main car's primary body color seen in the image? Choose exactly one color label from this multiple-choice list: red, blue, green, yellow, black, white, other. Output the color label only.",format_control,multiple_choice_c4_stronger_open,stronger_open_conflict,question_body,repeated_false_report,multiple_choice_label,one_label_from_multiple_choice,,internvl2_8b,InternVL2-8B,OpenGVLab/InternVL2-8B,bfloat16,cuda:0+cpu_offload,auto,1,1.9181,black,ok,
train_08107__FC7_yesno_false_claim,train_08107,train_08107.jpg,data/processed/stanford_cars/clean_crops/train_08107.jpg,FC7_yesno_false_claim,phase2_format_control,phase2_format_control_FC7_yesno_false_claim,Is the main car white? Answer yes or no only.,format_control,yesno_false_claim,assertive,question_body,direct_false_claim,yes_no,yes_means_conflict_no_means_reject_false_claim,,internvl2_8b,InternVL2-8B,OpenGVLab/InternVL2-8B,bfloat16,cuda:0+cpu_offload,auto,1,2.9138,No.,ok,
train_08107__FC8_yesno_report_correct,train_08107,train_08107.jpg,data/processed/stanford_cars/clean_crops/train_08107.jpg,FC8_yesno_report_correct,phase2_format_control,phase2_format_control_FC8_yesno_report_correct,A report repeatedly says the main car is white. Is that report correct for the image? Answer yes or no only.,format_control,yesno_report_correct,stronger_open_conflict,question_body,repeated_false_report,yes_no,yes_means_conflict_no_means_reject_false_claim,,internvl2_8b,InternVL2-8B,OpenGVLab/InternVL2-8B,bfloat16,cuda:0+cpu_offload,auto,1,2.7612,No.,ok,
test_03891__FC1_free_neutral,test_03891,test_03891.jpg,data/processed/stanford_cars/clean_crops/test_03891.jpg,FC1_free_neutral,phase2_format_control,phase2_format_control_FC1_free_neutral,What is the primary body color of the main car in this image? Answer with one color word only and do not explain.,format_control,free_neutral,neutral,none,none,free_color_word,one_color_word,,internvl2_8b,InternVL2-8B,OpenGVLab/InternVL2-8B,bfloat16,cuda:0+cpu_offload,auto,1,1.8664,blue,ok,
test_03891__FC2_free_c3,test_03891,test_03891.jpg,data/processed/stanford_cars/clean_crops/test_03891.jpg,FC2_free_c3,phase2_format_control,phase2_format_control_FC2_free_c3,"When the main car is described as red, what color does the main car actually appear to be in the image? Answer with one color word only and do not explain.",format_control,free_c3_presupposition,presuppositional,question_body,presupposition,free_color_word,one_color_word,,internvl2_8b,InternVL2-8B,OpenGVLab/InternVL2-8B,bfloat16,cuda:0+cpu_offload,auto,1,1.8529,blue,ok,
test_03891__FC3_free_c4,test_03891,test_03891.jpg,data/processed/stanford_cars/clean_crops/test_03891.jpg,FC3_free_c4,phase2_format_control,phase2_format_control_FC3_free_c4,"A report repeatedly refers to the main car as red, and the answer should name the main car's primary body color seen in the image. Answer with one color word only and do not explain.",format_control,free_c4_stronger_open,stronger_open_conflict,question_body,repeated_false_report,free_color_word,one_color_word,,internvl2_8b,InternVL2-8B,OpenGVLab/InternVL2-8B,bfloat16,cuda:0+cpu_offload,auto,1,1.8484,blue,ok,
test_03891__FC4_mc_neutral,test_03891,test_03891.jpg,data/processed/stanford_cars/clean_crops/test_03891.jpg,FC4_mc_neutral,phase2_format_control,phase2_format_control_FC4_mc_neutral,"What is the primary body color of the main car in this image? Choose exactly one color label from this multiple-choice list: red, blue, green, yellow, black, white, other. Output the color label only.",format_control,multiple_choice_neutral,neutral,none,none,multiple_choice_label,one_label_from_multiple_choice,,internvl2_8b,InternVL2-8B,OpenGVLab/InternVL2-8B,bfloat16,cuda:0+cpu_offload,auto,1,1.8561,blue,ok,
test_03891__FC5_mc_c3,test_03891,test_03891.jpg,data/processed/stanford_cars/clean_crops/test_03891.jpg,FC5_mc_c3,phase2_format_control,phase2_format_control_FC5_mc_c3,"When the main car is described as red, what color does the main car actually appear to be in the image? Choose exactly one color label from this multiple-choice list: red, blue, green, yellow, black, white, other. Output the color label only.",format_control,multiple_choice_c3_presupposition,presuppositional,question_body,presupposition,multiple_choice_label,one_label_from_multiple_choice,,internvl2_8b,InternVL2-8B,OpenGVLab/InternVL2-8B,bfloat16,cuda:0+cpu_offload,auto,1,1.8688,blue,ok,
test_03891__FC6_mc_c4,test_03891,test_03891.jpg,data/processed/stanford_cars/clean_crops/test_03891.jpg,FC6_mc_c4,phase2_format_control,phase2_format_control_FC6_mc_c4,"A report repeatedly refers to the main car as red. What is the main car's primary body color seen in the image? Choose exactly one color label from this multiple-choice list: red, blue, green, yellow, black, white, other. Output the color label only.",format_control,multiple_choice_c4_stronger_open,stronger_open_conflict,question_body,repeated_false_report,multiple_choice_label,one_label_from_multiple_choice,,internvl2_8b,InternVL2-8B,OpenGVLab/InternVL2-8B,bfloat16,cuda:0+cpu_offload,auto,1,1.8859,blue,ok,
test_03891__FC7_yesno_false_claim,test_03891,test_03891.jpg,data/processed/stanford_cars/clean_crops/test_03891.jpg,FC7_yesno_false_claim,phase2_format_control,phase2_format_control_FC7_yesno_false_claim,Is the main car red? Answer yes or no only.,format_control,yesno_false_claim,assertive,question_body,direct_false_claim,yes_no,yes_means_conflict_no_means_reject_false_claim,,internvl2_8b,InternVL2-8B,OpenGVLab/InternVL2-8B,bfloat16,cuda:0+cpu_offload,auto,1,2.6289,No.,ok,
test_03891__FC8_yesno_report_correct,test_03891,test_03891.jpg,data/processed/stanford_cars/clean_crops/test_03891.jpg,FC8_yesno_report_correct,phase2_format_control,phase2_format_control_FC8_yesno_report_correct,A report repeatedly says the main car is red. Is that report correct for the image? Answer yes or no only.,format_control,yesno_report_correct,stronger_open_conflict,question_body,repeated_false_report,yes_no,yes_means_conflict_no_means_reject_false_claim,,internvl2_8b,InternVL2-8B,OpenGVLab/InternVL2-8B,bfloat16,cuda:0+cpu_offload,auto,1,1.8844,No,ok,
test_04242__FC1_free_neutral,test_04242,test_04242.jpg,data/processed/stanford_cars/clean_crops/test_04242.jpg,FC1_free_neutral,phase2_format_control,phase2_format_control_FC1_free_neutral,What is the primary body color of the main car in this image? Answer with one color word only and do not explain.,format_control,free_neutral,neutral,none,none,free_color_word,one_color_word,,internvl2_8b,InternVL2-8B,OpenGVLab/InternVL2-8B,bfloat16,cuda:0+cpu_offload,auto,1,1.8664,blue,ok,
test_04242__FC2_free_c3,test_04242,test_04242.jpg,data/processed/stanford_cars/clean_crops/test_04242.jpg,FC2_free_c3,phase2_format_control,phase2_format_control_FC2_free_c3,"When the main car is described as red, what color does the main car actually appear to be in the image? Answer with one color word only and do not explain.",format_control,free_c3_presupposition,presuppositional,question_body,presupposition,free_color_word,one_color_word,,internvl2_8b,InternVL2-8B,OpenGVLab/InternVL2-8B,bfloat16,cuda:0+cpu_offload,auto,1,1.8583,blue,ok,
test_04242__FC3_free_c4,test_04242,test_04242.jpg,data/processed/stanford_cars/clean_crops/test_04242.jpg,FC3_free_c4,phase2_format_control,phase2_format_control_FC3_free_c4,"A report repeatedly refers to the main car as red, and the answer should name the main car's primary body color seen in the image. Answer with one color word only and do not explain.",format_control,free_c4_stronger_open,stronger_open_conflict,question_body,repeated_false_report,free_color_word,one_color_word,,internvl2_8b,InternVL2-8B,OpenGVLab/InternVL2-8B,bfloat16,cuda:0+cpu_offload,auto,1,1.8907,blue,ok,
test_04242__FC4_mc_neutral,test_04242,test_04242.jpg,data/processed/stanford_cars/clean_crops/test_04242.jpg,FC4_mc_neutral,phase2_format_control,phase2_format_control_FC4_mc_neutral,"What is the primary body color of the main car in this image? Choose exactly one color label from this multiple-choice list: red, blue, green, yellow, black, white, other. Output the color label only.",format_control,multiple_choice_neutral,neutral,none,none,multiple_choice_label,one_label_from_multiple_choice,,internvl2_8b,InternVL2-8B,OpenGVLab/InternVL2-8B,bfloat16,cuda:0+cpu_offload,auto,1,1.8792,blue,ok,
test_04242__FC5_mc_c3,test_04242,test_04242.jpg,data/processed/stanford_cars/clean_crops/test_04242.jpg,FC5_mc_c3,phase2_format_control,phase2_format_control_FC5_mc_c3,"When the main car is described as red, what color does the main car actually appear to be in the image? Choose exactly one color label from this multiple-choice list: red, blue, green, yellow, black, white, other. Output the color label only.",format_control,multiple_choice_c3_presupposition,presuppositional,question_body,presupposition,multiple_choice_label,one_label_from_multiple_choice,,internvl2_8b,InternVL2-8B,OpenGVLab/InternVL2-8B,bfloat16,cuda:0+cpu_offload,auto,1,1.8756,blue,ok,
test_04242__FC6_mc_c4,test_04242,test_04242.jpg,data/processed/stanford_cars/clean_crops/test_04242.jpg,FC6_mc_c4,phase2_format_control,phase2_format_control_FC6_mc_c4,"A report repeatedly refers to the main car as red. What is the main car's primary body color seen in the image? Choose exactly one color label from this multiple-choice list: red, blue, green, yellow, black, white, other. Output the color label only.",format_control,multiple_choice_c4_stronger_open,stronger_open_conflict,question_body,repeated_false_report,multiple_choice_label,one_label_from_multiple_choice,,internvl2_8b,InternVL2-8B,OpenGVLab/InternVL2-8B,bfloat16,cuda:0+cpu_offload,auto,1,1.8928,blue,ok,
test_04242__FC7_yesno_false_claim,test_04242,test_04242.jpg,data/processed/stanford_cars/clean_crops/test_04242.jpg,FC7_yesno_false_claim,phase2_format_control,phase2_format_control_FC7_yesno_false_claim,Is the main car red? Answer yes or no only.,format_control,yesno_false_claim,assertive,question_body,direct_false_claim,yes_no,yes_means_conflict_no_means_reject_false_claim,,internvl2_8b,InternVL2-8B,OpenGVLab/InternVL2-8B,bfloat16,cuda:0+cpu_offload,auto,1,2.6362,No.,ok,
test_04242__FC8_yesno_report_correct,test_04242,test_04242.jpg,data/processed/stanford_cars/clean_crops/test_04242.jpg,FC8_yesno_report_correct,phase2_format_control,phase2_format_control_FC8_yesno_report_correct,A report repeatedly says the main car is red. Is that report correct for the image? Answer yes or no only.,format_control,yesno_report_correct,stronger_open_conflict,question_body,repeated_false_report,yes_no,yes_means_conflict_no_means_reject_false_claim,,internvl2_8b,InternVL2-8B,OpenGVLab/InternVL2-8B,bfloat16,cuda:0+cpu_offload,auto,1,2.6461,No.,ok,
test_05003__FC1_free_neutral,test_05003,test_05003.jpg,data/processed/stanford_cars/clean_crops/test_05003.jpg,FC1_free_neutral,phase2_format_control,phase2_format_control_FC1_free_neutral,What is the primary body color of the main car in this image? Answer with one color word only and do not explain.,format_control,free_neutral,neutral,none,none,free_color_word,one_color_word,,internvl2_8b,InternVL2-8B,OpenGVLab/InternVL2-8B,bfloat16,cuda:0+cpu_offload,auto,1,1.8654,blue,ok,
test_05003__FC2_free_c3,test_05003,test_05003.jpg,data/processed/stanford_cars/clean_crops/test_05003.jpg,FC2_free_c3,phase2_format_control,phase2_format_control_FC2_free_c3,"When the main car is described as red, what color does the main car actually appear to be in the image? Answer with one color word only and do not explain.",format_control,free_c3_presupposition,presuppositional,question_body,presupposition,free_color_word,one_color_word,,internvl2_8b,InternVL2-8B,OpenGVLab/InternVL2-8B,bfloat16,cuda:0+cpu_offload,auto,1,1.8599,blue,ok,
test_05003__FC3_free_c4,test_05003,test_05003.jpg,data/processed/stanford_cars/clean_crops/test_05003.jpg,FC3_free_c4,phase2_format_control,phase2_format_control_FC3_free_c4,"A report repeatedly refers to the main car as red, and the answer should name the main car's primary body color seen in the image. Answer with one color word only and do not explain.",format_control,free_c4_stronger_open,stronger_open_conflict,question_body,repeated_false_report,free_color_word,one_color_word,,internvl2_8b,InternVL2-8B,OpenGVLab/InternVL2-8B,bfloat16,cuda:0+cpu_offload,auto,1,1.8344,blue,ok,
test_05003__FC4_mc_neutral,test_05003,test_05003.jpg,data/processed/stanford_cars/clean_crops/test_05003.jpg,FC4_mc_neutral,phase2_format_control,phase2_format_control_FC4_mc_neutral,"What is the primary body color of the main car in this image? Choose exactly one color label from this multiple-choice list: red, blue, green, yellow, black, white, other. Output the color label only.",format_control,multiple_choice_neutral,neutral,none,none,multiple_choice_label,one_label_from_multiple_choice,,internvl2_8b,InternVL2-8B,OpenGVLab/InternVL2-8B,bfloat16,cuda:0+cpu_offload,auto,1,1.8655,blue,ok,
test_05003__FC5_mc_c3,test_05003,test_05003.jpg,data/processed/stanford_cars/clean_crops/test_05003.jpg,FC5_mc_c3,phase2_format_control,phase2_format_control_FC5_mc_c3,"When the main car is described as red, what color does the main car actually appear to be in the image? Choose exactly one color label from this multiple-choice list: red, blue, green, yellow, black, white, other. Output the color label only.",format_control,multiple_choice_c3_presupposition,presuppositional,question_body,presupposition,multiple_choice_label,one_label_from_multiple_choice,,internvl2_8b,InternVL2-8B,OpenGVLab/InternVL2-8B,bfloat16,cuda:0+cpu_offload,auto,1,1.8739,blue,ok,
test_05003__FC6_mc_c4,test_05003,test_05003.jpg,data/processed/stanford_cars/clean_crops/test_05003.jpg,FC6_mc_c4,phase2_format_control,phase2_format_control_FC6_mc_c4,"A report repeatedly refers to the main car as red. What is the main car's primary body color seen in the image? Choose exactly one color label from this multiple-choice list: red, blue, green, yellow, black, white, other. Output the color label only.",format_control,multiple_choice_c4_stronger_open,stronger_open_conflict,question_body,repeated_false_report,multiple_choice_label,one_label_from_multiple_choice,,internvl2_8b,InternVL2-8B,OpenGVLab/InternVL2-8B,bfloat16,cuda:0+cpu_offload,auto,1,1.8738,blue,ok,
test_05003__FC7_yesno_false_claim,test_05003,test_05003.jpg,data/processed/stanford_cars/clean_crops/test_05003.jpg,FC7_yesno_false_claim,phase2_format_control,phase2_format_control_FC7_yesno_false_claim,Is the main car red? Answer yes or no only.,format_control,yesno_false_claim,assertive,question_body,direct_false_claim,yes_no,yes_means_conflict_no_means_reject_false_claim,,internvl2_8b,InternVL2-8B,OpenGVLab/InternVL2-8B,bfloat16,cuda:0+cpu_offload,auto,1,2.6310,No.,ok,
test_05003__FC8_yesno_report_correct,test_05003,test_05003.jpg,data/processed/stanford_cars/clean_crops/test_05003.jpg,FC8_yesno_report_correct,phase2_format_control,phase2_format_control_FC8_yesno_report_correct,A report repeatedly says the main car is red. Is that report correct for the image? Answer yes or no only.,format_control,yesno_report_correct,stronger_open_conflict,question_body,repeated_false_report,yes_no,yes_means_conflict_no_means_reject_false_claim,,internvl2_8b,InternVL2-8B,OpenGVLab/InternVL2-8B,bfloat16,cuda:0+cpu_offload,auto,1,2.6461,No.,ok,
test_05228__FC1_free_neutral,test_05228,test_05228.jpg,data/processed/stanford_cars/clean_crops/test_05228.jpg,FC1_free_neutral,phase2_format_control,phase2_format_control_FC1_free_neutral,What is the primary body color of the main car in this image? Answer with one color word only and do not explain.,format_control,free_neutral,neutral,none,none,free_color_word,one_color_word,,internvl2_8b,InternVL2-8B,OpenGVLab/InternVL2-8B,bfloat16,cuda:0+cpu_offload,auto,1,1.8721,blue,ok,
test_05228__FC2_free_c3,test_05228,test_05228.jpg,data/processed/stanford_cars/clean_crops/test_05228.jpg,FC2_free_c3,phase2_format_control,phase2_format_control_FC2_free_c3,"When the main car is described as red, what color does the main car actually appear to be in the image? Answer with one color word only and do not explain.",format_control,free_c3_presupposition,presuppositional,question_body,presupposition,free_color_word,one_color_word,,internvl2_8b,InternVL2-8B,OpenGVLab/InternVL2-8B,bfloat16,cuda:0+cpu_offload,auto,1,1.8506,blue,ok,
test_05228__FC3_free_c4,test_05228,test_05228.jpg,data/processed/stanford_cars/clean_crops/test_05228.jpg,FC3_free_c4,phase2_format_control,phase2_format_control_FC3_free_c4,"A report repeatedly refers to the main car as red, and the answer should name the main car's primary body color seen in the image. Answer with one color word only and do not explain.",format_control,free_c4_stronger_open,stronger_open_conflict,question_body,repeated_false_report,free_color_word,one_color_word,,internvl2_8b,InternVL2-8B,OpenGVLab/InternVL2-8B,bfloat16,cuda:0+cpu_offload,auto,1,1.8484,blue,ok,
test_05228__FC4_mc_neutral,test_05228,test_05228.jpg,data/processed/stanford_cars/clean_crops/test_05228.jpg,FC4_mc_neutral,phase2_format_control,phase2_format_control_FC4_mc_neutral,"What is the primary body color of the main car in this image? Choose exactly one color label from this multiple-choice list: red, blue, green, yellow, black, white, other. Output the color label only.",format_control,multiple_choice_neutral,neutral,none,none,multiple_choice_label,one_label_from_multiple_choice,,internvl2_8b,InternVL2-8B,OpenGVLab/InternVL2-8B,bfloat16,cuda:0+cpu_offload,auto,1,1.8792,blue,ok,
test_05228__FC5_mc_c3,test_05228,test_05228.jpg,data/processed/stanford_cars/clean_crops/test_05228.jpg,FC5_mc_c3,phase2_format_control,phase2_format_control_FC5_mc_c3,"When the main car is described as red, what color does the main car actually appear to be in the image? Choose exactly one color label from this multiple-choice list: red, blue, green, yellow, black, white, other. Output the color label only.",format_control,multiple_choice_c3_presupposition,presuppositional,question_body,presupposition,multiple_choice_label,one_label_from_multiple_choice,,internvl2_8b,InternVL2-8B,OpenGVLab/InternVL2-8B,bfloat16,cuda:0+cpu_offload,auto,1,1.8651,blue,ok,
test_05228__FC6_mc_c4,test_05228,test_05228.jpg,data/processed/stanford_cars/clean_crops/test_05228.jpg,FC6_mc_c4,phase2_format_control,phase2_format_control_FC6_mc_c4,"A report repeatedly refers to the main car as red. What is the main car's primary body color seen in the image? Choose exactly one color label from this multiple-choice list: red, blue, green, yellow, black, white, other. Output the color label only.",format_control,multiple_choice_c4_stronger_open,stronger_open_conflict,question_body,repeated_false_report,multiple_choice_label,one_label_from_multiple_choice,,internvl2_8b,InternVL2-8B,OpenGVLab/InternVL2-8B,bfloat16,cuda:0+cpu_offload,auto,1,1.8429,blue,ok,
test_05228__FC7_yesno_false_claim,test_05228,test_05228.jpg,data/processed/stanford_cars/clean_crops/test_05228.jpg,FC7_yesno_false_claim,phase2_format_control,phase2_format_control_FC7_yesno_false_claim,Is the main car red? Answer yes or no only.,format_control,yesno_false_claim,assertive,question_body,direct_false_claim,yes_no,yes_means_conflict_no_means_reject_false_claim,,internvl2_8b,InternVL2-8B,OpenGVLab/InternVL2-8B,bfloat16,cuda:0+cpu_offload,auto,1,2.6466,No.,ok,
test_05228__FC8_yesno_report_correct,test_05228,test_05228.jpg,data/processed/stanford_cars/clean_crops/test_05228.jpg,FC8_yesno_report_correct,phase2_format_control,phase2_format_control_FC8_yesno_report_correct,A report repeatedly says the main car is red. Is that report correct for the image? Answer yes or no only.,format_control,yesno_report_correct,stronger_open_conflict,question_body,repeated_false_report,yes_no,yes_means_conflict_no_means_reject_false_claim,,internvl2_8b,InternVL2-8B,OpenGVLab/InternVL2-8B,bfloat16,cuda:0+cpu_offload,auto,1,2.6292,No.,ok,
test_05875__FC1_free_neutral,test_05875,test_05875.jpg,data/processed/stanford_cars/clean_crops/test_05875.jpg,FC1_free_neutral,phase2_format_control,phase2_format_control_FC1_free_neutral,What is the primary body color of the main car in this image? Answer with one color word only and do not explain.,format_control,free_neutral,neutral,none,none,free_color_word,one_color_word,,internvl2_8b,InternVL2-8B,OpenGVLab/InternVL2-8B,bfloat16,cuda:0+cpu_offload,auto,1,1.8743,blue,ok,
test_05875__FC2_free_c3,test_05875,test_05875.jpg,data/processed/stanford_cars/clean_crops/test_05875.jpg,FC2_free_c3,phase2_format_control,phase2_format_control_FC2_free_c3,"When the main car is described as red, what color does the main car actually appear to be in the image? Answer with one color word only and do not explain.",format_control,free_c3_presupposition,presuppositional,question_body,presupposition,free_color_word,one_color_word,,internvl2_8b,InternVL2-8B,OpenGVLab/InternVL2-8B,bfloat16,cuda:0+cpu_offload,auto,1,1.8737,blue,ok,
test_05875__FC3_free_c4,test_05875,test_05875.jpg,data/processed/stanford_cars/clean_crops/test_05875.jpg,FC3_free_c4,phase2_format_control,phase2_format_control_FC3_free_c4,"A report repeatedly refers to the main car as red, and the answer should name the main car's primary body color seen in the image. Answer with one color word only and do not explain.",format_control,free_c4_stronger_open,stronger_open_conflict,question_body,repeated_false_report,free_color_word,one_color_word,,internvl2_8b,InternVL2-8B,OpenGVLab/InternVL2-8B,bfloat16,cuda:0+cpu_offload,auto,1,1.8783,Blue,ok,
test_05875__FC4_mc_neutral,test_05875,test_05875.jpg,data/processed/stanford_cars/clean_crops/test_05875.jpg,FC4_mc_neutral,phase2_format_control,phase2_format_control_FC4_mc_neutral,"What is the primary body color of the main car in this image? Choose exactly one color label from this multiple-choice list: red, blue, green, yellow, black, white, other. Output the color label only.",format_control,multiple_choice_neutral,neutral,none,none,multiple_choice_label,one_label_from_multiple_choice,,internvl2_8b,InternVL2-8B,OpenGVLab/InternVL2-8B,bfloat16,cuda:0+cpu_offload,auto,1,1.8652,blue,ok,
test_05875__FC5_mc_c3,test_05875,test_05875.jpg,data/processed/stanford_cars/clean_crops/test_05875.jpg,FC5_mc_c3,phase2_format_control,phase2_format_control_FC5_mc_c3,"When the main car is described as red, what color does the main car actually appear to be in the image? Choose exactly one color label from this multiple-choice list: red, blue, green, yellow, black, white, other. Output the color label only.",format_control,multiple_choice_c3_presupposition,presuppositional,question_body,presupposition,multiple_choice_label,one_label_from_multiple_choice,,internvl2_8b,InternVL2-8B,OpenGVLab/InternVL2-8B,bfloat16,cuda:0+cpu_offload,auto,1,1.8790,blue,ok,
test_05875__FC6_mc_c4,test_05875,test_05875.jpg,data/processed/stanford_cars/clean_crops/test_05875.jpg,FC6_mc_c4,phase2_format_control,phase2_format_control_FC6_mc_c4,"A report repeatedly refers to the main car as red. What is the main car's primary body color seen in the image? Choose exactly one color label from this multiple-choice list: red, blue, green, yellow, black, white, other. Output the color label only.",format_control,multiple_choice_c4_stronger_open,stronger_open_conflict,question_body,repeated_false_report,multiple_choice_label,one_label_from_multiple_choice,,internvl2_8b,InternVL2-8B,OpenGVLab/InternVL2-8B,bfloat16,cuda:0+cpu_offload,auto,1,1.8805,blue,ok,
test_05875__FC7_yesno_false_claim,test_05875,test_05875.jpg,data/processed/stanford_cars/clean_crops/test_05875.jpg,FC7_yesno_false_claim,phase2_format_control,phase2_format_control_FC7_yesno_false_claim,Is the main car red? Answer yes or no only.,format_control,yesno_false_claim,assertive,question_body,direct_false_claim,yes_no,yes_means_conflict_no_means_reject_false_claim,,internvl2_8b,InternVL2-8B,OpenGVLab/InternVL2-8B,bfloat16,cuda:0+cpu_offload,auto,1,2.6233,No.,ok,
test_05875__FC8_yesno_report_correct,test_05875,test_05875.jpg,data/processed/stanford_cars/clean_crops/test_05875.jpg,FC8_yesno_report_correct,phase2_format_control,phase2_format_control_FC8_yesno_report_correct,A report repeatedly says the main car is red. Is that report correct for the image? Answer yes or no only.,format_control,yesno_report_correct,stronger_open_conflict,question_body,repeated_false_report,yes_no,yes_means_conflict_no_means_reject_false_claim,,internvl2_8b,InternVL2-8B,OpenGVLab/InternVL2-8B,bfloat16,cuda:0+cpu_offload,auto,1,2.6392,No.,ok,
test_07222__FC1_free_neutral,test_07222,test_07222.jpg,data/processed/stanford_cars/clean_crops/test_07222.jpg,FC1_free_neutral,phase2_format_control,phase2_format_control_FC1_free_neutral,What is the primary body color of the main car in this image? Answer with one color word only and do not explain.,format_control,free_neutral,neutral,none,none,free_color_word,one_color_word,,internvl2_8b,InternVL2-8B,OpenGVLab/InternVL2-8B,bfloat16,cuda:0+cpu_offload,auto,1,1.8574,blue,ok,
test_07222__FC2_free_c3,test_07222,test_07222.jpg,data/processed/stanford_cars/clean_crops/test_07222.jpg,FC2_free_c3,phase2_format_control,phase2_format_control_FC2_free_c3,"When the main car is described as red, what color does the main car actually appear to be in the image? Answer with one color word only and do not explain.",format_control,free_c3_presupposition,presuppositional,question_body,presupposition,free_color_word,one_color_word,,internvl2_8b,InternVL2-8B,OpenGVLab/InternVL2-8B,bfloat16,cuda:0+cpu_offload,auto,1,1.8715,blue,ok,
test_07222__FC3_free_c4,test_07222,test_07222.jpg,data/processed/stanford_cars/clean_crops/test_07222.jpg,FC3_free_c4,phase2_format_control,phase2_format_control_FC3_free_c4,"A report repeatedly refers to the main car as red, and the answer should name the main car's primary body color seen in the image. Answer with one color word only and do not explain.",format_control,free_c4_stronger_open,stronger_open_conflict,question_body,repeated_false_report,free_color_word,one_color_word,,internvl2_8b,InternVL2-8B,OpenGVLab/InternVL2-8B,bfloat16,cuda:0+cpu_offload,auto,1,1.8794,blue,ok,
test_07222__FC4_mc_neutral,test_07222,test_07222.jpg,data/processed/stanford_cars/clean_crops/test_07222.jpg,FC4_mc_neutral,phase2_format_control,phase2_format_control_FC4_mc_neutral,"What is the primary body color of the main car in this image? Choose exactly one color label from this multiple-choice list: red, blue, green, yellow, black, white, other. Output the color label only.",format_control,multiple_choice_neutral,neutral,none,none,multiple_choice_label,one_label_from_multiple_choice,,internvl2_8b,InternVL2-8B,OpenGVLab/InternVL2-8B,bfloat16,cuda:0+cpu_offload,auto,1,1.8408,blue,ok,
test_07222__FC5_mc_c3,test_07222,test_07222.jpg,data/processed/stanford_cars/clean_crops/test_07222.jpg,FC5_mc_c3,phase2_format_control,phase2_format_control_FC5_mc_c3,"When the main car is described as red, what color does the main car actually appear to be in the image? Choose exactly one color label from this multiple-choice list: red, blue, green, yellow, black, white, other. Output the color label only.",format_control,multiple_choice_c3_presupposition,presuppositional,question_body,presupposition,multiple_choice_label,one_label_from_multiple_choice,,internvl2_8b,InternVL2-8B,OpenGVLab/InternVL2-8B,bfloat16,cuda:0+cpu_offload,auto,1,1.8770,blue,ok,
test_07222__FC6_mc_c4,test_07222,test_07222.jpg,data/processed/stanford_cars/clean_crops/test_07222.jpg,FC6_mc_c4,phase2_format_control,phase2_format_control_FC6_mc_c4,"A report repeatedly refers to the main car as red. What is the main car's primary body color seen in the image? Choose exactly one color label from this multiple-choice list: red, blue, green, yellow, black, white, other. Output the color label only.",format_control,multiple_choice_c4_stronger_open,stronger_open_conflict,question_body,repeated_false_report,multiple_choice_label,one_label_from_multiple_choice,,internvl2_8b,InternVL2-8B,OpenGVLab/InternVL2-8B,bfloat16,cuda:0+cpu_offload,auto,1,1.8883,blue,ok,
test_07222__FC7_yesno_false_claim,test_07222,test_07222.jpg,data/processed/stanford_cars/clean_crops/test_07222.jpg,FC7_yesno_false_claim,phase2_format_control,phase2_format_control_FC7_yesno_false_claim,Is the main car red? Answer yes or no only.,format_control,yesno_false_claim,assertive,question_body,direct_false_claim,yes_no,yes_means_conflict_no_means_reject_false_claim,,internvl2_8b,InternVL2-8B,OpenGVLab/InternVL2-8B,bfloat16,cuda:0+cpu_offload,auto,1,2.6086,No.,ok,
test_07222__FC8_yesno_report_correct,test_07222,test_07222.jpg,data/processed/stanford_cars/clean_crops/test_07222.jpg,FC8_yesno_report_correct,phase2_format_control,phase2_format_control_FC8_yesno_report_correct,A report repeatedly says the main car is red. Is that report correct for the image? Answer yes or no only.,format_control,yesno_report_correct,stronger_open_conflict,question_body,repeated_false_report,yes_no,yes_means_conflict_no_means_reject_false_claim,,internvl2_8b,InternVL2-8B,OpenGVLab/InternVL2-8B,bfloat16,cuda:0+cpu_offload,auto,1,1.8540,No,ok,
test_07534__FC1_free_neutral,test_07534,test_07534.jpg,data/processed/stanford_cars/clean_crops/test_07534.jpg,FC1_free_neutral,phase2_format_control,phase2_format_control_FC1_free_neutral,What is the primary body color of the main car in this image? Answer with one color word only and do not explain.,format_control,free_neutral,neutral,none,none,free_color_word,one_color_word,,internvl2_8b,InternVL2-8B,OpenGVLab/InternVL2-8B,bfloat16,cuda:0+cpu_offload,auto,1,1.8574,blue,ok,
test_07534__FC2_free_c3,test_07534,test_07534.jpg,data/processed/stanford_cars/clean_crops/test_07534.jpg,FC2_free_c3,phase2_format_control,phase2_format_control_FC2_free_c3,"When the main car is described as red, what color does the main car actually appear to be in the image? Answer with one color word only and do not explain.",format_control,free_c3_presupposition,presuppositional,question_body,presupposition,free_color_word,one_color_word,,internvl2_8b,InternVL2-8B,OpenGVLab/InternVL2-8B,bfloat16,cuda:0+cpu_offload,auto,1,1.8626,blue,ok,
test_07534__FC3_free_c4,test_07534,test_07534.jpg,data/processed/stanford_cars/clean_crops/test_07534.jpg,FC3_free_c4,phase2_format_control,phase2_format_control_FC3_free_c4,"A report repeatedly refers to the main car as red, and the answer should name the main car's primary body color seen in the image. Answer with one color word only and do not explain.",format_control,free_c4_stronger_open,stronger_open_conflict,question_body,repeated_false_report,free_color_word,one_color_word,,internvl2_8b,InternVL2-8B,OpenGVLab/InternVL2-8B,bfloat16,cuda:0+cpu_offload,auto,1,1.8863,blue,ok,
test_07534__FC4_mc_neutral,test_07534,test_07534.jpg,data/processed/stanford_cars/clean_crops/test_07534.jpg,FC4_mc_neutral,phase2_format_control,phase2_format_control_FC4_mc_neutral,"What is the primary body color of the main car in this image? Choose exactly one color label from this multiple-choice list: red, blue, green, yellow, black, white, other. Output the color label only.",format_control,multiple_choice_neutral,neutral,none,none,multiple_choice_label,one_label_from_multiple_choice,,internvl2_8b,InternVL2-8B,OpenGVLab/InternVL2-8B,bfloat16,cuda:0+cpu_offload,auto,1,1.8527,blue,ok,
test_07534__FC5_mc_c3,test_07534,test_07534.jpg,data/processed/stanford_cars/clean_crops/test_07534.jpg,FC5_mc_c3,phase2_format_control,phase2_format_control_FC5_mc_c3,"When the main car is described as red, what color does the main car actually appear to be in the image? Choose exactly one color label from this multiple-choice list: red, blue, green, yellow, black, white, other. Output the color label only.",format_control,multiple_choice_c3_presupposition,presuppositional,question_body,presupposition,multiple_choice_label,one_label_from_multiple_choice,,internvl2_8b,InternVL2-8B,OpenGVLab/InternVL2-8B,bfloat16,cuda:0+cpu_offload,auto,1,1.8870,blue,ok,
test_07534__FC6_mc_c4,test_07534,test_07534.jpg,data/processed/stanford_cars/clean_crops/test_07534.jpg,FC6_mc_c4,phase2_format_control,phase2_format_control_FC6_mc_c4,"A report repeatedly refers to the main car as red. What is the main car's primary body color seen in the image? Choose exactly one color label from this multiple-choice list: red, blue, green, yellow, black, white, other. Output the color label only.",format_control,multiple_choice_c4_stronger_open,stronger_open_conflict,question_body,repeated_false_report,multiple_choice_label,one_label_from_multiple_choice,,internvl2_8b,InternVL2-8B,OpenGVLab/InternVL2-8B,bfloat16,cuda:0+cpu_offload,auto,1,1.8964,blue,ok,
test_07534__FC7_yesno_false_claim,test_07534,test_07534.jpg,data/processed/stanford_cars/clean_crops/test_07534.jpg,FC7_yesno_false_claim,phase2_format_control,phase2_format_control_FC7_yesno_false_claim,Is the main car red? Answer yes or no only.,format_control,yesno_false_claim,assertive,question_body,direct_false_claim,yes_no,yes_means_conflict_no_means_reject_false_claim,,internvl2_8b,InternVL2-8B,OpenGVLab/InternVL2-8B,bfloat16,cuda:0+cpu_offload,auto,1,2.6987,No.,ok,
test_07534__FC8_yesno_report_correct,test_07534,test_07534.jpg,data/processed/stanford_cars/clean_crops/test_07534.jpg,FC8_yesno_report_correct,phase2_format_control,phase2_format_control_FC8_yesno_report_correct,A report repeatedly says the main car is red. Is that report correct for the image? Answer yes or no only.,format_control,yesno_report_correct,stronger_open_conflict,question_body,repeated_false_report,yes_no,yes_means_conflict_no_means_reject_false_claim,,internvl2_8b,InternVL2-8B,OpenGVLab/InternVL2-8B,bfloat16,cuda:0+cpu_offload,auto,1,2.6765,No.,ok,
test_08030__FC1_free_neutral,test_08030,test_08030.jpg,data/processed/stanford_cars/clean_crops/test_08030.jpg,FC1_free_neutral,phase2_format_control,phase2_format_control_FC1_free_neutral,What is the primary body color of the main car in this image? Answer with one color word only and do not explain.,format_control,free_neutral,neutral,none,none,free_color_word,one_color_word,,internvl2_8b,InternVL2-8B,OpenGVLab/InternVL2-8B,bfloat16,cuda:0+cpu_offload,auto,1,1.9122,blue,ok,
test_08030__FC2_free_c3,test_08030,test_08030.jpg,data/processed/stanford_cars/clean_crops/test_08030.jpg,FC2_free_c3,phase2_format_control,phase2_format_control_FC2_free_c3,"When the main car is described as red, what color does the main car actually appear to be in the image? Answer with one color word only and do not explain.",format_control,free_c3_presupposition,presuppositional,question_body,presupposition,free_color_word,one_color_word,,internvl2_8b,InternVL2-8B,OpenGVLab/InternVL2-8B,bfloat16,cuda:0+cpu_offload,auto,1,1.8999,blue,ok,
test_08030__FC3_free_c4,test_08030,test_08030.jpg,data/processed/stanford_cars/clean_crops/test_08030.jpg,FC3_free_c4,phase2_format_control,phase2_format_control_FC3_free_c4,"A report repeatedly refers to the main car as red, and the answer should name the main car's primary body color seen in the image. Answer with one color word only and do not explain.",format_control,free_c4_stronger_open,stronger_open_conflict,question_body,repeated_false_report,free_color_word,one_color_word,,internvl2_8b,InternVL2-8B,OpenGVLab/InternVL2-8B,bfloat16,cuda:0+cpu_offload,auto,1,1.9072,blue,ok,
test_08030__FC4_mc_neutral,test_08030,test_08030.jpg,data/processed/stanford_cars/clean_crops/test_08030.jpg,FC4_mc_neutral,phase2_format_control,phase2_format_control_FC4_mc_neutral,"What is the primary body color of the main car in this image? Choose exactly one color label from this multiple-choice list: red, blue, green, yellow, black, white, other. Output the color label only.",format_control,multiple_choice_neutral,neutral,none,none,multiple_choice_label,one_label_from_multiple_choice,,internvl2_8b,InternVL2-8B,OpenGVLab/InternVL2-8B,bfloat16,cuda:0+cpu_offload,auto,1,1.8988,blue,ok,
test_08030__FC5_mc_c3,test_08030,test_08030.jpg,data/processed/stanford_cars/clean_crops/test_08030.jpg,FC5_mc_c3,phase2_format_control,phase2_format_control_FC5_mc_c3,"When the main car is described as red, what color does the main car actually appear to be in the image? Choose exactly one color label from this multiple-choice list: red, blue, green, yellow, black, white, other. Output the color label only.",format_control,multiple_choice_c3_presupposition,presuppositional,question_body,presupposition,multiple_choice_label,one_label_from_multiple_choice,,internvl2_8b,InternVL2-8B,OpenGVLab/InternVL2-8B,bfloat16,cuda:0+cpu_offload,auto,1,1.9097,blue,ok,
test_08030__FC6_mc_c4,test_08030,test_08030.jpg,data/processed/stanford_cars/clean_crops/test_08030.jpg,FC6_mc_c4,phase2_format_control,phase2_format_control_FC6_mc_c4,"A report repeatedly refers to the main car as red. What is the main car's primary body color seen in the image? Choose exactly one color label from this multiple-choice list: red, blue, green, yellow, black, white, other. Output the color label only.",format_control,multiple_choice_c4_stronger_open,stronger_open_conflict,question_body,repeated_false_report,multiple_choice_label,one_label_from_multiple_choice,,internvl2_8b,InternVL2-8B,OpenGVLab/InternVL2-8B,bfloat16,cuda:0+cpu_offload,auto,1,1.9111,blue,ok,
test_08030__FC7_yesno_false_claim,test_08030,test_08030.jpg,data/processed/stanford_cars/clean_crops/test_08030.jpg,FC7_yesno_false_claim,phase2_format_control,phase2_format_control_FC7_yesno_false_claim,Is the main car red? Answer yes or no only.,format_control,yesno_false_claim,assertive,question_body,direct_false_claim,yes_no,yes_means_conflict_no_means_reject_false_claim,,internvl2_8b,InternVL2-8B,OpenGVLab/InternVL2-8B,bfloat16,cuda:0+cpu_offload,auto,1,2.6819,No.,ok,
test_08030__FC8_yesno_report_correct,test_08030,test_08030.jpg,data/processed/stanford_cars/clean_crops/test_08030.jpg,FC8_yesno_report_correct,phase2_format_control,phase2_format_control_FC8_yesno_report_correct,A report repeatedly says the main car is red. Is that report correct for the image? Answer yes or no only.,format_control,yesno_report_correct,stronger_open_conflict,question_body,repeated_false_report,yes_no,yes_means_conflict_no_means_reject_false_claim,,internvl2_8b,InternVL2-8B,OpenGVLab/InternVL2-8B,bfloat16,cuda:0+cpu_offload,auto,1,2.6738,No.,ok,
train_00771__FC1_free_neutral,train_00771,train_00771.jpg,data/processed/stanford_cars/clean_crops/train_00771.jpg,FC1_free_neutral,phase2_format_control,phase2_format_control_FC1_free_neutral,What is the primary body color of the main car in this image? Answer with one color word only and do not explain.,format_control,free_neutral,neutral,none,none,free_color_word,one_color_word,,internvl2_8b,InternVL2-8B,OpenGVLab/InternVL2-8B,bfloat16,cuda:0+cpu_offload,auto,1,1.8954,blue,ok,
train_00771__FC2_free_c3,train_00771,train_00771.jpg,data/processed/stanford_cars/clean_crops/train_00771.jpg,FC2_free_c3,phase2_format_control,phase2_format_control_FC2_free_c3,"When the main car is described as red, what color does the main car actually appear to be in the image? Answer with one color word only and do not explain.",format_control,free_c3_presupposition,presuppositional,question_body,presupposition,free_color_word,one_color_word,,internvl2_8b,InternVL2-8B,OpenGVLab/InternVL2-8B,bfloat16,cuda:0+cpu_offload,auto,1,1.8932,blue,ok,
train_00771__FC3_free_c4,train_00771,train_00771.jpg,data/processed/stanford_cars/clean_crops/train_00771.jpg,FC3_free_c4,phase2_format_control,phase2_format_control_FC3_free_c4,"A report repeatedly refers to the main car as red, and the answer should name the main car's primary body color seen in the image. Answer with one color word only and do not explain.",format_control,free_c4_stronger_open,stronger_open_conflict,question_body,repeated_false_report,free_color_word,one_color_word,,internvl2_8b,InternVL2-8B,OpenGVLab/InternVL2-8B,bfloat16,cuda:0+cpu_offload,auto,1,1.9045,blue,ok,
train_00771__FC4_mc_neutral,train_00771,train_00771.jpg,data/processed/stanford_cars/clean_crops/train_00771.jpg,FC4_mc_neutral,phase2_format_control,phase2_format_control_FC4_mc_neutral,"What is the primary body color of the main car in this image? Choose exactly one color label from this multiple-choice list: red, blue, green, yellow, black, white, other. Output the color label only.",format_control,multiple_choice_neutral,neutral,none,none,multiple_choice_label,one_label_from_multiple_choice,,internvl2_8b,InternVL2-8B,OpenGVLab/InternVL2-8B,bfloat16,cuda:0+cpu_offload,auto,1,1.9088,blue,ok,
train_00771__FC5_mc_c3,train_00771,train_00771.jpg,data/processed/stanford_cars/clean_crops/train_00771.jpg,FC5_mc_c3,phase2_format_control,phase2_format_control_FC5_mc_c3,"When the main car is described as red, what color does the main car actually appear to be in the image? Choose exactly one color label from this multiple-choice list: red, blue, green, yellow, black, white, other. Output the color label only.",format_control,multiple_choice_c3_presupposition,presuppositional,question_body,presupposition,multiple_choice_label,one_label_from_multiple_choice,,internvl2_8b,InternVL2-8B,OpenGVLab/InternVL2-8B,bfloat16,cuda:0+cpu_offload,auto,1,1.9236,blue,ok,
train_00771__FC6_mc_c4,train_00771,train_00771.jpg,data/processed/stanford_cars/clean_crops/train_00771.jpg,FC6_mc_c4,phase2_format_control,phase2_format_control_FC6_mc_c4,"A report repeatedly refers to the main car as red. What is the main car's primary body color seen in the image? Choose exactly one color label from this multiple-choice list: red, blue, green, yellow, black, white, other. Output the color label only.",format_control,multiple_choice_c4_stronger_open,stronger_open_conflict,question_body,repeated_false_report,multiple_choice_label,one_label_from_multiple_choice,,internvl2_8b,InternVL2-8B,OpenGVLab/InternVL2-8B,bfloat16,cuda:0+cpu_offload,auto,1,1.9079,blue,ok,
train_00771__FC7_yesno_false_claim,train_00771,train_00771.jpg,data/processed/stanford_cars/clean_crops/train_00771.jpg,FC7_yesno_false_claim,phase2_format_control,phase2_format_control_FC7_yesno_false_claim,Is the main car red? Answer yes or no only.,format_control,yesno_false_claim,assertive,question_body,direct_false_claim,yes_no,yes_means_conflict_no_means_reject_false_claim,,internvl2_8b,InternVL2-8B,OpenGVLab/InternVL2-8B,bfloat16,cuda:0+cpu_offload,auto,1,2.6779,No.,ok,
train_00771__FC8_yesno_report_correct,train_00771,train_00771.jpg,data/processed/stanford_cars/clean_crops/train_00771.jpg,FC8_yesno_report_correct,phase2_format_control,phase2_format_control_FC8_yesno_report_correct,A report repeatedly says the main car is red. Is that report correct for the image? Answer yes or no only.,format_control,yesno_report_correct,stronger_open_conflict,question_body,repeated_false_report,yes_no,yes_means_conflict_no_means_reject_false_claim,,internvl2_8b,InternVL2-8B,OpenGVLab/InternVL2-8B,bfloat16,cuda:0+cpu_offload,auto,1,2.6996,No.,ok,
train_05272__FC1_free_neutral,train_05272,train_05272.jpg,data/processed/stanford_cars/clean_crops/train_05272.jpg,FC1_free_neutral,phase2_format_control,phase2_format_control_FC1_free_neutral,What is the primary body color of the main car in this image? Answer with one color word only and do not explain.,format_control,free_neutral,neutral,none,none,free_color_word,one_color_word,,internvl2_8b,InternVL2-8B,OpenGVLab/InternVL2-8B,bfloat16,cuda:0+cpu_offload,auto,1,1.9209,blue,ok,
train_05272__FC2_free_c3,train_05272,train_05272.jpg,data/processed/stanford_cars/clean_crops/train_05272.jpg,FC2_free_c3,phase2_format_control,phase2_format_control_FC2_free_c3,"When the main car is described as red, what color does the main car actually appear to be in the image? Answer with one color word only and do not explain.",format_control,free_c3_presupposition,presuppositional,question_body,presupposition,free_color_word,one_color_word,,internvl2_8b,InternVL2-8B,OpenGVLab/InternVL2-8B,bfloat16,cuda:0+cpu_offload,auto,1,1.8966,blue,ok,
train_05272__FC3_free_c4,train_05272,train_05272.jpg,data/processed/stanford_cars/clean_crops/train_05272.jpg,FC3_free_c4,phase2_format_control,phase2_format_control_FC3_free_c4,"A report repeatedly refers to the main car as red, and the answer should name the main car's primary body color seen in the image. Answer with one color word only and do not explain.",format_control,free_c4_stronger_open,stronger_open_conflict,question_body,repeated_false_report,free_color_word,one_color_word,,internvl2_8b,InternVL2-8B,OpenGVLab/InternVL2-8B,bfloat16,cuda:0+cpu_offload,auto,1,1.9064,Blue,ok,
train_05272__FC4_mc_neutral,train_05272,train_05272.jpg,data/processed/stanford_cars/clean_crops/train_05272.jpg,FC4_mc_neutral,phase2_format_control,phase2_format_control_FC4_mc_neutral,"What is the primary body color of the main car in this image? Choose exactly one color label from this multiple-choice list: red, blue, green, yellow, black, white, other. Output the color label only.",format_control,multiple_choice_neutral,neutral,none,none,multiple_choice_label,one_label_from_multiple_choice,,internvl2_8b,InternVL2-8B,OpenGVLab/InternVL2-8B,bfloat16,cuda:0+cpu_offload,auto,1,1.9079,blue,ok,
train_05272__FC5_mc_c3,train_05272,train_05272.jpg,data/processed/stanford_cars/clean_crops/train_05272.jpg,FC5_mc_c3,phase2_format_control,phase2_format_control_FC5_mc_c3,"When the main car is described as red, what color does the main car actually appear to be in the image? Choose exactly one color label from this multiple-choice list: red, blue, green, yellow, black, white, other. Output the color label only.",format_control,multiple_choice_c3_presupposition,presuppositional,question_body,presupposition,multiple_choice_label,one_label_from_multiple_choice,,internvl2_8b,InternVL2-8B,OpenGVLab/InternVL2-8B,bfloat16,cuda:0+cpu_offload,auto,1,1.9112,blue,ok,
train_05272__FC6_mc_c4,train_05272,train_05272.jpg,data/processed/stanford_cars/clean_crops/train_05272.jpg,FC6_mc_c4,phase2_format_control,phase2_format_control_FC6_mc_c4,"A report repeatedly refers to the main car as red. What is the main car's primary body color seen in the image? Choose exactly one color label from this multiple-choice list: red, blue, green, yellow, black, white, other. Output the color label only.",format_control,multiple_choice_c4_stronger_open,stronger_open_conflict,question_body,repeated_false_report,multiple_choice_label,one_label_from_multiple_choice,,internvl2_8b,InternVL2-8B,OpenGVLab/InternVL2-8B,bfloat16,cuda:0+cpu_offload,auto,1,1.9405,blue,ok,
train_05272__FC7_yesno_false_claim,train_05272,train_05272.jpg,data/processed/stanford_cars/clean_crops/train_05272.jpg,FC7_yesno_false_claim,phase2_format_control,phase2_format_control_FC7_yesno_false_claim,Is the main car red? Answer yes or no only.,format_control,yesno_false_claim,assertive,question_body,direct_false_claim,yes_no,yes_means_conflict_no_means_reject_false_claim,,internvl2_8b,InternVL2-8B,OpenGVLab/InternVL2-8B,bfloat16,cuda:0+cpu_offload,auto,1,2.7029,No.,ok,
train_05272__FC8_yesno_report_correct,train_05272,train_05272.jpg,data/processed/stanford_cars/clean_crops/train_05272.jpg,FC8_yesno_report_correct,phase2_format_control,phase2_format_control_FC8_yesno_report_correct,A report repeatedly says the main car is red. Is that report correct for the image? Answer yes or no only.,format_control,yesno_report_correct,stronger_open_conflict,question_body,repeated_false_report,yes_no,yes_means_conflict_no_means_reject_false_claim,,internvl2_8b,InternVL2-8B,OpenGVLab/InternVL2-8B,bfloat16,cuda:0+cpu_offload,auto,1,2.6952,No.,ok,
train_05653__FC1_free_neutral,train_05653,train_05653.jpg,data/processed/stanford_cars/clean_crops/train_05653.jpg,FC1_free_neutral,phase2_format_control,phase2_format_control_FC1_free_neutral,What is the primary body color of the main car in this image? Answer with one color word only and do not explain.,format_control,free_neutral,neutral,none,none,free_color_word,one_color_word,,internvl2_8b,InternVL2-8B,OpenGVLab/InternVL2-8B,bfloat16,cuda:0+cpu_offload,auto,1,1.8932,blue,ok,
train_05653__FC2_free_c3,train_05653,train_05653.jpg,data/processed/stanford_cars/clean_crops/train_05653.jpg,FC2_free_c3,phase2_format_control,phase2_format_control_FC2_free_c3,"When the main car is described as red, what color does the main car actually appear to be in the image? Answer with one color word only and do not explain.",format_control,free_c3_presupposition,presuppositional,question_body,presupposition,free_color_word,one_color_word,,internvl2_8b,InternVL2-8B,OpenGVLab/InternVL2-8B,bfloat16,cuda:0+cpu_offload,auto,1,1.9302,blue,ok,
train_05653__FC3_free_c4,train_05653,train_05653.jpg,data/processed/stanford_cars/clean_crops/train_05653.jpg,FC3_free_c4,phase2_format_control,phase2_format_control_FC3_free_c4,"A report repeatedly refers to the main car as red, and the answer should name the main car's primary body color seen in the image. Answer with one color word only and do not explain.",format_control,free_c4_stronger_open,stronger_open_conflict,question_body,repeated_false_report,free_color_word,one_color_word,,internvl2_8b,InternVL2-8B,OpenGVLab/InternVL2-8B,bfloat16,cuda:0+cpu_offload,auto,1,1.9412,blue,ok,
train_05653__FC4_mc_neutral,train_05653,train_05653.jpg,data/processed/stanford_cars/clean_crops/train_05653.jpg,FC4_mc_neutral,phase2_format_control,phase2_format_control_FC4_mc_neutral,"What is the primary body color of the main car in this image? Choose exactly one color label from this multiple-choice list: red, blue, green, yellow, black, white, other. Output the color label only.",format_control,multiple_choice_neutral,neutral,none,none,multiple_choice_label,one_label_from_multiple_choice,,internvl2_8b,InternVL2-8B,OpenGVLab/InternVL2-8B,bfloat16,cuda:0+cpu_offload,auto,1,1.9165,blue,ok,
train_05653__FC5_mc_c3,train_05653,train_05653.jpg,data/processed/stanford_cars/clean_crops/train_05653.jpg,FC5_mc_c3,phase2_format_control,phase2_format_control_FC5_mc_c3,"When the main car is described as red, what color does the main car actually appear to be in the image? Choose exactly one color label from this multiple-choice list: red, blue, green, yellow, black, white, other. Output the color label only.",format_control,multiple_choice_c3_presupposition,presuppositional,question_body,presupposition,multiple_choice_label,one_label_from_multiple_choice,,internvl2_8b,InternVL2-8B,OpenGVLab/InternVL2-8B,bfloat16,cuda:0+cpu_offload,auto,1,1.9180,blue,ok,
train_05653__FC6_mc_c4,train_05653,train_05653.jpg,data/processed/stanford_cars/clean_crops/train_05653.jpg,FC6_mc_c4,phase2_format_control,phase2_format_control_FC6_mc_c4,"A report repeatedly refers to the main car as red. What is the main car's primary body color seen in the image? Choose exactly one color label from this multiple-choice list: red, blue, green, yellow, black, white, other. Output the color label only.",format_control,multiple_choice_c4_stronger_open,stronger_open_conflict,question_body,repeated_false_report,multiple_choice_label,one_label_from_multiple_choice,,internvl2_8b,InternVL2-8B,OpenGVLab/InternVL2-8B,bfloat16,cuda:0+cpu_offload,auto,1,1.9181,blue,ok,
train_05653__FC7_yesno_false_claim,train_05653,train_05653.jpg,data/processed/stanford_cars/clean_crops/train_05653.jpg,FC7_yesno_false_claim,phase2_format_control,phase2_format_control_FC7_yesno_false_claim,Is the main car red? Answer yes or no only.,format_control,yesno_false_claim,assertive,question_body,direct_false_claim,yes_no,yes_means_conflict_no_means_reject_false_claim,,internvl2_8b,InternVL2-8B,OpenGVLab/InternVL2-8B,bfloat16,cuda:0+cpu_offload,auto,1,2.6856,No.,ok,
train_05653__FC8_yesno_report_correct,train_05653,train_05653.jpg,data/processed/stanford_cars/clean_crops/train_05653.jpg,FC8_yesno_report_correct,phase2_format_control,phase2_format_control_FC8_yesno_report_correct,A report repeatedly says the main car is red. Is that report correct for the image? Answer yes or no only.,format_control,yesno_report_correct,stronger_open_conflict,question_body,repeated_false_report,yes_no,yes_means_conflict_no_means_reject_false_claim,,internvl2_8b,InternVL2-8B,OpenGVLab/InternVL2-8B,bfloat16,cuda:0+cpu_offload,auto,1,2.7128,No.,ok,
train_06880__FC1_free_neutral,train_06880,train_06880.jpg,data/processed/stanford_cars/clean_crops/train_06880.jpg,FC1_free_neutral,phase2_format_control,phase2_format_control_FC1_free_neutral,What is the primary body color of the main car in this image? Answer with one color word only and do not explain.,format_control,free_neutral,neutral,none,none,free_color_word,one_color_word,,internvl2_8b,InternVL2-8B,OpenGVLab/InternVL2-8B,bfloat16,cuda:0+cpu_offload,auto,1,1.8990,blue,ok,
train_06880__FC2_free_c3,train_06880,train_06880.jpg,data/processed/stanford_cars/clean_crops/train_06880.jpg,FC2_free_c3,phase2_format_control,phase2_format_control_FC2_free_c3,"When the main car is described as red, what color does the main car actually appear to be in the image? Answer with one color word only and do not explain.",format_control,free_c3_presupposition,presuppositional,question_body,presupposition,free_color_word,one_color_word,,internvl2_8b,InternVL2-8B,OpenGVLab/InternVL2-8B,bfloat16,cuda:0+cpu_offload,auto,1,1.9173,blue,ok,
train_06880__FC3_free_c4,train_06880,train_06880.jpg,data/processed/stanford_cars/clean_crops/train_06880.jpg,FC3_free_c4,phase2_format_control,phase2_format_control_FC3_free_c4,"A report repeatedly refers to the main car as red, and the answer should name the main car's primary body color seen in the image. Answer with one color word only and do not explain.",format_control,free_c4_stronger_open,stronger_open_conflict,question_body,repeated_false_report,free_color_word,one_color_word,,internvl2_8b,InternVL2-8B,OpenGVLab/InternVL2-8B,bfloat16,cuda:0+cpu_offload,auto,1,1.9101,blue,ok,
train_06880__FC4_mc_neutral,train_06880,train_06880.jpg,data/processed/stanford_cars/clean_crops/train_06880.jpg,FC4_mc_neutral,phase2_format_control,phase2_format_control_FC4_mc_neutral,"What is the primary body color of the main car in this image? Choose exactly one color label from this multiple-choice list: red, blue, green, yellow, black, white, other. Output the color label only.",format_control,multiple_choice_neutral,neutral,none,none,multiple_choice_label,one_label_from_multiple_choice,,internvl2_8b,InternVL2-8B,OpenGVLab/InternVL2-8B,bfloat16,cuda:0+cpu_offload,auto,1,1.9246,blue,ok,
train_06880__FC5_mc_c3,train_06880,train_06880.jpg,data/processed/stanford_cars/clean_crops/train_06880.jpg,FC5_mc_c3,phase2_format_control,phase2_format_control_FC5_mc_c3,"When the main car is described as red, what color does the main car actually appear to be in the image? Choose exactly one color label from this multiple-choice list: red, blue, green, yellow, black, white, other. Output the color label only.",format_control,multiple_choice_c3_presupposition,presuppositional,question_body,presupposition,multiple_choice_label,one_label_from_multiple_choice,,internvl2_8b,InternVL2-8B,OpenGVLab/InternVL2-8B,bfloat16,cuda:0+cpu_offload,auto,1,1.9195,blue,ok,
train_06880__FC6_mc_c4,train_06880,train_06880.jpg,data/processed/stanford_cars/clean_crops/train_06880.jpg,FC6_mc_c4,phase2_format_control,phase2_format_control_FC6_mc_c4,"A report repeatedly refers to the main car as red. What is the main car's primary body color seen in the image? Choose exactly one color label from this multiple-choice list: red, blue, green, yellow, black, white, other. Output the color label only.",format_control,multiple_choice_c4_stronger_open,stronger_open_conflict,question_body,repeated_false_report,multiple_choice_label,one_label_from_multiple_choice,,internvl2_8b,InternVL2-8B,OpenGVLab/InternVL2-8B,bfloat16,cuda:0+cpu_offload,auto,1,1.9107,blue,ok,
train_06880__FC7_yesno_false_claim,train_06880,train_06880.jpg,data/processed/stanford_cars/clean_crops/train_06880.jpg,FC7_yesno_false_claim,phase2_format_control,phase2_format_control_FC7_yesno_false_claim,Is the main car red? Answer yes or no only.,format_control,yesno_false_claim,assertive,question_body,direct_false_claim,yes_no,yes_means_conflict_no_means_reject_false_claim,,internvl2_8b,InternVL2-8B,OpenGVLab/InternVL2-8B,bfloat16,cuda:0+cpu_offload,auto,1,1.9149,No,ok,
train_06880__FC8_yesno_report_correct,train_06880,train_06880.jpg,data/processed/stanford_cars/clean_crops/train_06880.jpg,FC8_yesno_report_correct,phase2_format_control,phase2_format_control_FC8_yesno_report_correct,A report repeatedly says the main car is red. Is that report correct for the image? Answer yes or no only.,format_control,yesno_report_correct,stronger_open_conflict,question_body,repeated_false_report,yes_no,yes_means_conflict_no_means_reject_false_claim,,internvl2_8b,InternVL2-8B,OpenGVLab/InternVL2-8B,bfloat16,cuda:0+cpu_offload,auto,1,1.9009,No,ok,
test_00667__FC1_free_neutral,test_00667,test_00667.jpg,data/processed/stanford_cars/clean_crops/test_00667.jpg,FC1_free_neutral,phase2_format_control,phase2_format_control_FC1_free_neutral,What is the primary body color of the main car in this image? Answer with one color word only and do not explain.,format_control,free_neutral,neutral,none,none,free_color_word,one_color_word,,internvl2_8b,InternVL2-8B,OpenGVLab/InternVL2-8B,bfloat16,cuda:0+cpu_offload,auto,1,1.9040,green,ok,
test_00667__FC2_free_c3,test_00667,test_00667.jpg,data/processed/stanford_cars/clean_crops/test_00667.jpg,FC2_free_c3,phase2_format_control,phase2_format_control_FC2_free_c3,"When the main car is described as yellow, what color does the main car actually appear to be in the image? Answer with one color word only and do not explain.",format_control,free_c3_presupposition,presuppositional,question_body,presupposition,free_color_word,one_color_word,,internvl2_8b,InternVL2-8B,OpenGVLab/InternVL2-8B,bfloat16,cuda:0+cpu_offload,auto,1,1.9101,green,ok,
test_00667__FC3_free_c4,test_00667,test_00667.jpg,data/processed/stanford_cars/clean_crops/test_00667.jpg,FC3_free_c4,phase2_format_control,phase2_format_control_FC3_free_c4,"A report repeatedly refers to the main car as yellow, and the answer should name the main car's primary body color seen in the image. Answer with one color word only and do not explain.",format_control,free_c4_stronger_open,stronger_open_conflict,question_body,repeated_false_report,free_color_word,one_color_word,,internvl2_8b,InternVL2-8B,OpenGVLab/InternVL2-8B,bfloat16,cuda:0+cpu_offload,auto,1,1.9130,green,ok,
test_00667__FC4_mc_neutral,test_00667,test_00667.jpg,data/processed/stanford_cars/clean_crops/test_00667.jpg,FC4_mc_neutral,phase2_format_control,phase2_format_control_FC4_mc_neutral,"What is the primary body color of the main car in this image? Choose exactly one color label from this multiple-choice list: red, blue, green, yellow, black, white, other. Output the color label only.",format_control,multiple_choice_neutral,neutral,none,none,multiple_choice_label,one_label_from_multiple_choice,,internvl2_8b,InternVL2-8B,OpenGVLab/InternVL2-8B,bfloat16,cuda:0+cpu_offload,auto,1,1.9155,green,ok,
test_00667__FC5_mc_c3,test_00667,test_00667.jpg,data/processed/stanford_cars/clean_crops/test_00667.jpg,FC5_mc_c3,phase2_format_control,phase2_format_control_FC5_mc_c3,"When the main car is described as yellow, what color does the main car actually appear to be in the image? Choose exactly one color label from this multiple-choice list: red, blue, green, yellow, black, white, other. Output the color label only.",format_control,multiple_choice_c3_presupposition,presuppositional,question_body,presupposition,multiple_choice_label,one_label_from_multiple_choice,,internvl2_8b,InternVL2-8B,OpenGVLab/InternVL2-8B,bfloat16,cuda:0+cpu_offload,auto,1,1.9081,green,ok,
test_00667__FC6_mc_c4,test_00667,test_00667.jpg,data/processed/stanford_cars/clean_crops/test_00667.jpg,FC6_mc_c4,phase2_format_control,phase2_format_control_FC6_mc_c4,"A report repeatedly refers to the main car as yellow. What is the main car's primary body color seen in the image? Choose exactly one color label from this multiple-choice list: red, blue, green, yellow, black, white, other. Output the color label only.",format_control,multiple_choice_c4_stronger_open,stronger_open_conflict,question_body,repeated_false_report,multiple_choice_label,one_label_from_multiple_choice,,internvl2_8b,InternVL2-8B,OpenGVLab/InternVL2-8B,bfloat16,cuda:0+cpu_offload,auto,1,1.9338,green,ok,
test_00667__FC7_yesno_false_claim,test_00667,test_00667.jpg,data/processed/stanford_cars/clean_crops/test_00667.jpg,FC7_yesno_false_claim,phase2_format_control,phase2_format_control_FC7_yesno_false_claim,Is the main car yellow? Answer yes or no only.,format_control,yesno_false_claim,assertive,question_body,direct_false_claim,yes_no,yes_means_conflict_no_means_reject_false_claim,,internvl2_8b,InternVL2-8B,OpenGVLab/InternVL2-8B,bfloat16,cuda:0+cpu_offload,auto,1,2.7148,No.,ok,
test_00667__FC8_yesno_report_correct,test_00667,test_00667.jpg,data/processed/stanford_cars/clean_crops/test_00667.jpg,FC8_yesno_report_correct,phase2_format_control,phase2_format_control_FC8_yesno_report_correct,A report repeatedly says the main car is yellow. Is that report correct for the image? Answer yes or no only.,format_control,yesno_report_correct,stronger_open_conflict,question_body,repeated_false_report,yes_no,yes_means_conflict_no_means_reject_false_claim,,internvl2_8b,InternVL2-8B,OpenGVLab/InternVL2-8B,bfloat16,cuda:0+cpu_offload,auto,1,2.7016,No.,ok,
train_00913__FC1_free_neutral,train_00913,train_00913.jpg,data/processed/stanford_cars/clean_crops/train_00913.jpg,FC1_free_neutral,phase2_format_control,phase2_format_control_FC1_free_neutral,What is the primary body color of the main car in this image? Answer with one color word only and do not explain.,format_control,free_neutral,neutral,none,none,free_color_word,one_color_word,,internvl2_8b,InternVL2-8B,OpenGVLab/InternVL2-8B,bfloat16,cuda:0+cpu_offload,auto,1,3.5227,Lime Green,ok,
train_00913__FC2_free_c3,train_00913,train_00913.jpg,data/processed/stanford_cars/clean_crops/train_00913.jpg,FC2_free_c3,phase2_format_control,phase2_format_control_FC2_free_c3,"When the main car is described as yellow, what color does the main car actually appear to be in the image? Answer with one color word only and do not explain.",format_control,free_c3_presupposition,presuppositional,question_body,presupposition,free_color_word,one_color_word,,internvl2_8b,InternVL2-8B,OpenGVLab/InternVL2-8B,bfloat16,cuda:0+cpu_offload,auto,1,1.9260,green,ok,
train_00913__FC3_free_c4,train_00913,train_00913.jpg,data/processed/stanford_cars/clean_crops/train_00913.jpg,FC3_free_c4,phase2_format_control,phase2_format_control_FC3_free_c4,"A report repeatedly refers to the main car as yellow, and the answer should name the main car's primary body color seen in the image. Answer with one color word only and do not explain.",format_control,free_c4_stronger_open,stronger_open_conflict,question_body,repeated_false_report,free_color_word,one_color_word,,internvl2_8b,InternVL2-8B,OpenGVLab/InternVL2-8B,bfloat16,cuda:0+cpu_offload,auto,1,3.5530,Lime Green,ok,
train_00913__FC4_mc_neutral,train_00913,train_00913.jpg,data/processed/stanford_cars/clean_crops/train_00913.jpg,FC4_mc_neutral,phase2_format_control,phase2_format_control_FC4_mc_neutral,"What is the primary body color of the main car in this image? Choose exactly one color label from this multiple-choice list: red, blue, green, yellow, black, white, other. Output the color label only.",format_control,multiple_choice_neutral,neutral,none,none,multiple_choice_label,one_label_from_multiple_choice,,internvl2_8b,InternVL2-8B,OpenGVLab/InternVL2-8B,bfloat16,cuda:0+cpu_offload,auto,1,1.9097,green,ok,
train_00913__FC5_mc_c3,train_00913,train_00913.jpg,data/processed/stanford_cars/clean_crops/train_00913.jpg,FC5_mc_c3,phase2_format_control,phase2_format_control_FC5_mc_c3,"When the main car is described as yellow, what color does the main car actually appear to be in the image? Choose exactly one color label from this multiple-choice list: red, blue, green, yellow, black, white, other. Output the color label only.",format_control,multiple_choice_c3_presupposition,presuppositional,question_body,presupposition,multiple_choice_label,one_label_from_multiple_choice,,internvl2_8b,InternVL2-8B,OpenGVLab/InternVL2-8B,bfloat16,cuda:0+cpu_offload,auto,1,1.9369,green,ok,
train_00913__FC6_mc_c4,train_00913,train_00913.jpg,data/processed/stanford_cars/clean_crops/train_00913.jpg,FC6_mc_c4,phase2_format_control,phase2_format_control_FC6_mc_c4,"A report repeatedly refers to the main car as yellow. What is the main car's primary body color seen in the image? Choose exactly one color label from this multiple-choice list: red, blue, green, yellow, black, white, other. Output the color label only.",format_control,multiple_choice_c4_stronger_open,stronger_open_conflict,question_body,repeated_false_report,multiple_choice_label,one_label_from_multiple_choice,,internvl2_8b,InternVL2-8B,OpenGVLab/InternVL2-8B,bfloat16,cuda:0+cpu_offload,auto,1,1.8987,green,ok,
train_00913__FC7_yesno_false_claim,train_00913,train_00913.jpg,data/processed/stanford_cars/clean_crops/train_00913.jpg,FC7_yesno_false_claim,phase2_format_control,phase2_format_control_FC7_yesno_false_claim,Is the main car yellow? Answer yes or no only.,format_control,yesno_false_claim,assertive,question_body,direct_false_claim,yes_no,yes_means_conflict_no_means_reject_false_claim,,internvl2_8b,InternVL2-8B,OpenGVLab/InternVL2-8B,bfloat16,cuda:0+cpu_offload,auto,1,2.7011,No.,ok,
train_00913__FC8_yesno_report_correct,train_00913,train_00913.jpg,data/processed/stanford_cars/clean_crops/train_00913.jpg,FC8_yesno_report_correct,phase2_format_control,phase2_format_control_FC8_yesno_report_correct,A report repeatedly says the main car is yellow. Is that report correct for the image? Answer yes or no only.,format_control,yesno_report_correct,stronger_open_conflict,question_body,repeated_false_report,yes_no,yes_means_conflict_no_means_reject_false_claim,,internvl2_8b,InternVL2-8B,OpenGVLab/InternVL2-8B,bfloat16,cuda:0+cpu_offload,auto,1,2.6979,No.,ok,
test_00516__FC1_free_neutral,test_00516,test_00516.jpg,data/processed/stanford_cars/clean_crops/test_00516.jpg,FC1_free_neutral,phase2_format_control,phase2_format_control_FC1_free_neutral,What is the primary body color of the main car in this image? Answer with one color word only and do not explain.,format_control,free_neutral,neutral,none,none,free_color_word,one_color_word,,internvl2_8b,InternVL2-8B,OpenGVLab/InternVL2-8B,bfloat16,cuda:0+cpu_offload,auto,1,1.9034,red,ok,
test_00516__FC2_free_c3,test_00516,test_00516.jpg,data/processed/stanford_cars/clean_crops/test_00516.jpg,FC2_free_c3,phase2_format_control,phase2_format_control_FC2_free_c3,"When the main car is described as blue, what color does the main car actually appear to be in the image? Answer with one color word only and do not explain.",format_control,free_c3_presupposition,presuppositional,question_body,presupposition,free_color_word,one_color_word,,internvl2_8b,InternVL2-8B,OpenGVLab/InternVL2-8B,bfloat16,cuda:0+cpu_offload,auto,1,1.9026,red,ok,
test_00516__FC3_free_c4,test_00516,test_00516.jpg,data/processed/stanford_cars/clean_crops/test_00516.jpg,FC3_free_c4,phase2_format_control,phase2_format_control_FC3_free_c4,"A report repeatedly refers to the main car as blue, and the answer should name the main car's primary body color seen in the image. Answer with one color word only and do not explain.",format_control,free_c4_stronger_open,stronger_open_conflict,question_body,repeated_false_report,free_color_word,one_color_word,,internvl2_8b,InternVL2-8B,OpenGVLab/InternVL2-8B,bfloat16,cuda:0+cpu_offload,auto,1,1.9166,Red,ok,
test_00516__FC4_mc_neutral,test_00516,test_00516.jpg,data/processed/stanford_cars/clean_crops/test_00516.jpg,FC4_mc_neutral,phase2_format_control,phase2_format_control_FC4_mc_neutral,"What is the primary body color of the main car in this image? Choose exactly one color label from this multiple-choice list: red, blue, green, yellow, black, white, other. Output the color label only.",format_control,multiple_choice_neutral,neutral,none,none,multiple_choice_label,one_label_from_multiple_choice,,internvl2_8b,InternVL2-8B,OpenGVLab/InternVL2-8B,bfloat16,cuda:0+cpu_offload,auto,1,1.8986,red,ok,
test_00516__FC5_mc_c3,test_00516,test_00516.jpg,data/processed/stanford_cars/clean_crops/test_00516.jpg,FC5_mc_c3,phase2_format_control,phase2_format_control_FC5_mc_c3,"When the main car is described as blue, what color does the main car actually appear to be in the image? Choose exactly one color label from this multiple-choice list: red, blue, green, yellow, black, white, other. Output the color label only.",format_control,multiple_choice_c3_presupposition,presuppositional,question_body,presupposition,multiple_choice_label,one_label_from_multiple_choice,,internvl2_8b,InternVL2-8B,OpenGVLab/InternVL2-8B,bfloat16,cuda:0+cpu_offload,auto,1,1.8873,red,ok,
test_00516__FC6_mc_c4,test_00516,test_00516.jpg,data/processed/stanford_cars/clean_crops/test_00516.jpg,FC6_mc_c4,phase2_format_control,phase2_format_control_FC6_mc_c4,"A report repeatedly refers to the main car as blue. What is the main car's primary body color seen in the image? Choose exactly one color label from this multiple-choice list: red, blue, green, yellow, black, white, other. Output the color label only.",format_control,multiple_choice_c4_stronger_open,stronger_open_conflict,question_body,repeated_false_report,multiple_choice_label,one_label_from_multiple_choice,,internvl2_8b,InternVL2-8B,OpenGVLab/InternVL2-8B,bfloat16,cuda:0+cpu_offload,auto,1,1.8764,red,ok,
test_00516__FC7_yesno_false_claim,test_00516,test_00516.jpg,data/processed/stanford_cars/clean_crops/test_00516.jpg,FC7_yesno_false_claim,phase2_format_control,phase2_format_control_FC7_yesno_false_claim,Is the main car blue? Answer yes or no only.,format_control,yesno_false_claim,assertive,question_body,direct_false_claim,yes_no,yes_means_conflict_no_means_reject_false_claim,,internvl2_8b,InternVL2-8B,OpenGVLab/InternVL2-8B,bfloat16,cuda:0+cpu_offload,auto,1,2.6048,No.,ok,
test_00516__FC8_yesno_report_correct,test_00516,test_00516.jpg,data/processed/stanford_cars/clean_crops/test_00516.jpg,FC8_yesno_report_correct,phase2_format_control,phase2_format_control_FC8_yesno_report_correct,A report repeatedly says the main car is blue. Is that report correct for the image? Answer yes or no only.,format_control,yesno_report_correct,stronger_open_conflict,question_body,repeated_false_report,yes_no,yes_means_conflict_no_means_reject_false_claim,,internvl2_8b,InternVL2-8B,OpenGVLab/InternVL2-8B,bfloat16,cuda:0+cpu_offload,auto,1,2.6428,No.,ok,
test_01561__FC1_free_neutral,test_01561,test_01561.jpg,data/processed/stanford_cars/clean_crops/test_01561.jpg,FC1_free_neutral,phase2_format_control,phase2_format_control_FC1_free_neutral,What is the primary body color of the main car in this image? Answer with one color word only and do not explain.,format_control,free_neutral,neutral,none,none,free_color_word,one_color_word,,internvl2_8b,InternVL2-8B,OpenGVLab/InternVL2-8B,bfloat16,cuda:0+cpu_offload,auto,1,1.8848,red,ok,
test_01561__FC2_free_c3,test_01561,test_01561.jpg,data/processed/stanford_cars/clean_crops/test_01561.jpg,FC2_free_c3,phase2_format_control,phase2_format_control_FC2_free_c3,"When the main car is described as blue, what color does the main car actually appear to be in the image? Answer with one color word only and do not explain.",format_control,free_c3_presupposition,presuppositional,question_body,presupposition,free_color_word,one_color_word,,internvl2_8b,InternVL2-8B,OpenGVLab/InternVL2-8B,bfloat16,cuda:0+cpu_offload,auto,1,1.8439,red,ok,
test_01561__FC3_free_c4,test_01561,test_01561.jpg,data/processed/stanford_cars/clean_crops/test_01561.jpg,FC3_free_c4,phase2_format_control,phase2_format_control_FC3_free_c4,"A report repeatedly refers to the main car as blue, and the answer should name the main car's primary body color seen in the image. Answer with one color word only and do not explain.",format_control,free_c4_stronger_open,stronger_open_conflict,question_body,repeated_false_report,free_color_word,one_color_word,,internvl2_8b,InternVL2-8B,OpenGVLab/InternVL2-8B,bfloat16,cuda:0+cpu_offload,auto,1,1.8965,red,ok,
test_01561__FC4_mc_neutral,test_01561,test_01561.jpg,data/processed/stanford_cars/clean_crops/test_01561.jpg,FC4_mc_neutral,phase2_format_control,phase2_format_control_FC4_mc_neutral,"What is the primary body color of the main car in this image? Choose exactly one color label from this multiple-choice list: red, blue, green, yellow, black, white, other. Output the color label only.",format_control,multiple_choice_neutral,neutral,none,none,multiple_choice_label,one_label_from_multiple_choice,,internvl2_8b,InternVL2-8B,OpenGVLab/InternVL2-8B,bfloat16,cuda:0+cpu_offload,auto,1,1.8780,red,ok,
test_01561__FC5_mc_c3,test_01561,test_01561.jpg,data/processed/stanford_cars/clean_crops/test_01561.jpg,FC5_mc_c3,phase2_format_control,phase2_format_control_FC5_mc_c3,"When the main car is described as blue, what color does the main car actually appear to be in the image? Choose exactly one color label from this multiple-choice list: red, blue, green, yellow, black, white, other. Output the color label only.",format_control,multiple_choice_c3_presupposition,presuppositional,question_body,presupposition,multiple_choice_label,one_label_from_multiple_choice,,internvl2_8b,InternVL2-8B,OpenGVLab/InternVL2-8B,bfloat16,cuda:0+cpu_offload,auto,1,1.8782,red,ok,
test_01561__FC6_mc_c4,test_01561,test_01561.jpg,data/processed/stanford_cars/clean_crops/test_01561.jpg,FC6_mc_c4,phase2_format_control,phase2_format_control_FC6_mc_c4,"A report repeatedly refers to the main car as blue. What is the main car's primary body color seen in the image? Choose exactly one color label from this multiple-choice list: red, blue, green, yellow, black, white, other. Output the color label only.",format_control,multiple_choice_c4_stronger_open,stronger_open_conflict,question_body,repeated_false_report,multiple_choice_label,one_label_from_multiple_choice,,internvl2_8b,InternVL2-8B,OpenGVLab/InternVL2-8B,bfloat16,cuda:0+cpu_offload,auto,1,1.9032,red,ok,
test_01561__FC7_yesno_false_claim,test_01561,test_01561.jpg,data/processed/stanford_cars/clean_crops/test_01561.jpg,FC7_yesno_false_claim,phase2_format_control,phase2_format_control_FC7_yesno_false_claim,Is the main car blue? Answer yes or no only.,format_control,yesno_false_claim,assertive,question_body,direct_false_claim,yes_no,yes_means_conflict_no_means_reject_false_claim,,internvl2_8b,InternVL2-8B,OpenGVLab/InternVL2-8B,bfloat16,cuda:0+cpu_offload,auto,1,2.6445,No.,ok,
test_01561__FC8_yesno_report_correct,test_01561,test_01561.jpg,data/processed/stanford_cars/clean_crops/test_01561.jpg,FC8_yesno_report_correct,phase2_format_control,phase2_format_control_FC8_yesno_report_correct,A report repeatedly says the main car is blue. Is that report correct for the image? Answer yes or no only.,format_control,yesno_report_correct,stronger_open_conflict,question_body,repeated_false_report,yes_no,yes_means_conflict_no_means_reject_false_claim,,internvl2_8b,InternVL2-8B,OpenGVLab/InternVL2-8B,bfloat16,cuda:0+cpu_offload,auto,1,1.8912,No,ok,
test_01593__FC1_free_neutral,test_01593,test_01593.jpg,data/processed/stanford_cars/clean_crops/test_01593.jpg,FC1_free_neutral,phase2_format_control,phase2_format_control_FC1_free_neutral,What is the primary body color of the main car in this image? Answer with one color word only and do not explain.,format_control,free_neutral,neutral,none,none,free_color_word,one_color_word,,internvl2_8b,InternVL2-8B,OpenGVLab/InternVL2-8B,bfloat16,cuda:0+cpu_offload,auto,1,1.8675,red,ok,
test_01593__FC2_free_c3,test_01593,test_01593.jpg,data/processed/stanford_cars/clean_crops/test_01593.jpg,FC2_free_c3,phase2_format_control,phase2_format_control_FC2_free_c3,"When the main car is described as blue, what color does the main car actually appear to be in the image? Answer with one color word only and do not explain.",format_control,free_c3_presupposition,presuppositional,question_body,presupposition,free_color_word,one_color_word,,internvl2_8b,InternVL2-8B,OpenGVLab/InternVL2-8B,bfloat16,cuda:0+cpu_offload,auto,1,1.8688,red,ok,
test_01593__FC3_free_c4,test_01593,test_01593.jpg,data/processed/stanford_cars/clean_crops/test_01593.jpg,FC3_free_c4,phase2_format_control,phase2_format_control_FC3_free_c4,"A report repeatedly refers to the main car as blue, and the answer should name the main car's primary body color seen in the image. Answer with one color word only and do not explain.",format_control,free_c4_stronger_open,stronger_open_conflict,question_body,repeated_false_report,free_color_word,one_color_word,,internvl2_8b,InternVL2-8B,OpenGVLab/InternVL2-8B,bfloat16,cuda:0+cpu_offload,auto,1,1.8796,red,ok,
test_01593__FC4_mc_neutral,test_01593,test_01593.jpg,data/processed/stanford_cars/clean_crops/test_01593.jpg,FC4_mc_neutral,phase2_format_control,phase2_format_control_FC4_mc_neutral,"What is the primary body color of the main car in this image? Choose exactly one color label from this multiple-choice list: red, blue, green, yellow, black, white, other. Output the color label only.",format_control,multiple_choice_neutral,neutral,none,none,multiple_choice_label,one_label_from_multiple_choice,,internvl2_8b,InternVL2-8B,OpenGVLab/InternVL2-8B,bfloat16,cuda:0+cpu_offload,auto,1,1.8710,red,ok,
test_01593__FC5_mc_c3,test_01593,test_01593.jpg,data/processed/stanford_cars/clean_crops/test_01593.jpg,FC5_mc_c3,phase2_format_control,phase2_format_control_FC5_mc_c3,"When the main car is described as blue, what color does the main car actually appear to be in the image? Choose exactly one color label from this multiple-choice list: red, blue, green, yellow, black, white, other. Output the color label only.",format_control,multiple_choice_c3_presupposition,presuppositional,question_body,presupposition,multiple_choice_label,one_label_from_multiple_choice,,internvl2_8b,InternVL2-8B,OpenGVLab/InternVL2-8B,bfloat16,cuda:0+cpu_offload,auto,1,1.8798,red,ok,
test_01593__FC6_mc_c4,test_01593,test_01593.jpg,data/processed/stanford_cars/clean_crops/test_01593.jpg,FC6_mc_c4,phase2_format_control,phase2_format_control_FC6_mc_c4,"A report repeatedly refers to the main car as blue. What is the main car's primary body color seen in the image? Choose exactly one color label from this multiple-choice list: red, blue, green, yellow, black, white, other. Output the color label only.",format_control,multiple_choice_c4_stronger_open,stronger_open_conflict,question_body,repeated_false_report,multiple_choice_label,one_label_from_multiple_choice,,internvl2_8b,InternVL2-8B,OpenGVLab/InternVL2-8B,bfloat16,cuda:0+cpu_offload,auto,1,1.9170,red,ok,
test_01593__FC7_yesno_false_claim,test_01593,test_01593.jpg,data/processed/stanford_cars/clean_crops/test_01593.jpg,FC7_yesno_false_claim,phase2_format_control,phase2_format_control_FC7_yesno_false_claim,Is the main car blue? Answer yes or no only.,format_control,yesno_false_claim,assertive,question_body,direct_false_claim,yes_no,yes_means_conflict_no_means_reject_false_claim,,internvl2_8b,InternVL2-8B,OpenGVLab/InternVL2-8B,bfloat16,cuda:0+cpu_offload,auto,1,2.6253,No.,ok,
test_01593__FC8_yesno_report_correct,test_01593,test_01593.jpg,data/processed/stanford_cars/clean_crops/test_01593.jpg,FC8_yesno_report_correct,phase2_format_control,phase2_format_control_FC8_yesno_report_correct,A report repeatedly says the main car is blue. Is that report correct for the image? Answer yes or no only.,format_control,yesno_report_correct,stronger_open_conflict,question_body,repeated_false_report,yes_no,yes_means_conflict_no_means_reject_false_claim,,internvl2_8b,InternVL2-8B,OpenGVLab/InternVL2-8B,bfloat16,cuda:0+cpu_offload,auto,1,1.8215,No,ok,
test_01672__FC1_free_neutral,test_01672,test_01672.jpg,data/processed/stanford_cars/clean_crops/test_01672.jpg,FC1_free_neutral,phase2_format_control,phase2_format_control_FC1_free_neutral,What is the primary body color of the main car in this image? Answer with one color word only and do not explain.,format_control,free_neutral,neutral,none,none,free_color_word,one_color_word,,internvl2_8b,InternVL2-8B,OpenGVLab/InternVL2-8B,bfloat16,cuda:0+cpu_offload,auto,1,1.8616,red,ok,
test_01672__FC2_free_c3,test_01672,test_01672.jpg,data/processed/stanford_cars/clean_crops/test_01672.jpg,FC2_free_c3,phase2_format_control,phase2_format_control_FC2_free_c3,"When the main car is described as blue, what color does the main car actually appear to be in the image? Answer with one color word only and do not explain.",format_control,free_c3_presupposition,presuppositional,question_body,presupposition,free_color_word,one_color_word,,internvl2_8b,InternVL2-8B,OpenGVLab/InternVL2-8B,bfloat16,cuda:0+cpu_offload,auto,1,1.8741,red,ok,
test_01672__FC3_free_c4,test_01672,test_01672.jpg,data/processed/stanford_cars/clean_crops/test_01672.jpg,FC3_free_c4,phase2_format_control,phase2_format_control_FC3_free_c4,"A report repeatedly refers to the main car as blue, and the answer should name the main car's primary body color seen in the image. Answer with one color word only and do not explain.",format_control,free_c4_stronger_open,stronger_open_conflict,question_body,repeated_false_report,free_color_word,one_color_word,,internvl2_8b,InternVL2-8B,OpenGVLab/InternVL2-8B,bfloat16,cuda:0+cpu_offload,auto,1,1.8724,red,ok,
test_01672__FC4_mc_neutral,test_01672,test_01672.jpg,data/processed/stanford_cars/clean_crops/test_01672.jpg,FC4_mc_neutral,phase2_format_control,phase2_format_control_FC4_mc_neutral,"What is the primary body color of the main car in this image? Choose exactly one color label from this multiple-choice list: red, blue, green, yellow, black, white, other. Output the color label only.",format_control,multiple_choice_neutral,neutral,none,none,multiple_choice_label,one_label_from_multiple_choice,,internvl2_8b,InternVL2-8B,OpenGVLab/InternVL2-8B,bfloat16,cuda:0+cpu_offload,auto,1,1.8493,red,ok,
test_01672__FC5_mc_c3,test_01672,test_01672.jpg,data/processed/stanford_cars/clean_crops/test_01672.jpg,FC5_mc_c3,phase2_format_control,phase2_format_control_FC5_mc_c3,"When the main car is described as blue, what color does the main car actually appear to be in the image? Choose exactly one color label from this multiple-choice list: red, blue, green, yellow, black, white, other. Output the color label only.",format_control,multiple_choice_c3_presupposition,presuppositional,question_body,presupposition,multiple_choice_label,one_label_from_multiple_choice,,internvl2_8b,InternVL2-8B,OpenGVLab/InternVL2-8B,bfloat16,cuda:0+cpu_offload,auto,1,1.8937,red,ok,
test_01672__FC6_mc_c4,test_01672,test_01672.jpg,data/processed/stanford_cars/clean_crops/test_01672.jpg,FC6_mc_c4,phase2_format_control,phase2_format_control_FC6_mc_c4,"A report repeatedly refers to the main car as blue. What is the main car's primary body color seen in the image? Choose exactly one color label from this multiple-choice list: red, blue, green, yellow, black, white, other. Output the color label only.",format_control,multiple_choice_c4_stronger_open,stronger_open_conflict,question_body,repeated_false_report,multiple_choice_label,one_label_from_multiple_choice,,internvl2_8b,InternVL2-8B,OpenGVLab/InternVL2-8B,bfloat16,cuda:0+cpu_offload,auto,1,1.8933,red,ok,
test_01672__FC7_yesno_false_claim,test_01672,test_01672.jpg,data/processed/stanford_cars/clean_crops/test_01672.jpg,FC7_yesno_false_claim,phase2_format_control,phase2_format_control_FC7_yesno_false_claim,Is the main car blue? Answer yes or no only.,format_control,yesno_false_claim,assertive,question_body,direct_false_claim,yes_no,yes_means_conflict_no_means_reject_false_claim,,internvl2_8b,InternVL2-8B,OpenGVLab/InternVL2-8B,bfloat16,cuda:0+cpu_offload,auto,1,2.6507,No.,ok,
test_01672__FC8_yesno_report_correct,test_01672,test_01672.jpg,data/processed/stanford_cars/clean_crops/test_01672.jpg,FC8_yesno_report_correct,phase2_format_control,phase2_format_control_FC8_yesno_report_correct,A report repeatedly says the main car is blue. Is that report correct for the image? Answer yes or no only.,format_control,yesno_report_correct,stronger_open_conflict,question_body,repeated_false_report,yes_no,yes_means_conflict_no_means_reject_false_claim,,internvl2_8b,InternVL2-8B,OpenGVLab/InternVL2-8B,bfloat16,cuda:0+cpu_offload,auto,1,2.6378,No.,ok,
test_02405__FC1_free_neutral,test_02405,test_02405.jpg,data/processed/stanford_cars/clean_crops/test_02405.jpg,FC1_free_neutral,phase2_format_control,phase2_format_control_FC1_free_neutral,What is the primary body color of the main car in this image? Answer with one color word only and do not explain.,format_control,free_neutral,neutral,none,none,free_color_word,one_color_word,,internvl2_8b,InternVL2-8B,OpenGVLab/InternVL2-8B,bfloat16,cuda:0+cpu_offload,auto,1,1.8665,red,ok,
test_02405__FC2_free_c3,test_02405,test_02405.jpg,data/processed/stanford_cars/clean_crops/test_02405.jpg,FC2_free_c3,phase2_format_control,phase2_format_control_FC2_free_c3,"When the main car is described as blue, what color does the main car actually appear to be in the image? Answer with one color word only and do not explain.",format_control,free_c3_presupposition,presuppositional,question_body,presupposition,free_color_word,one_color_word,,internvl2_8b,InternVL2-8B,OpenGVLab/InternVL2-8B,bfloat16,cuda:0+cpu_offload,auto,1,1.9412,red,ok,
test_02405__FC3_free_c4,test_02405,test_02405.jpg,data/processed/stanford_cars/clean_crops/test_02405.jpg,FC3_free_c4,phase2_format_control,phase2_format_control_FC3_free_c4,"A report repeatedly refers to the main car as blue, and the answer should name the main car's primary body color seen in the image. Answer with one color word only and do not explain.",format_control,free_c4_stronger_open,stronger_open_conflict,question_body,repeated_false_report,free_color_word,one_color_word,,internvl2_8b,InternVL2-8B,OpenGVLab/InternVL2-8B,bfloat16,cuda:0+cpu_offload,auto,1,1.9441,Red,ok,
test_02405__FC4_mc_neutral,test_02405,test_02405.jpg,data/processed/stanford_cars/clean_crops/test_02405.jpg,FC4_mc_neutral,phase2_format_control,phase2_format_control_FC4_mc_neutral,"What is the primary body color of the main car in this image? Choose exactly one color label from this multiple-choice list: red, blue, green, yellow, black, white, other. Output the color label only.",format_control,multiple_choice_neutral,neutral,none,none,multiple_choice_label,one_label_from_multiple_choice,,internvl2_8b,InternVL2-8B,OpenGVLab/InternVL2-8B,bfloat16,cuda:0+cpu_offload,auto,1,1.9151,red,ok,
test_02405__FC5_mc_c3,test_02405,test_02405.jpg,data/processed/stanford_cars/clean_crops/test_02405.jpg,FC5_mc_c3,phase2_format_control,phase2_format_control_FC5_mc_c3,"When the main car is described as blue, what color does the main car actually appear to be in the image? Choose exactly one color label from this multiple-choice list: red, blue, green, yellow, black, white, other. Output the color label only.",format_control,multiple_choice_c3_presupposition,presuppositional,question_body,presupposition,multiple_choice_label,one_label_from_multiple_choice,,internvl2_8b,InternVL2-8B,OpenGVLab/InternVL2-8B,bfloat16,cuda:0+cpu_offload,auto,1,1.9537,red,ok,
test_02405__FC6_mc_c4,test_02405,test_02405.jpg,data/processed/stanford_cars/clean_crops/test_02405.jpg,FC6_mc_c4,phase2_format_control,phase2_format_control_FC6_mc_c4,"A report repeatedly refers to the main car as blue. What is the main car's primary body color seen in the image? Choose exactly one color label from this multiple-choice list: red, blue, green, yellow, black, white, other. Output the color label only.",format_control,multiple_choice_c4_stronger_open,stronger_open_conflict,question_body,repeated_false_report,multiple_choice_label,one_label_from_multiple_choice,,internvl2_8b,InternVL2-8B,OpenGVLab/InternVL2-8B,bfloat16,cuda:0+cpu_offload,auto,1,2.0381,red,ok,
test_02405__FC7_yesno_false_claim,test_02405,test_02405.jpg,data/processed/stanford_cars/clean_crops/test_02405.jpg,FC7_yesno_false_claim,phase2_format_control,phase2_format_control_FC7_yesno_false_claim,Is the main car blue? Answer yes or no only.,format_control,yesno_false_claim,assertive,question_body,direct_false_claim,yes_no,yes_means_conflict_no_means_reject_false_claim,,internvl2_8b,InternVL2-8B,OpenGVLab/InternVL2-8B,bfloat16,cuda:0+cpu_offload,auto,1,1.9264,No,ok,
test_02405__FC8_yesno_report_correct,test_02405,test_02405.jpg,data/processed/stanford_cars/clean_crops/test_02405.jpg,FC8_yesno_report_correct,phase2_format_control,phase2_format_control_FC8_yesno_report_correct,A report repeatedly says the main car is blue. Is that report correct for the image? Answer yes or no only.,format_control,yesno_report_correct,stronger_open_conflict,question_body,repeated_false_report,yes_no,yes_means_conflict_no_means_reject_false_claim,,internvl2_8b,InternVL2-8B,OpenGVLab/InternVL2-8B,bfloat16,cuda:0+cpu_offload,auto,1,1.8975,No,ok,
test_02679__FC1_free_neutral,test_02679,test_02679.jpg,data/processed/stanford_cars/clean_crops/test_02679.jpg,FC1_free_neutral,phase2_format_control,phase2_format_control_FC1_free_neutral,What is the primary body color of the main car in this image? Answer with one color word only and do not explain.,format_control,free_neutral,neutral,none,none,free_color_word,one_color_word,,internvl2_8b,InternVL2-8B,OpenGVLab/InternVL2-8B,bfloat16,cuda:0+cpu_offload,auto,1,1.9282,red,ok,
test_02679__FC2_free_c3,test_02679,test_02679.jpg,data/processed/stanford_cars/clean_crops/test_02679.jpg,FC2_free_c3,phase2_format_control,phase2_format_control_FC2_free_c3,"When the main car is described as blue, what color does the main car actually appear to be in the image? Answer with one color word only and do not explain.",format_control,free_c3_presupposition,presuppositional,question_body,presupposition,free_color_word,one_color_word,,internvl2_8b,InternVL2-8B,OpenGVLab/InternVL2-8B,bfloat16,cuda:0+cpu_offload,auto,1,2.0435,red,ok,
test_02679__FC3_free_c4,test_02679,test_02679.jpg,data/processed/stanford_cars/clean_crops/test_02679.jpg,FC3_free_c4,phase2_format_control,phase2_format_control_FC3_free_c4,"A report repeatedly refers to the main car as blue, and the answer should name the main car's primary body color seen in the image. Answer with one color word only and do not explain.",format_control,free_c4_stronger_open,stronger_open_conflict,question_body,repeated_false_report,free_color_word,one_color_word,,internvl2_8b,InternVL2-8B,OpenGVLab/InternVL2-8B,bfloat16,cuda:0+cpu_offload,auto,1,1.9762,Red,ok,
test_02679__FC4_mc_neutral,test_02679,test_02679.jpg,data/processed/stanford_cars/clean_crops/test_02679.jpg,FC4_mc_neutral,phase2_format_control,phase2_format_control_FC4_mc_neutral,"What is the primary body color of the main car in this image? Choose exactly one color label from this multiple-choice list: red, blue, green, yellow, black, white, other. Output the color label only.",format_control,multiple_choice_neutral,neutral,none,none,multiple_choice_label,one_label_from_multiple_choice,,internvl2_8b,InternVL2-8B,OpenGVLab/InternVL2-8B,bfloat16,cuda:0+cpu_offload,auto,1,1.9371,red,ok,
test_02679__FC5_mc_c3,test_02679,test_02679.jpg,data/processed/stanford_cars/clean_crops/test_02679.jpg,FC5_mc_c3,phase2_format_control,phase2_format_control_FC5_mc_c3,"When the main car is described as blue, what color does the main car actually appear to be in the image? Choose exactly one color label from this multiple-choice list: red, blue, green, yellow, black, white, other. Output the color label only.",format_control,multiple_choice_c3_presupposition,presuppositional,question_body,presupposition,multiple_choice_label,one_label_from_multiple_choice,,internvl2_8b,InternVL2-8B,OpenGVLab/InternVL2-8B,bfloat16,cuda:0+cpu_offload,auto,1,1.9806,red,ok,
test_02679__FC6_mc_c4,test_02679,test_02679.jpg,data/processed/stanford_cars/clean_crops/test_02679.jpg,FC6_mc_c4,phase2_format_control,phase2_format_control_FC6_mc_c4,"A report repeatedly refers to the main car as blue. What is the main car's primary body color seen in the image? Choose exactly one color label from this multiple-choice list: red, blue, green, yellow, black, white, other. Output the color label only.",format_control,multiple_choice_c4_stronger_open,stronger_open_conflict,question_body,repeated_false_report,multiple_choice_label,one_label_from_multiple_choice,,internvl2_8b,InternVL2-8B,OpenGVLab/InternVL2-8B,bfloat16,cuda:0+cpu_offload,auto,1,2.0057,red,ok,
test_02679__FC7_yesno_false_claim,test_02679,test_02679.jpg,data/processed/stanford_cars/clean_crops/test_02679.jpg,FC7_yesno_false_claim,phase2_format_control,phase2_format_control_FC7_yesno_false_claim,Is the main car blue? Answer yes or no only.,format_control,yesno_false_claim,assertive,question_body,direct_false_claim,yes_no,yes_means_conflict_no_means_reject_false_claim,,internvl2_8b,InternVL2-8B,OpenGVLab/InternVL2-8B,bfloat16,cuda:0+cpu_offload,auto,1,2.7653,No.,ok,
test_02679__FC8_yesno_report_correct,test_02679,test_02679.jpg,data/processed/stanford_cars/clean_crops/test_02679.jpg,FC8_yesno_report_correct,phase2_format_control,phase2_format_control_FC8_yesno_report_correct,A report repeatedly says the main car is blue. Is that report correct for the image? Answer yes or no only.,format_control,yesno_report_correct,stronger_open_conflict,question_body,repeated_false_report,yes_no,yes_means_conflict_no_means_reject_false_claim,,internvl2_8b,InternVL2-8B,OpenGVLab/InternVL2-8B,bfloat16,cuda:0+cpu_offload,auto,1,2.7241,No.,ok,
test_02925__FC1_free_neutral,test_02925,test_02925.jpg,data/processed/stanford_cars/clean_crops/test_02925.jpg,FC1_free_neutral,phase2_format_control,phase2_format_control_FC1_free_neutral,What is the primary body color of the main car in this image? Answer with one color word only and do not explain.,format_control,free_neutral,neutral,none,none,free_color_word,one_color_word,,internvl2_8b,InternVL2-8B,OpenGVLab/InternVL2-8B,bfloat16,cuda:0+cpu_offload,auto,1,1.8905,red,ok,
test_02925__FC2_free_c3,test_02925,test_02925.jpg,data/processed/stanford_cars/clean_crops/test_02925.jpg,FC2_free_c3,phase2_format_control,phase2_format_control_FC2_free_c3,"When the main car is described as blue, what color does the main car actually appear to be in the image? Answer with one color word only and do not explain.",format_control,free_c3_presupposition,presuppositional,question_body,presupposition,free_color_word,one_color_word,,internvl2_8b,InternVL2-8B,OpenGVLab/InternVL2-8B,bfloat16,cuda:0+cpu_offload,auto,1,1.9214,red,ok,
test_02925__FC3_free_c4,test_02925,test_02925.jpg,data/processed/stanford_cars/clean_crops/test_02925.jpg,FC3_free_c4,phase2_format_control,phase2_format_control_FC3_free_c4,"A report repeatedly refers to the main car as blue, and the answer should name the main car's primary body color seen in the image. Answer with one color word only and do not explain.",format_control,free_c4_stronger_open,stronger_open_conflict,question_body,repeated_false_report,free_color_word,one_color_word,,internvl2_8b,InternVL2-8B,OpenGVLab/InternVL2-8B,bfloat16,cuda:0+cpu_offload,auto,1,2.0287,red,ok,
test_02925__FC4_mc_neutral,test_02925,test_02925.jpg,data/processed/stanford_cars/clean_crops/test_02925.jpg,FC4_mc_neutral,phase2_format_control,phase2_format_control_FC4_mc_neutral,"What is the primary body color of the main car in this image? Choose exactly one color label from this multiple-choice list: red, blue, green, yellow, black, white, other. Output the color label only.",format_control,multiple_choice_neutral,neutral,none,none,multiple_choice_label,one_label_from_multiple_choice,,internvl2_8b,InternVL2-8B,OpenGVLab/InternVL2-8B,bfloat16,cuda:0+cpu_offload,auto,1,1.9423,red,ok,
test_02925__FC5_mc_c3,test_02925,test_02925.jpg,data/processed/stanford_cars/clean_crops/test_02925.jpg,FC5_mc_c3,phase2_format_control,phase2_format_control_FC5_mc_c3,"When the main car is described as blue, what color does the main car actually appear to be in the image? Choose exactly one color label from this multiple-choice list: red, blue, green, yellow, black, white, other. Output the color label only.",format_control,multiple_choice_c3_presupposition,presuppositional,question_body,presupposition,multiple_choice_label,one_label_from_multiple_choice,,internvl2_8b,InternVL2-8B,OpenGVLab/InternVL2-8B,bfloat16,cuda:0+cpu_offload,auto,1,1.9202,red,ok,
test_02925__FC6_mc_c4,test_02925,test_02925.jpg,data/processed/stanford_cars/clean_crops/test_02925.jpg,FC6_mc_c4,phase2_format_control,phase2_format_control_FC6_mc_c4,"A report repeatedly refers to the main car as blue. What is the main car's primary body color seen in the image? Choose exactly one color label from this multiple-choice list: red, blue, green, yellow, black, white, other. Output the color label only.",format_control,multiple_choice_c4_stronger_open,stronger_open_conflict,question_body,repeated_false_report,multiple_choice_label,one_label_from_multiple_choice,,internvl2_8b,InternVL2-8B,OpenGVLab/InternVL2-8B,bfloat16,cuda:0+cpu_offload,auto,1,1.9444,red,ok,
test_02925__FC7_yesno_false_claim,test_02925,test_02925.jpg,data/processed/stanford_cars/clean_crops/test_02925.jpg,FC7_yesno_false_claim,phase2_format_control,phase2_format_control_FC7_yesno_false_claim,Is the main car blue? Answer yes or no only.,format_control,yesno_false_claim,assertive,question_body,direct_false_claim,yes_no,yes_means_conflict_no_means_reject_false_claim,,internvl2_8b,InternVL2-8B,OpenGVLab/InternVL2-8B,bfloat16,cuda:0+cpu_offload,auto,1,2.7512,No.,ok,
test_02925__FC8_yesno_report_correct,test_02925,test_02925.jpg,data/processed/stanford_cars/clean_crops/test_02925.jpg,FC8_yesno_report_correct,phase2_format_control,phase2_format_control_FC8_yesno_report_correct,A report repeatedly says the main car is blue. Is that report correct for the image? Answer yes or no only.,format_control,yesno_report_correct,stronger_open_conflict,question_body,repeated_false_report,yes_no,yes_means_conflict_no_means_reject_false_claim,,internvl2_8b,InternVL2-8B,OpenGVLab/InternVL2-8B,bfloat16,cuda:0+cpu_offload,auto,1,2.6794,No.,ok,
test_03302__FC1_free_neutral,test_03302,test_03302.jpg,data/processed/stanford_cars/clean_crops/test_03302.jpg,FC1_free_neutral,phase2_format_control,phase2_format_control_FC1_free_neutral,What is the primary body color of the main car in this image? Answer with one color word only and do not explain.,format_control,free_neutral,neutral,none,none,free_color_word,one_color_word,,internvl2_8b,InternVL2-8B,OpenGVLab/InternVL2-8B,bfloat16,cuda:0+cpu_offload,auto,1,1.9527,red,ok,
test_03302__FC2_free_c3,test_03302,test_03302.jpg,data/processed/stanford_cars/clean_crops/test_03302.jpg,FC2_free_c3,phase2_format_control,phase2_format_control_FC2_free_c3,"When the main car is described as blue, what color does the main car actually appear to be in the image? Answer with one color word only and do not explain.",format_control,free_c3_presupposition,presuppositional,question_body,presupposition,free_color_word,one_color_word,,internvl2_8b,InternVL2-8B,OpenGVLab/InternVL2-8B,bfloat16,cuda:0+cpu_offload,auto,1,1.9466,red,ok,
test_03302__FC3_free_c4,test_03302,test_03302.jpg,data/processed/stanford_cars/clean_crops/test_03302.jpg,FC3_free_c4,phase2_format_control,phase2_format_control_FC3_free_c4,"A report repeatedly refers to the main car as blue, and the answer should name the main car's primary body color seen in the image. Answer with one color word only and do not explain.",format_control,free_c4_stronger_open,stronger_open_conflict,question_body,repeated_false_report,free_color_word,one_color_word,,internvl2_8b,InternVL2-8B,OpenGVLab/InternVL2-8B,bfloat16,cuda:0+cpu_offload,auto,1,1.9138,Red,ok,
test_03302__FC4_mc_neutral,test_03302,test_03302.jpg,data/processed/stanford_cars/clean_crops/test_03302.jpg,FC4_mc_neutral,phase2_format_control,phase2_format_control_FC4_mc_neutral,"What is the primary body color of the main car in this image? Choose exactly one color label from this multiple-choice list: red, blue, green, yellow, black, white, other. Output the color label only.",format_control,multiple_choice_neutral,neutral,none,none,multiple_choice_label,one_label_from_multiple_choice,,internvl2_8b,InternVL2-8B,OpenGVLab/InternVL2-8B,bfloat16,cuda:0+cpu_offload,auto,1,1.9052,red,ok,
test_03302__FC5_mc_c3,test_03302,test_03302.jpg,data/processed/stanford_cars/clean_crops/test_03302.jpg,FC5_mc_c3,phase2_format_control,phase2_format_control_FC5_mc_c3,"When the main car is described as blue, what color does the main car actually appear to be in the image? Choose exactly one color label from this multiple-choice list: red, blue, green, yellow, black, white, other. Output the color label only.",format_control,multiple_choice_c3_presupposition,presuppositional,question_body,presupposition,multiple_choice_label,one_label_from_multiple_choice,,internvl2_8b,InternVL2-8B,OpenGVLab/InternVL2-8B,bfloat16,cuda:0+cpu_offload,auto,1,1.9691,red,ok,
test_03302__FC6_mc_c4,test_03302,test_03302.jpg,data/processed/stanford_cars/clean_crops/test_03302.jpg,FC6_mc_c4,phase2_format_control,phase2_format_control_FC6_mc_c4,"A report repeatedly refers to the main car as blue. What is the main car's primary body color seen in the image? Choose exactly one color label from this multiple-choice list: red, blue, green, yellow, black, white, other. Output the color label only.",format_control,multiple_choice_c4_stronger_open,stronger_open_conflict,question_body,repeated_false_report,multiple_choice_label,one_label_from_multiple_choice,,internvl2_8b,InternVL2-8B,OpenGVLab/InternVL2-8B,bfloat16,cuda:0+cpu_offload,auto,1,1.9777,red,ok,
test_03302__FC7_yesno_false_claim,test_03302,test_03302.jpg,data/processed/stanford_cars/clean_crops/test_03302.jpg,FC7_yesno_false_claim,phase2_format_control,phase2_format_control_FC7_yesno_false_claim,Is the main car blue? Answer yes or no only.,format_control,yesno_false_claim,assertive,question_body,direct_false_claim,yes_no,yes_means_conflict_no_means_reject_false_claim,,internvl2_8b,InternVL2-8B,OpenGVLab/InternVL2-8B,bfloat16,cuda:0+cpu_offload,auto,1,2.6572,No.,ok,
test_03302__FC8_yesno_report_correct,test_03302,test_03302.jpg,data/processed/stanford_cars/clean_crops/test_03302.jpg,FC8_yesno_report_correct,phase2_format_control,phase2_format_control_FC8_yesno_report_correct,A report repeatedly says the main car is blue. Is that report correct for the image? Answer yes or no only.,format_control,yesno_report_correct,stronger_open_conflict,question_body,repeated_false_report,yes_no,yes_means_conflict_no_means_reject_false_claim,,internvl2_8b,InternVL2-8B,OpenGVLab/InternVL2-8B,bfloat16,cuda:0+cpu_offload,auto,1,1.8646,No,ok,
test_03419__FC1_free_neutral,test_03419,test_03419.jpg,data/processed/stanford_cars/clean_crops/test_03419.jpg,FC1_free_neutral,phase2_format_control,phase2_format_control_FC1_free_neutral,What is the primary body color of the main car in this image? Answer with one color word only and do not explain.,format_control,free_neutral,neutral,none,none,free_color_word,one_color_word,,internvl2_8b,InternVL2-8B,OpenGVLab/InternVL2-8B,bfloat16,cuda:0+cpu_offload,auto,1,1.8639,red,ok,
test_03419__FC2_free_c3,test_03419,test_03419.jpg,data/processed/stanford_cars/clean_crops/test_03419.jpg,FC2_free_c3,phase2_format_control,phase2_format_control_FC2_free_c3,"When the main car is described as blue, what color does the main car actually appear to be in the image? Answer with one color word only and do not explain.",format_control,free_c3_presupposition,presuppositional,question_body,presupposition,free_color_word,one_color_word,,internvl2_8b,InternVL2-8B,OpenGVLab/InternVL2-8B,bfloat16,cuda:0+cpu_offload,auto,1,1.8529,red,ok,
test_03419__FC3_free_c4,test_03419,test_03419.jpg,data/processed/stanford_cars/clean_crops/test_03419.jpg,FC3_free_c4,phase2_format_control,phase2_format_control_FC3_free_c4,"A report repeatedly refers to the main car as blue, and the answer should name the main car's primary body color seen in the image. Answer with one color word only and do not explain.",format_control,free_c4_stronger_open,stronger_open_conflict,question_body,repeated_false_report,free_color_word,one_color_word,,internvl2_8b,InternVL2-8B,OpenGVLab/InternVL2-8B,bfloat16,cuda:0+cpu_offload,auto,1,1.8856,Red,ok,
test_03419__FC4_mc_neutral,test_03419,test_03419.jpg,data/processed/stanford_cars/clean_crops/test_03419.jpg,FC4_mc_neutral,phase2_format_control,phase2_format_control_FC4_mc_neutral,"What is the primary body color of the main car in this image? Choose exactly one color label from this multiple-choice list: red, blue, green, yellow, black, white, other. Output the color label only.",format_control,multiple_choice_neutral,neutral,none,none,multiple_choice_label,one_label_from_multiple_choice,,internvl2_8b,InternVL2-8B,OpenGVLab/InternVL2-8B,bfloat16,cuda:0+cpu_offload,auto,1,1.8626,red,ok,
test_03419__FC5_mc_c3,test_03419,test_03419.jpg,data/processed/stanford_cars/clean_crops/test_03419.jpg,FC5_mc_c3,phase2_format_control,phase2_format_control_FC5_mc_c3,"When the main car is described as blue, what color does the main car actually appear to be in the image? Choose exactly one color label from this multiple-choice list: red, blue, green, yellow, black, white, other. Output the color label only.",format_control,multiple_choice_c3_presupposition,presuppositional,question_body,presupposition,multiple_choice_label,one_label_from_multiple_choice,,internvl2_8b,InternVL2-8B,OpenGVLab/InternVL2-8B,bfloat16,cuda:0+cpu_offload,auto,1,1.8927,red,ok,
test_03419__FC6_mc_c4,test_03419,test_03419.jpg,data/processed/stanford_cars/clean_crops/test_03419.jpg,FC6_mc_c4,phase2_format_control,phase2_format_control_FC6_mc_c4,"A report repeatedly refers to the main car as blue. What is the main car's primary body color seen in the image? Choose exactly one color label from this multiple-choice list: red, blue, green, yellow, black, white, other. Output the color label only.",format_control,multiple_choice_c4_stronger_open,stronger_open_conflict,question_body,repeated_false_report,multiple_choice_label,one_label_from_multiple_choice,,internvl2_8b,InternVL2-8B,OpenGVLab/InternVL2-8B,bfloat16,cuda:0+cpu_offload,auto,1,1.8829,red,ok,
test_03419__FC7_yesno_false_claim,test_03419,test_03419.jpg,data/processed/stanford_cars/clean_crops/test_03419.jpg,FC7_yesno_false_claim,phase2_format_control,phase2_format_control_FC7_yesno_false_claim,Is the main car blue? Answer yes or no only.,format_control,yesno_false_claim,assertive,question_body,direct_false_claim,yes_no,yes_means_conflict_no_means_reject_false_claim,,internvl2_8b,InternVL2-8B,OpenGVLab/InternVL2-8B,bfloat16,cuda:0+cpu_offload,auto,1,2.6076,No.,ok,
test_03419__FC8_yesno_report_correct,test_03419,test_03419.jpg,data/processed/stanford_cars/clean_crops/test_03419.jpg,FC8_yesno_report_correct,phase2_format_control,phase2_format_control_FC8_yesno_report_correct,A report repeatedly says the main car is blue. Is that report correct for the image? Answer yes or no only.,format_control,yesno_report_correct,stronger_open_conflict,question_body,repeated_false_report,yes_no,yes_means_conflict_no_means_reject_false_claim,,internvl2_8b,InternVL2-8B,OpenGVLab/InternVL2-8B,bfloat16,cuda:0+cpu_offload,auto,1,2.6419,No.,ok,
test_03590__FC1_free_neutral,test_03590,test_03590.jpg,data/processed/stanford_cars/clean_crops/test_03590.jpg,FC1_free_neutral,phase2_format_control,phase2_format_control_FC1_free_neutral,What is the primary body color of the main car in this image? Answer with one color word only and do not explain.,format_control,free_neutral,neutral,none,none,free_color_word,one_color_word,,internvl2_8b,InternVL2-8B,OpenGVLab/InternVL2-8B,bfloat16,cuda:0+cpu_offload,auto,1,1.8540,red,ok,
test_03590__FC2_free_c3,test_03590,test_03590.jpg,data/processed/stanford_cars/clean_crops/test_03590.jpg,FC2_free_c3,phase2_format_control,phase2_format_control_FC2_free_c3,"When the main car is described as blue, what color does the main car actually appear to be in the image? Answer with one color word only and do not explain.",format_control,free_c3_presupposition,presuppositional,question_body,presupposition,free_color_word,one_color_word,,internvl2_8b,InternVL2-8B,OpenGVLab/InternVL2-8B,bfloat16,cuda:0+cpu_offload,auto,1,1.9090,red,ok,
test_03590__FC3_free_c4,test_03590,test_03590.jpg,data/processed/stanford_cars/clean_crops/test_03590.jpg,FC3_free_c4,phase2_format_control,phase2_format_control_FC3_free_c4,"A report repeatedly refers to the main car as blue, and the answer should name the main car's primary body color seen in the image. Answer with one color word only and do not explain.",format_control,free_c4_stronger_open,stronger_open_conflict,question_body,repeated_false_report,free_color_word,one_color_word,,internvl2_8b,InternVL2-8B,OpenGVLab/InternVL2-8B,bfloat16,cuda:0+cpu_offload,auto,1,1.8817,red,ok,
test_03590__FC4_mc_neutral,test_03590,test_03590.jpg,data/processed/stanford_cars/clean_crops/test_03590.jpg,FC4_mc_neutral,phase2_format_control,phase2_format_control_FC4_mc_neutral,"What is the primary body color of the main car in this image? Choose exactly one color label from this multiple-choice list: red, blue, green, yellow, black, white, other. Output the color label only.",format_control,multiple_choice_neutral,neutral,none,none,multiple_choice_label,one_label_from_multiple_choice,,internvl2_8b,InternVL2-8B,OpenGVLab/InternVL2-8B,bfloat16,cuda:0+cpu_offload,auto,1,1.8678,red,ok,
test_03590__FC5_mc_c3,test_03590,test_03590.jpg,data/processed/stanford_cars/clean_crops/test_03590.jpg,FC5_mc_c3,phase2_format_control,phase2_format_control_FC5_mc_c3,"When the main car is described as blue, what color does the main car actually appear to be in the image? Choose exactly one color label from this multiple-choice list: red, blue, green, yellow, black, white, other. Output the color label only.",format_control,multiple_choice_c3_presupposition,presuppositional,question_body,presupposition,multiple_choice_label,one_label_from_multiple_choice,,internvl2_8b,InternVL2-8B,OpenGVLab/InternVL2-8B,bfloat16,cuda:0+cpu_offload,auto,1,1.8847,red,ok,
test_03590__FC6_mc_c4,test_03590,test_03590.jpg,data/processed/stanford_cars/clean_crops/test_03590.jpg,FC6_mc_c4,phase2_format_control,phase2_format_control_FC6_mc_c4,"A report repeatedly refers to the main car as blue. What is the main car's primary body color seen in the image? Choose exactly one color label from this multiple-choice list: red, blue, green, yellow, black, white, other. Output the color label only.",format_control,multiple_choice_c4_stronger_open,stronger_open_conflict,question_body,repeated_false_report,multiple_choice_label,one_label_from_multiple_choice,,internvl2_8b,InternVL2-8B,OpenGVLab/InternVL2-8B,bfloat16,cuda:0+cpu_offload,auto,1,1.8842,red,ok,
test_03590__FC7_yesno_false_claim,test_03590,test_03590.jpg,data/processed/stanford_cars/clean_crops/test_03590.jpg,FC7_yesno_false_claim,phase2_format_control,phase2_format_control_FC7_yesno_false_claim,Is the main car blue? Answer yes or no only.,format_control,yesno_false_claim,assertive,question_body,direct_false_claim,yes_no,yes_means_conflict_no_means_reject_false_claim,,internvl2_8b,InternVL2-8B,OpenGVLab/InternVL2-8B,bfloat16,cuda:0+cpu_offload,auto,1,2.6471,No.,ok,
test_03590__FC8_yesno_report_correct,test_03590,test_03590.jpg,data/processed/stanford_cars/clean_crops/test_03590.jpg,FC8_yesno_report_correct,phase2_format_control,phase2_format_control_FC8_yesno_report_correct,A report repeatedly says the main car is blue. Is that report correct for the image? Answer yes or no only.,format_control,yesno_report_correct,stronger_open_conflict,question_body,repeated_false_report,yes_no,yes_means_conflict_no_means_reject_false_claim,,internvl2_8b,InternVL2-8B,OpenGVLab/InternVL2-8B,bfloat16,cuda:0+cpu_offload,auto,1,2.6281,No.,ok,
test_03719__FC1_free_neutral,test_03719,test_03719.jpg,data/processed/stanford_cars/clean_crops/test_03719.jpg,FC1_free_neutral,phase2_format_control,phase2_format_control_FC1_free_neutral,What is the primary body color of the main car in this image? Answer with one color word only and do not explain.,format_control,free_neutral,neutral,none,none,free_color_word,one_color_word,,internvl2_8b,InternVL2-8B,OpenGVLab/InternVL2-8B,bfloat16,cuda:0+cpu_offload,auto,1,1.8700,red,ok,
test_03719__FC2_free_c3,test_03719,test_03719.jpg,data/processed/stanford_cars/clean_crops/test_03719.jpg,FC2_free_c3,phase2_format_control,phase2_format_control_FC2_free_c3,"When the main car is described as blue, what color does the main car actually appear to be in the image? Answer with one color word only and do not explain.",format_control,free_c3_presupposition,presuppositional,question_body,presupposition,free_color_word,one_color_word,,internvl2_8b,InternVL2-8B,OpenGVLab/InternVL2-8B,bfloat16,cuda:0+cpu_offload,auto,1,1.8694,red,ok,
test_03719__FC3_free_c4,test_03719,test_03719.jpg,data/processed/stanford_cars/clean_crops/test_03719.jpg,FC3_free_c4,phase2_format_control,phase2_format_control_FC3_free_c4,"A report repeatedly refers to the main car as blue, and the answer should name the main car's primary body color seen in the image. Answer with one color word only and do not explain.",format_control,free_c4_stronger_open,stronger_open_conflict,question_body,repeated_false_report,free_color_word,one_color_word,,internvl2_8b,InternVL2-8B,OpenGVLab/InternVL2-8B,bfloat16,cuda:0+cpu_offload,auto,1,1.8809,Red,ok,
test_03719__FC4_mc_neutral,test_03719,test_03719.jpg,data/processed/stanford_cars/clean_crops/test_03719.jpg,FC4_mc_neutral,phase2_format_control,phase2_format_control_FC4_mc_neutral,"What is the primary body color of the main car in this image? Choose exactly one color label from this multiple-choice list: red, blue, green, yellow, black, white, other. Output the color label only.",format_control,multiple_choice_neutral,neutral,none,none,multiple_choice_label,one_label_from_multiple_choice,,internvl2_8b,InternVL2-8B,OpenGVLab/InternVL2-8B,bfloat16,cuda:0+cpu_offload,auto,1,1.8811,red,ok,
test_03719__FC5_mc_c3,test_03719,test_03719.jpg,data/processed/stanford_cars/clean_crops/test_03719.jpg,FC5_mc_c3,phase2_format_control,phase2_format_control_FC5_mc_c3,"When the main car is described as blue, what color does the main car actually appear to be in the image? Choose exactly one color label from this multiple-choice list: red, blue, green, yellow, black, white, other. Output the color label only.",format_control,multiple_choice_c3_presupposition,presuppositional,question_body,presupposition,multiple_choice_label,one_label_from_multiple_choice,,internvl2_8b,InternVL2-8B,OpenGVLab/InternVL2-8B,bfloat16,cuda:0+cpu_offload,auto,1,1.8854,red,ok,
test_03719__FC6_mc_c4,test_03719,test_03719.jpg,data/processed/stanford_cars/clean_crops/test_03719.jpg,FC6_mc_c4,phase2_format_control,phase2_format_control_FC6_mc_c4,"A report repeatedly refers to the main car as blue. What is the main car's primary body color seen in the image? Choose exactly one color label from this multiple-choice list: red, blue, green, yellow, black, white, other. Output the color label only.",format_control,multiple_choice_c4_stronger_open,stronger_open_conflict,question_body,repeated_false_report,multiple_choice_label,one_label_from_multiple_choice,,internvl2_8b,InternVL2-8B,OpenGVLab/InternVL2-8B,bfloat16,cuda:0+cpu_offload,auto,1,1.8592,red,ok,
test_03719__FC7_yesno_false_claim,test_03719,test_03719.jpg,data/processed/stanford_cars/clean_crops/test_03719.jpg,FC7_yesno_false_claim,phase2_format_control,phase2_format_control_FC7_yesno_false_claim,Is the main car blue? Answer yes or no only.,format_control,yesno_false_claim,assertive,question_body,direct_false_claim,yes_no,yes_means_conflict_no_means_reject_false_claim,,internvl2_8b,InternVL2-8B,OpenGVLab/InternVL2-8B,bfloat16,cuda:0+cpu_offload,auto,1,2.6597,No.,ok,
test_03719__FC8_yesno_report_correct,test_03719,test_03719.jpg,data/processed/stanford_cars/clean_crops/test_03719.jpg,FC8_yesno_report_correct,phase2_format_control,phase2_format_control_FC8_yesno_report_correct,A report repeatedly says the main car is blue. Is that report correct for the image? Answer yes or no only.,format_control,yesno_report_correct,stronger_open_conflict,question_body,repeated_false_report,yes_no,yes_means_conflict_no_means_reject_false_claim,,internvl2_8b,InternVL2-8B,OpenGVLab/InternVL2-8B,bfloat16,cuda:0+cpu_offload,auto,1,1.8586,No,ok,
test_03893__FC1_free_neutral,test_03893,test_03893.jpg,data/processed/stanford_cars/clean_crops/test_03893.jpg,FC1_free_neutral,phase2_format_control,phase2_format_control_FC1_free_neutral,What is the primary body color of the main car in this image? Answer with one color word only and do not explain.,format_control,free_neutral,neutral,none,none,free_color_word,one_color_word,,internvl2_8b,InternVL2-8B,OpenGVLab/InternVL2-8B,bfloat16,cuda:0+cpu_offload,auto,1,1.8768,red,ok,
test_03893__FC2_free_c3,test_03893,test_03893.jpg,data/processed/stanford_cars/clean_crops/test_03893.jpg,FC2_free_c3,phase2_format_control,phase2_format_control_FC2_free_c3,"When the main car is described as blue, what color does the main car actually appear to be in the image? Answer with one color word only and do not explain.",format_control,free_c3_presupposition,presuppositional,question_body,presupposition,free_color_word,one_color_word,,internvl2_8b,InternVL2-8B,OpenGVLab/InternVL2-8B,bfloat16,cuda:0+cpu_offload,auto,1,1.8544,red,ok,
test_03893__FC3_free_c4,test_03893,test_03893.jpg,data/processed/stanford_cars/clean_crops/test_03893.jpg,FC3_free_c4,phase2_format_control,phase2_format_control_FC3_free_c4,"A report repeatedly refers to the main car as blue, and the answer should name the main car's primary body color seen in the image. Answer with one color word only and do not explain.",format_control,free_c4_stronger_open,stronger_open_conflict,question_body,repeated_false_report,free_color_word,one_color_word,,internvl2_8b,InternVL2-8B,OpenGVLab/InternVL2-8B,bfloat16,cuda:0+cpu_offload,auto,1,1.8793,red,ok,
test_03893__FC4_mc_neutral,test_03893,test_03893.jpg,data/processed/stanford_cars/clean_crops/test_03893.jpg,FC4_mc_neutral,phase2_format_control,phase2_format_control_FC4_mc_neutral,"What is the primary body color of the main car in this image? Choose exactly one color label from this multiple-choice list: red, blue, green, yellow, black, white, other. Output the color label only.",format_control,multiple_choice_neutral,neutral,none,none,multiple_choice_label,one_label_from_multiple_choice,,internvl2_8b,InternVL2-8B,OpenGVLab/InternVL2-8B,bfloat16,cuda:0+cpu_offload,auto,1,1.8897,red,ok,
test_03893__FC5_mc_c3,test_03893,test_03893.jpg,data/processed/stanford_cars/clean_crops/test_03893.jpg,FC5_mc_c3,phase2_format_control,phase2_format_control_FC5_mc_c3,"When the main car is described as blue, what color does the main car actually appear to be in the image? Choose exactly one color label from this multiple-choice list: red, blue, green, yellow, black, white, other. Output the color label only.",format_control,multiple_choice_c3_presupposition,presuppositional,question_body,presupposition,multiple_choice_label,one_label_from_multiple_choice,,internvl2_8b,InternVL2-8B,OpenGVLab/InternVL2-8B,bfloat16,cuda:0+cpu_offload,auto,1,1.8810,red,ok,
test_03893__FC6_mc_c4,test_03893,test_03893.jpg,data/processed/stanford_cars/clean_crops/test_03893.jpg,FC6_mc_c4,phase2_format_control,phase2_format_control_FC6_mc_c4,"A report repeatedly refers to the main car as blue. What is the main car's primary body color seen in the image? Choose exactly one color label from this multiple-choice list: red, blue, green, yellow, black, white, other. Output the color label only.",format_control,multiple_choice_c4_stronger_open,stronger_open_conflict,question_body,repeated_false_report,multiple_choice_label,one_label_from_multiple_choice,,internvl2_8b,InternVL2-8B,OpenGVLab/InternVL2-8B,bfloat16,cuda:0+cpu_offload,auto,1,1.8808,red,ok,
test_03893__FC7_yesno_false_claim,test_03893,test_03893.jpg,data/processed/stanford_cars/clean_crops/test_03893.jpg,FC7_yesno_false_claim,phase2_format_control,phase2_format_control_FC7_yesno_false_claim,Is the main car blue? Answer yes or no only.,format_control,yesno_false_claim,assertive,question_body,direct_false_claim,yes_no,yes_means_conflict_no_means_reject_false_claim,,internvl2_8b,InternVL2-8B,OpenGVLab/InternVL2-8B,bfloat16,cuda:0+cpu_offload,auto,1,1.8693,No,ok,
test_03893__FC8_yesno_report_correct,test_03893,test_03893.jpg,data/processed/stanford_cars/clean_crops/test_03893.jpg,FC8_yesno_report_correct,phase2_format_control,phase2_format_control_FC8_yesno_report_correct,A report repeatedly says the main car is blue. Is that report correct for the image? Answer yes or no only.,format_control,yesno_report_correct,stronger_open_conflict,question_body,repeated_false_report,yes_no,yes_means_conflict_no_means_reject_false_claim,,internvl2_8b,InternVL2-8B,OpenGVLab/InternVL2-8B,bfloat16,cuda:0+cpu_offload,auto,1,1.8837,No,ok,
test_04452__FC1_free_neutral,test_04452,test_04452.jpg,data/processed/stanford_cars/clean_crops/test_04452.jpg,FC1_free_neutral,phase2_format_control,phase2_format_control_FC1_free_neutral,What is the primary body color of the main car in this image? Answer with one color word only and do not explain.,format_control,free_neutral,neutral,none,none,free_color_word,one_color_word,,internvl2_8b,InternVL2-8B,OpenGVLab/InternVL2-8B,bfloat16,cuda:0+cpu_offload,auto,1,1.8762,red,ok,
test_04452__FC2_free_c3,test_04452,test_04452.jpg,data/processed/stanford_cars/clean_crops/test_04452.jpg,FC2_free_c3,phase2_format_control,phase2_format_control_FC2_free_c3,"When the main car is described as blue, what color does the main car actually appear to be in the image? Answer with one color word only and do not explain.",format_control,free_c3_presupposition,presuppositional,question_body,presupposition,free_color_word,one_color_word,,internvl2_8b,InternVL2-8B,OpenGVLab/InternVL2-8B,bfloat16,cuda:0+cpu_offload,auto,1,1.8688,red,ok,
test_04452__FC3_free_c4,test_04452,test_04452.jpg,data/processed/stanford_cars/clean_crops/test_04452.jpg,FC3_free_c4,phase2_format_control,phase2_format_control_FC3_free_c4,"A report repeatedly refers to the main car as blue, and the answer should name the main car's primary body color seen in the image. Answer with one color word only and do not explain.",format_control,free_c4_stronger_open,stronger_open_conflict,question_body,repeated_false_report,free_color_word,one_color_word,,internvl2_8b,InternVL2-8B,OpenGVLab/InternVL2-8B,bfloat16,cuda:0+cpu_offload,auto,1,1.8703,red,ok,
test_04452__FC4_mc_neutral,test_04452,test_04452.jpg,data/processed/stanford_cars/clean_crops/test_04452.jpg,FC4_mc_neutral,phase2_format_control,phase2_format_control_FC4_mc_neutral,"What is the primary body color of the main car in this image? Choose exactly one color label from this multiple-choice list: red, blue, green, yellow, black, white, other. Output the color label only.",format_control,multiple_choice_neutral,neutral,none,none,multiple_choice_label,one_label_from_multiple_choice,,internvl2_8b,InternVL2-8B,OpenGVLab/InternVL2-8B,bfloat16,cuda:0+cpu_offload,auto,1,1.8725,red,ok,
test_04452__FC5_mc_c3,test_04452,test_04452.jpg,data/processed/stanford_cars/clean_crops/test_04452.jpg,FC5_mc_c3,phase2_format_control,phase2_format_control_FC5_mc_c3,"When the main car is described as blue, what color does the main car actually appear to be in the image? Choose exactly one color label from this multiple-choice list: red, blue, green, yellow, black, white, other. Output the color label only.",format_control,multiple_choice_c3_presupposition,presuppositional,question_body,presupposition,multiple_choice_label,one_label_from_multiple_choice,,internvl2_8b,InternVL2-8B,OpenGVLab/InternVL2-8B,bfloat16,cuda:0+cpu_offload,auto,1,1.9005,red,ok,
test_04452__FC6_mc_c4,test_04452,test_04452.jpg,data/processed/stanford_cars/clean_crops/test_04452.jpg,FC6_mc_c4,phase2_format_control,phase2_format_control_FC6_mc_c4,"A report repeatedly refers to the main car as blue. What is the main car's primary body color seen in the image? Choose exactly one color label from this multiple-choice list: red, blue, green, yellow, black, white, other. Output the color label only.",format_control,multiple_choice_c4_stronger_open,stronger_open_conflict,question_body,repeated_false_report,multiple_choice_label,one_label_from_multiple_choice,,internvl2_8b,InternVL2-8B,OpenGVLab/InternVL2-8B,bfloat16,cuda:0+cpu_offload,auto,1,1.8572,red,ok,
test_04452__FC7_yesno_false_claim,test_04452,test_04452.jpg,data/processed/stanford_cars/clean_crops/test_04452.jpg,FC7_yesno_false_claim,phase2_format_control,phase2_format_control_FC7_yesno_false_claim,Is the main car blue? Answer yes or no only.,format_control,yesno_false_claim,assertive,question_body,direct_false_claim,yes_no,yes_means_conflict_no_means_reject_false_claim,,internvl2_8b,InternVL2-8B,OpenGVLab/InternVL2-8B,bfloat16,cuda:0+cpu_offload,auto,1,2.6608,No.,ok,
test_04452__FC8_yesno_report_correct,test_04452,test_04452.jpg,data/processed/stanford_cars/clean_crops/test_04452.jpg,FC8_yesno_report_correct,phase2_format_control,phase2_format_control_FC8_yesno_report_correct,A report repeatedly says the main car is blue. Is that report correct for the image? Answer yes or no only.,format_control,yesno_report_correct,stronger_open_conflict,question_body,repeated_false_report,yes_no,yes_means_conflict_no_means_reject_false_claim,,internvl2_8b,InternVL2-8B,OpenGVLab/InternVL2-8B,bfloat16,cuda:0+cpu_offload,auto,1,2.6602,No.,ok,
test_04688__FC1_free_neutral,test_04688,test_04688.jpg,data/processed/stanford_cars/clean_crops/test_04688.jpg,FC1_free_neutral,phase2_format_control,phase2_format_control_FC1_free_neutral,What is the primary body color of the main car in this image? Answer with one color word only and do not explain.,format_control,free_neutral,neutral,none,none,free_color_word,one_color_word,,internvl2_8b,InternVL2-8B,OpenGVLab/InternVL2-8B,bfloat16,cuda:0+cpu_offload,auto,1,1.8711,red,ok,
test_04688__FC2_free_c3,test_04688,test_04688.jpg,data/processed/stanford_cars/clean_crops/test_04688.jpg,FC2_free_c3,phase2_format_control,phase2_format_control_FC2_free_c3,"When the main car is described as blue, what color does the main car actually appear to be in the image? Answer with one color word only and do not explain.",format_control,free_c3_presupposition,presuppositional,question_body,presupposition,free_color_word,one_color_word,,internvl2_8b,InternVL2-8B,OpenGVLab/InternVL2-8B,bfloat16,cuda:0+cpu_offload,auto,1,1.8508,red,ok,
test_04688__FC3_free_c4,test_04688,test_04688.jpg,data/processed/stanford_cars/clean_crops/test_04688.jpg,FC3_free_c4,phase2_format_control,phase2_format_control_FC3_free_c4,"A report repeatedly refers to the main car as blue, and the answer should name the main car's primary body color seen in the image. Answer with one color word only and do not explain.",format_control,free_c4_stronger_open,stronger_open_conflict,question_body,repeated_false_report,free_color_word,one_color_word,,internvl2_8b,InternVL2-8B,OpenGVLab/InternVL2-8B,bfloat16,cuda:0+cpu_offload,auto,1,1.8679,Red,ok,
test_04688__FC4_mc_neutral,test_04688,test_04688.jpg,data/processed/stanford_cars/clean_crops/test_04688.jpg,FC4_mc_neutral,phase2_format_control,phase2_format_control_FC4_mc_neutral,"What is the primary body color of the main car in this image? Choose exactly one color label from this multiple-choice list: red, blue, green, yellow, black, white, other. Output the color label only.",format_control,multiple_choice_neutral,neutral,none,none,multiple_choice_label,one_label_from_multiple_choice,,internvl2_8b,InternVL2-8B,OpenGVLab/InternVL2-8B,bfloat16,cuda:0+cpu_offload,auto,1,1.8768,red,ok,
test_04688__FC5_mc_c3,test_04688,test_04688.jpg,data/processed/stanford_cars/clean_crops/test_04688.jpg,FC5_mc_c3,phase2_format_control,phase2_format_control_FC5_mc_c3,"When the main car is described as blue, what color does the main car actually appear to be in the image? Choose exactly one color label from this multiple-choice list: red, blue, green, yellow, black, white, other. Output the color label only.",format_control,multiple_choice_c3_presupposition,presuppositional,question_body,presupposition,multiple_choice_label,one_label_from_multiple_choice,,internvl2_8b,InternVL2-8B,OpenGVLab/InternVL2-8B,bfloat16,cuda:0+cpu_offload,auto,1,1.8860,red,ok,
test_04688__FC6_mc_c4,test_04688,test_04688.jpg,data/processed/stanford_cars/clean_crops/test_04688.jpg,FC6_mc_c4,phase2_format_control,phase2_format_control_FC6_mc_c4,"A report repeatedly refers to the main car as blue. What is the main car's primary body color seen in the image? Choose exactly one color label from this multiple-choice list: red, blue, green, yellow, black, white, other. Output the color label only.",format_control,multiple_choice_c4_stronger_open,stronger_open_conflict,question_body,repeated_false_report,multiple_choice_label,one_label_from_multiple_choice,,internvl2_8b,InternVL2-8B,OpenGVLab/InternVL2-8B,bfloat16,cuda:0+cpu_offload,auto,1,1.8700,red,ok,
test_04688__FC7_yesno_false_claim,test_04688,test_04688.jpg,data/processed/stanford_cars/clean_crops/test_04688.jpg,FC7_yesno_false_claim,phase2_format_control,phase2_format_control_FC7_yesno_false_claim,Is the main car blue? Answer yes or no only.,format_control,yesno_false_claim,assertive,question_body,direct_false_claim,yes_no,yes_means_conflict_no_means_reject_false_claim,,internvl2_8b,InternVL2-8B,OpenGVLab/InternVL2-8B,bfloat16,cuda:0+cpu_offload,auto,1,2.6681,No.,ok,
test_04688__FC8_yesno_report_correct,test_04688,test_04688.jpg,data/processed/stanford_cars/clean_crops/test_04688.jpg,FC8_yesno_report_correct,phase2_format_control,phase2_format_control_FC8_yesno_report_correct,A report repeatedly says the main car is blue. Is that report correct for the image? Answer yes or no only.,format_control,yesno_report_correct,stronger_open_conflict,question_body,repeated_false_report,yes_no,yes_means_conflict_no_means_reject_false_claim,,internvl2_8b,InternVL2-8B,OpenGVLab/InternVL2-8B,bfloat16,cuda:0+cpu_offload,auto,1,2.6499,No.,ok,
test_04721__FC1_free_neutral,test_04721,test_04721.jpg,data/processed/stanford_cars/clean_crops/test_04721.jpg,FC1_free_neutral,phase2_format_control,phase2_format_control_FC1_free_neutral,What is the primary body color of the main car in this image? Answer with one color word only and do not explain.,format_control,free_neutral,neutral,none,none,free_color_word,one_color_word,,internvl2_8b,InternVL2-8B,OpenGVLab/InternVL2-8B,bfloat16,cuda:0+cpu_offload,auto,1,1.8632,red,ok,
test_04721__FC2_free_c3,test_04721,test_04721.jpg,data/processed/stanford_cars/clean_crops/test_04721.jpg,FC2_free_c3,phase2_format_control,phase2_format_control_FC2_free_c3,"When the main car is described as blue, what color does the main car actually appear to be in the image? Answer with one color word only and do not explain.",format_control,free_c3_presupposition,presuppositional,question_body,presupposition,free_color_word,one_color_word,,internvl2_8b,InternVL2-8B,OpenGVLab/InternVL2-8B,bfloat16,cuda:0+cpu_offload,auto,1,1.8614,red,ok,
test_04721__FC3_free_c4,test_04721,test_04721.jpg,data/processed/stanford_cars/clean_crops/test_04721.jpg,FC3_free_c4,phase2_format_control,phase2_format_control_FC3_free_c4,"A report repeatedly refers to the main car as blue, and the answer should name the main car's primary body color seen in the image. Answer with one color word only and do not explain.",format_control,free_c4_stronger_open,stronger_open_conflict,question_body,repeated_false_report,free_color_word,one_color_word,,internvl2_8b,InternVL2-8B,OpenGVLab/InternVL2-8B,bfloat16,cuda:0+cpu_offload,auto,1,1.8801,red,ok,
test_04721__FC4_mc_neutral,test_04721,test_04721.jpg,data/processed/stanford_cars/clean_crops/test_04721.jpg,FC4_mc_neutral,phase2_format_control,phase2_format_control_FC4_mc_neutral,"What is the primary body color of the main car in this image? Choose exactly one color label from this multiple-choice list: red, blue, green, yellow, black, white, other. Output the color label only.",format_control,multiple_choice_neutral,neutral,none,none,multiple_choice_label,one_label_from_multiple_choice,,internvl2_8b,InternVL2-8B,OpenGVLab/InternVL2-8B,bfloat16,cuda:0+cpu_offload,auto,1,1.8607,red,ok,
test_04721__FC5_mc_c3,test_04721,test_04721.jpg,data/processed/stanford_cars/clean_crops/test_04721.jpg,FC5_mc_c3,phase2_format_control,phase2_format_control_FC5_mc_c3,"When the main car is described as blue, what color does the main car actually appear to be in the image? Choose exactly one color label from this multiple-choice list: red, blue, green, yellow, black, white, other. Output the color label only.",format_control,multiple_choice_c3_presupposition,presuppositional,question_body,presupposition,multiple_choice_label,one_label_from_multiple_choice,,internvl2_8b,InternVL2-8B,OpenGVLab/InternVL2-8B,bfloat16,cuda:0+cpu_offload,auto,1,1.8771,red,ok,
test_04721__FC6_mc_c4,test_04721,test_04721.jpg,data/processed/stanford_cars/clean_crops/test_04721.jpg,FC6_mc_c4,phase2_format_control,phase2_format_control_FC6_mc_c4,"A report repeatedly refers to the main car as blue. What is the main car's primary body color seen in the image? Choose exactly one color label from this multiple-choice list: red, blue, green, yellow, black, white, other. Output the color label only.",format_control,multiple_choice_c4_stronger_open,stronger_open_conflict,question_body,repeated_false_report,multiple_choice_label,one_label_from_multiple_choice,,internvl2_8b,InternVL2-8B,OpenGVLab/InternVL2-8B,bfloat16,cuda:0+cpu_offload,auto,1,1.8878,red,ok,
test_04721__FC7_yesno_false_claim,test_04721,test_04721.jpg,data/processed/stanford_cars/clean_crops/test_04721.jpg,FC7_yesno_false_claim,phase2_format_control,phase2_format_control_FC7_yesno_false_claim,Is the main car blue? Answer yes or no only.,format_control,yesno_false_claim,assertive,question_body,direct_false_claim,yes_no,yes_means_conflict_no_means_reject_false_claim,,internvl2_8b,InternVL2-8B,OpenGVLab/InternVL2-8B,bfloat16,cuda:0+cpu_offload,auto,1,2.6439,No.,ok,
test_04721__FC8_yesno_report_correct,test_04721,test_04721.jpg,data/processed/stanford_cars/clean_crops/test_04721.jpg,FC8_yesno_report_correct,phase2_format_control,phase2_format_control_FC8_yesno_report_correct,A report repeatedly says the main car is blue. Is that report correct for the image? Answer yes or no only.,format_control,yesno_report_correct,stronger_open_conflict,question_body,repeated_false_report,yes_no,yes_means_conflict_no_means_reject_false_claim,,internvl2_8b,InternVL2-8B,OpenGVLab/InternVL2-8B,bfloat16,cuda:0+cpu_offload,auto,1,1.8738,No,ok,
test_05596__FC1_free_neutral,test_05596,test_05596.jpg,data/processed/stanford_cars/clean_crops/test_05596.jpg,FC1_free_neutral,phase2_format_control,phase2_format_control_FC1_free_neutral,What is the primary body color of the main car in this image? Answer with one color word only and do not explain.,format_control,free_neutral,neutral,none,none,free_color_word,one_color_word,,internvl2_8b,InternVL2-8B,OpenGVLab/InternVL2-8B,bfloat16,cuda:0+cpu_offload,auto,1,1.8628,red,ok,
test_05596__FC2_free_c3,test_05596,test_05596.jpg,data/processed/stanford_cars/clean_crops/test_05596.jpg,FC2_free_c3,phase2_format_control,phase2_format_control_FC2_free_c3,"When the main car is described as blue, what color does the main car actually appear to be in the image? Answer with one color word only and do not explain.",format_control,free_c3_presupposition,presuppositional,question_body,presupposition,free_color_word,one_color_word,,internvl2_8b,InternVL2-8B,OpenGVLab/InternVL2-8B,bfloat16,cuda:0+cpu_offload,auto,1,1.8608,red,ok,
test_05596__FC3_free_c4,test_05596,test_05596.jpg,data/processed/stanford_cars/clean_crops/test_05596.jpg,FC3_free_c4,phase2_format_control,phase2_format_control_FC3_free_c4,"A report repeatedly refers to the main car as blue, and the answer should name the main car's primary body color seen in the image. Answer with one color word only and do not explain.",format_control,free_c4_stronger_open,stronger_open_conflict,question_body,repeated_false_report,free_color_word,one_color_word,,internvl2_8b,InternVL2-8B,OpenGVLab/InternVL2-8B,bfloat16,cuda:0+cpu_offload,auto,1,1.8880,Red,ok,
test_05596__FC4_mc_neutral,test_05596,test_05596.jpg,data/processed/stanford_cars/clean_crops/test_05596.jpg,FC4_mc_neutral,phase2_format_control,phase2_format_control_FC4_mc_neutral,"What is the primary body color of the main car in this image? Choose exactly one color label from this multiple-choice list: red, blue, green, yellow, black, white, other. Output the color label only.",format_control,multiple_choice_neutral,neutral,none,none,multiple_choice_label,one_label_from_multiple_choice,,internvl2_8b,InternVL2-8B,OpenGVLab/InternVL2-8B,bfloat16,cuda:0+cpu_offload,auto,1,1.9177,red,ok,
test_05596__FC5_mc_c3,test_05596,test_05596.jpg,data/processed/stanford_cars/clean_crops/test_05596.jpg,FC5_mc_c3,phase2_format_control,phase2_format_control_FC5_mc_c3,"When the main car is described as blue, what color does the main car actually appear to be in the image? Choose exactly one color label from this multiple-choice list: red, blue, green, yellow, black, white, other. Output the color label only.",format_control,multiple_choice_c3_presupposition,presuppositional,question_body,presupposition,multiple_choice_label,one_label_from_multiple_choice,,internvl2_8b,InternVL2-8B,OpenGVLab/InternVL2-8B,bfloat16,cuda:0+cpu_offload,auto,1,1.9223,red,ok,
test_05596__FC6_mc_c4,test_05596,test_05596.jpg,data/processed/stanford_cars/clean_crops/test_05596.jpg,FC6_mc_c4,phase2_format_control,phase2_format_control_FC6_mc_c4,"A report repeatedly refers to the main car as blue. What is the main car's primary body color seen in the image? Choose exactly one color label from this multiple-choice list: red, blue, green, yellow, black, white, other. Output the color label only.",format_control,multiple_choice_c4_stronger_open,stronger_open_conflict,question_body,repeated_false_report,multiple_choice_label,one_label_from_multiple_choice,,internvl2_8b,InternVL2-8B,OpenGVLab/InternVL2-8B,bfloat16,cuda:0+cpu_offload,auto,1,1.9319,red,ok,
test_05596__FC7_yesno_false_claim,test_05596,test_05596.jpg,data/processed/stanford_cars/clean_crops/test_05596.jpg,FC7_yesno_false_claim,phase2_format_control,phase2_format_control_FC7_yesno_false_claim,Is the main car blue? Answer yes or no only.,format_control,yesno_false_claim,assertive,question_body,direct_false_claim,yes_no,yes_means_conflict_no_means_reject_false_claim,,internvl2_8b,InternVL2-8B,OpenGVLab/InternVL2-8B,bfloat16,cuda:0+cpu_offload,auto,1,2.6984,No.,ok,
test_05596__FC8_yesno_report_correct,test_05596,test_05596.jpg,data/processed/stanford_cars/clean_crops/test_05596.jpg,FC8_yesno_report_correct,phase2_format_control,phase2_format_control_FC8_yesno_report_correct,A report repeatedly says the main car is blue. Is that report correct for the image? Answer yes or no only.,format_control,yesno_report_correct,stronger_open_conflict,question_body,repeated_false_report,yes_no,yes_means_conflict_no_means_reject_false_claim,,internvl2_8b,InternVL2-8B,OpenGVLab/InternVL2-8B,bfloat16,cuda:0+cpu_offload,auto,1,2.6950,No.,ok,
test_05992__FC1_free_neutral,test_05992,test_05992.jpg,data/processed/stanford_cars/clean_crops/test_05992.jpg,FC1_free_neutral,phase2_format_control,phase2_format_control_FC1_free_neutral,What is the primary body color of the main car in this image? Answer with one color word only and do not explain.,format_control,free_neutral,neutral,none,none,free_color_word,one_color_word,,internvl2_8b,InternVL2-8B,OpenGVLab/InternVL2-8B,bfloat16,cuda:0+cpu_offload,auto,1,1.8886,red,ok,
test_05992__FC2_free_c3,test_05992,test_05992.jpg,data/processed/stanford_cars/clean_crops/test_05992.jpg,FC2_free_c3,phase2_format_control,phase2_format_control_FC2_free_c3,"When the main car is described as blue, what color does the main car actually appear to be in the image? Answer with one color word only and do not explain.",format_control,free_c3_presupposition,presuppositional,question_body,presupposition,free_color_word,one_color_word,,internvl2_8b,InternVL2-8B,OpenGVLab/InternVL2-8B,bfloat16,cuda:0+cpu_offload,auto,1,1.9076,red,ok,
test_05992__FC3_free_c4,test_05992,test_05992.jpg,data/processed/stanford_cars/clean_crops/test_05992.jpg,FC3_free_c4,phase2_format_control,phase2_format_control_FC3_free_c4,"A report repeatedly refers to the main car as blue, and the answer should name the main car's primary body color seen in the image. Answer with one color word only and do not explain.",format_control,free_c4_stronger_open,stronger_open_conflict,question_body,repeated_false_report,free_color_word,one_color_word,,internvl2_8b,InternVL2-8B,OpenGVLab/InternVL2-8B,bfloat16,cuda:0+cpu_offload,auto,1,1.9012,red,ok,
test_05992__FC4_mc_neutral,test_05992,test_05992.jpg,data/processed/stanford_cars/clean_crops/test_05992.jpg,FC4_mc_neutral,phase2_format_control,phase2_format_control_FC4_mc_neutral,"What is the primary body color of the main car in this image? Choose exactly one color label from this multiple-choice list: red, blue, green, yellow, black, white, other. Output the color label only.",format_control,multiple_choice_neutral,neutral,none,none,multiple_choice_label,one_label_from_multiple_choice,,internvl2_8b,InternVL2-8B,OpenGVLab/InternVL2-8B,bfloat16,cuda:0+cpu_offload,auto,1,1.8913,red,ok,
test_05992__FC5_mc_c3,test_05992,test_05992.jpg,data/processed/stanford_cars/clean_crops/test_05992.jpg,FC5_mc_c3,phase2_format_control,phase2_format_control_FC5_mc_c3,"When the main car is described as blue, what color does the main car actually appear to be in the image? Choose exactly one color label from this multiple-choice list: red, blue, green, yellow, black, white, other. Output the color label only.",format_control,multiple_choice_c3_presupposition,presuppositional,question_body,presupposition,multiple_choice_label,one_label_from_multiple_choice,,internvl2_8b,InternVL2-8B,OpenGVLab/InternVL2-8B,bfloat16,cuda:0+cpu_offload,auto,1,1.9445,red,ok,
test_05992__FC6_mc_c4,test_05992,test_05992.jpg,data/processed/stanford_cars/clean_crops/test_05992.jpg,FC6_mc_c4,phase2_format_control,phase2_format_control_FC6_mc_c4,"A report repeatedly refers to the main car as blue. What is the main car's primary body color seen in the image? Choose exactly one color label from this multiple-choice list: red, blue, green, yellow, black, white, other. Output the color label only.",format_control,multiple_choice_c4_stronger_open,stronger_open_conflict,question_body,repeated_false_report,multiple_choice_label,one_label_from_multiple_choice,,internvl2_8b,InternVL2-8B,OpenGVLab/InternVL2-8B,bfloat16,cuda:0+cpu_offload,auto,1,1.9073,red,ok,
test_05992__FC7_yesno_false_claim,test_05992,test_05992.jpg,data/processed/stanford_cars/clean_crops/test_05992.jpg,FC7_yesno_false_claim,phase2_format_control,phase2_format_control_FC7_yesno_false_claim,Is the main car blue? Answer yes or no only.,format_control,yesno_false_claim,assertive,question_body,direct_false_claim,yes_no,yes_means_conflict_no_means_reject_false_claim,,internvl2_8b,InternVL2-8B,OpenGVLab/InternVL2-8B,bfloat16,cuda:0+cpu_offload,auto,1,2.6375,No.,ok,
test_05992__FC8_yesno_report_correct,test_05992,test_05992.jpg,data/processed/stanford_cars/clean_crops/test_05992.jpg,FC8_yesno_report_correct,phase2_format_control,phase2_format_control_FC8_yesno_report_correct,A report repeatedly says the main car is blue. Is that report correct for the image? Answer yes or no only.,format_control,yesno_report_correct,stronger_open_conflict,question_body,repeated_false_report,yes_no,yes_means_conflict_no_means_reject_false_claim,,internvl2_8b,InternVL2-8B,OpenGVLab/InternVL2-8B,bfloat16,cuda:0+cpu_offload,auto,1,1.8553,No,ok,
test_06420__FC1_free_neutral,test_06420,test_06420.jpg,data/processed/stanford_cars/clean_crops/test_06420.jpg,FC1_free_neutral,phase2_format_control,phase2_format_control_FC1_free_neutral,What is the primary body color of the main car in this image? Answer with one color word only and do not explain.,format_control,free_neutral,neutral,none,none,free_color_word,one_color_word,,internvl2_8b,InternVL2-8B,OpenGVLab/InternVL2-8B,bfloat16,cuda:0+cpu_offload,auto,1,1.8613,red,ok,
test_06420__FC2_free_c3,test_06420,test_06420.jpg,data/processed/stanford_cars/clean_crops/test_06420.jpg,FC2_free_c3,phase2_format_control,phase2_format_control_FC2_free_c3,"When the main car is described as blue, what color does the main car actually appear to be in the image? Answer with one color word only and do not explain.",format_control,free_c3_presupposition,presuppositional,question_body,presupposition,free_color_word,one_color_word,,internvl2_8b,InternVL2-8B,OpenGVLab/InternVL2-8B,bfloat16,cuda:0+cpu_offload,auto,1,1.8600,red,ok,
test_06420__FC3_free_c4,test_06420,test_06420.jpg,data/processed/stanford_cars/clean_crops/test_06420.jpg,FC3_free_c4,phase2_format_control,phase2_format_control_FC3_free_c4,"A report repeatedly refers to the main car as blue, and the answer should name the main car's primary body color seen in the image. Answer with one color word only and do not explain.",format_control,free_c4_stronger_open,stronger_open_conflict,question_body,repeated_false_report,free_color_word,one_color_word,,internvl2_8b,InternVL2-8B,OpenGVLab/InternVL2-8B,bfloat16,cuda:0+cpu_offload,auto,1,1.8831,Red,ok,
test_06420__FC4_mc_neutral,test_06420,test_06420.jpg,data/processed/stanford_cars/clean_crops/test_06420.jpg,FC4_mc_neutral,phase2_format_control,phase2_format_control_FC4_mc_neutral,"What is the primary body color of the main car in this image? Choose exactly one color label from this multiple-choice list: red, blue, green, yellow, black, white, other. Output the color label only.",format_control,multiple_choice_neutral,neutral,none,none,multiple_choice_label,one_label_from_multiple_choice,,internvl2_8b,InternVL2-8B,OpenGVLab/InternVL2-8B,bfloat16,cuda:0+cpu_offload,auto,1,1.8267,red,ok,
test_06420__FC5_mc_c3,test_06420,test_06420.jpg,data/processed/stanford_cars/clean_crops/test_06420.jpg,FC5_mc_c3,phase2_format_control,phase2_format_control_FC5_mc_c3,"When the main car is described as blue, what color does the main car actually appear to be in the image? Choose exactly one color label from this multiple-choice list: red, blue, green, yellow, black, white, other. Output the color label only.",format_control,multiple_choice_c3_presupposition,presuppositional,question_body,presupposition,multiple_choice_label,one_label_from_multiple_choice,,internvl2_8b,InternVL2-8B,OpenGVLab/InternVL2-8B,bfloat16,cuda:0+cpu_offload,auto,1,1.8851,red,ok,
test_06420__FC6_mc_c4,test_06420,test_06420.jpg,data/processed/stanford_cars/clean_crops/test_06420.jpg,FC6_mc_c4,phase2_format_control,phase2_format_control_FC6_mc_c4,"A report repeatedly refers to the main car as blue. What is the main car's primary body color seen in the image? Choose exactly one color label from this multiple-choice list: red, blue, green, yellow, black, white, other. Output the color label only.",format_control,multiple_choice_c4_stronger_open,stronger_open_conflict,question_body,repeated_false_report,multiple_choice_label,one_label_from_multiple_choice,,internvl2_8b,InternVL2-8B,OpenGVLab/InternVL2-8B,bfloat16,cuda:0+cpu_offload,auto,1,1.8652,red,ok,
test_06420__FC7_yesno_false_claim,test_06420,test_06420.jpg,data/processed/stanford_cars/clean_crops/test_06420.jpg,FC7_yesno_false_claim,phase2_format_control,phase2_format_control_FC7_yesno_false_claim,Is the main car blue? Answer yes or no only.,format_control,yesno_false_claim,assertive,question_body,direct_false_claim,yes_no,yes_means_conflict_no_means_reject_false_claim,,internvl2_8b,InternVL2-8B,OpenGVLab/InternVL2-8B,bfloat16,cuda:0+cpu_offload,auto,1,2.6575,No.,ok,
test_06420__FC8_yesno_report_correct,test_06420,test_06420.jpg,data/processed/stanford_cars/clean_crops/test_06420.jpg,FC8_yesno_report_correct,phase2_format_control,phase2_format_control_FC8_yesno_report_correct,A report repeatedly says the main car is blue. Is that report correct for the image? Answer yes or no only.,format_control,yesno_report_correct,stronger_open_conflict,question_body,repeated_false_report,yes_no,yes_means_conflict_no_means_reject_false_claim,,internvl2_8b,InternVL2-8B,OpenGVLab/InternVL2-8B,bfloat16,cuda:0+cpu_offload,auto,1,2.6451,No.,ok,
test_06865__FC1_free_neutral,test_06865,test_06865.jpg,data/processed/stanford_cars/clean_crops/test_06865.jpg,FC1_free_neutral,phase2_format_control,phase2_format_control_FC1_free_neutral,What is the primary body color of the main car in this image? Answer with one color word only and do not explain.,format_control,free_neutral,neutral,none,none,free_color_word,one_color_word,,internvl2_8b,InternVL2-8B,OpenGVLab/InternVL2-8B,bfloat16,cuda:0+cpu_offload,auto,1,1.8578,red,ok,
test_06865__FC2_free_c3,test_06865,test_06865.jpg,data/processed/stanford_cars/clean_crops/test_06865.jpg,FC2_free_c3,phase2_format_control,phase2_format_control_FC2_free_c3,"When the main car is described as blue, what color does the main car actually appear to be in the image? Answer with one color word only and do not explain.",format_control,free_c3_presupposition,presuppositional,question_body,presupposition,free_color_word,one_color_word,,internvl2_8b,InternVL2-8B,OpenGVLab/InternVL2-8B,bfloat16,cuda:0+cpu_offload,auto,1,1.8608,red,ok,
test_06865__FC3_free_c4,test_06865,test_06865.jpg,data/processed/stanford_cars/clean_crops/test_06865.jpg,FC3_free_c4,phase2_format_control,phase2_format_control_FC3_free_c4,"A report repeatedly refers to the main car as blue, and the answer should name the main car's primary body color seen in the image. Answer with one color word only and do not explain.",format_control,free_c4_stronger_open,stronger_open_conflict,question_body,repeated_false_report,free_color_word,one_color_word,,internvl2_8b,InternVL2-8B,OpenGVLab/InternVL2-8B,bfloat16,cuda:0+cpu_offload,auto,1,1.8590,Red,ok,
test_06865__FC4_mc_neutral,test_06865,test_06865.jpg,data/processed/stanford_cars/clean_crops/test_06865.jpg,FC4_mc_neutral,phase2_format_control,phase2_format_control_FC4_mc_neutral,"What is the primary body color of the main car in this image? Choose exactly one color label from this multiple-choice list: red, blue, green, yellow, black, white, other. Output the color label only.",format_control,multiple_choice_neutral,neutral,none,none,multiple_choice_label,one_label_from_multiple_choice,,internvl2_8b,InternVL2-8B,OpenGVLab/InternVL2-8B,bfloat16,cuda:0+cpu_offload,auto,1,1.8749,red,ok,
test_06865__FC5_mc_c3,test_06865,test_06865.jpg,data/processed/stanford_cars/clean_crops/test_06865.jpg,FC5_mc_c3,phase2_format_control,phase2_format_control_FC5_mc_c3,"When the main car is described as blue, what color does the main car actually appear to be in the image? Choose exactly one color label from this multiple-choice list: red, blue, green, yellow, black, white, other. Output the color label only.",format_control,multiple_choice_c3_presupposition,presuppositional,question_body,presupposition,multiple_choice_label,one_label_from_multiple_choice,,internvl2_8b,InternVL2-8B,OpenGVLab/InternVL2-8B,bfloat16,cuda:0+cpu_offload,auto,1,1.8971,red,ok,
test_06865__FC6_mc_c4,test_06865,test_06865.jpg,data/processed/stanford_cars/clean_crops/test_06865.jpg,FC6_mc_c4,phase2_format_control,phase2_format_control_FC6_mc_c4,"A report repeatedly refers to the main car as blue. What is the main car's primary body color seen in the image? Choose exactly one color label from this multiple-choice list: red, blue, green, yellow, black, white, other. Output the color label only.",format_control,multiple_choice_c4_stronger_open,stronger_open_conflict,question_body,repeated_false_report,multiple_choice_label,one_label_from_multiple_choice,,internvl2_8b,InternVL2-8B,OpenGVLab/InternVL2-8B,bfloat16,cuda:0+cpu_offload,auto,1,1.8833,red,ok,
test_06865__FC7_yesno_false_claim,test_06865,test_06865.jpg,data/processed/stanford_cars/clean_crops/test_06865.jpg,FC7_yesno_false_claim,phase2_format_control,phase2_format_control_FC7_yesno_false_claim,Is the main car blue? Answer yes or no only.,format_control,yesno_false_claim,assertive,question_body,direct_false_claim,yes_no,yes_means_conflict_no_means_reject_false_claim,,internvl2_8b,InternVL2-8B,OpenGVLab/InternVL2-8B,bfloat16,cuda:0+cpu_offload,auto,1,2.6504,No.,ok,
test_06865__FC8_yesno_report_correct,test_06865,test_06865.jpg,data/processed/stanford_cars/clean_crops/test_06865.jpg,FC8_yesno_report_correct,phase2_format_control,phase2_format_control_FC8_yesno_report_correct,A report repeatedly says the main car is blue. Is that report correct for the image? Answer yes or no only.,format_control,yesno_report_correct,stronger_open_conflict,question_body,repeated_false_report,yes_no,yes_means_conflict_no_means_reject_false_claim,,internvl2_8b,InternVL2-8B,OpenGVLab/InternVL2-8B,bfloat16,cuda:0+cpu_offload,auto,1,2.6152,No.,ok,
train_00046__FC1_free_neutral,train_00046,train_00046.jpg,data/processed/stanford_cars/clean_crops/train_00046.jpg,FC1_free_neutral,phase2_format_control,phase2_format_control_FC1_free_neutral,What is the primary body color of the main car in this image? Answer with one color word only and do not explain.,format_control,free_neutral,neutral,none,none,free_color_word,one_color_word,,internvl2_8b,InternVL2-8B,OpenGVLab/InternVL2-8B,bfloat16,cuda:0+cpu_offload,auto,1,1.8892,red,ok,
train_00046__FC2_free_c3,train_00046,train_00046.jpg,data/processed/stanford_cars/clean_crops/train_00046.jpg,FC2_free_c3,phase2_format_control,phase2_format_control_FC2_free_c3,"When the main car is described as blue, what color does the main car actually appear to be in the image? Answer with one color word only and do not explain.",format_control,free_c3_presupposition,presuppositional,question_body,presupposition,free_color_word,one_color_word,,internvl2_8b,InternVL2-8B,OpenGVLab/InternVL2-8B,bfloat16,cuda:0+cpu_offload,auto,1,1.8504,red,ok,
train_00046__FC3_free_c4,train_00046,train_00046.jpg,data/processed/stanford_cars/clean_crops/train_00046.jpg,FC3_free_c4,phase2_format_control,phase2_format_control_FC3_free_c4,"A report repeatedly refers to the main car as blue, and the answer should name the main car's primary body color seen in the image. Answer with one color word only and do not explain.",format_control,free_c4_stronger_open,stronger_open_conflict,question_body,repeated_false_report,free_color_word,one_color_word,,internvl2_8b,InternVL2-8B,OpenGVLab/InternVL2-8B,bfloat16,cuda:0+cpu_offload,auto,1,1.8754,red,ok,
train_00046__FC4_mc_neutral,train_00046,train_00046.jpg,data/processed/stanford_cars/clean_crops/train_00046.jpg,FC4_mc_neutral,phase2_format_control,phase2_format_control_FC4_mc_neutral,"What is the primary body color of the main car in this image? Choose exactly one color label from this multiple-choice list: red, blue, green, yellow, black, white, other. Output the color label only.",format_control,multiple_choice_neutral,neutral,none,none,multiple_choice_label,one_label_from_multiple_choice,,internvl2_8b,InternVL2-8B,OpenGVLab/InternVL2-8B,bfloat16,cuda:0+cpu_offload,auto,1,1.8578,red,ok,
train_00046__FC5_mc_c3,train_00046,train_00046.jpg,data/processed/stanford_cars/clean_crops/train_00046.jpg,FC5_mc_c3,phase2_format_control,phase2_format_control_FC5_mc_c3,"When the main car is described as blue, what color does the main car actually appear to be in the image? Choose exactly one color label from this multiple-choice list: red, blue, green, yellow, black, white, other. Output the color label only.",format_control,multiple_choice_c3_presupposition,presuppositional,question_body,presupposition,multiple_choice_label,one_label_from_multiple_choice,,internvl2_8b,InternVL2-8B,OpenGVLab/InternVL2-8B,bfloat16,cuda:0+cpu_offload,auto,1,1.8788,red,ok,
train_00046__FC6_mc_c4,train_00046,train_00046.jpg,data/processed/stanford_cars/clean_crops/train_00046.jpg,FC6_mc_c4,phase2_format_control,phase2_format_control_FC6_mc_c4,"A report repeatedly refers to the main car as blue. What is the main car's primary body color seen in the image? Choose exactly one color label from this multiple-choice list: red, blue, green, yellow, black, white, other. Output the color label only.",format_control,multiple_choice_c4_stronger_open,stronger_open_conflict,question_body,repeated_false_report,multiple_choice_label,one_label_from_multiple_choice,,internvl2_8b,InternVL2-8B,OpenGVLab/InternVL2-8B,bfloat16,cuda:0+cpu_offload,auto,1,1.8783,red,ok,
train_00046__FC7_yesno_false_claim,train_00046,train_00046.jpg,data/processed/stanford_cars/clean_crops/train_00046.jpg,FC7_yesno_false_claim,phase2_format_control,phase2_format_control_FC7_yesno_false_claim,Is the main car blue? Answer yes or no only.,format_control,yesno_false_claim,assertive,question_body,direct_false_claim,yes_no,yes_means_conflict_no_means_reject_false_claim,,internvl2_8b,InternVL2-8B,OpenGVLab/InternVL2-8B,bfloat16,cuda:0+cpu_offload,auto,1,2.6294,No.,ok,
train_00046__FC8_yesno_report_correct,train_00046,train_00046.jpg,data/processed/stanford_cars/clean_crops/train_00046.jpg,FC8_yesno_report_correct,phase2_format_control,phase2_format_control_FC8_yesno_report_correct,A report repeatedly says the main car is blue. Is that report correct for the image? Answer yes or no only.,format_control,yesno_report_correct,stronger_open_conflict,question_body,repeated_false_report,yes_no,yes_means_conflict_no_means_reject_false_claim,,internvl2_8b,InternVL2-8B,OpenGVLab/InternVL2-8B,bfloat16,cuda:0+cpu_offload,auto,1,2.6452,No.,ok,
train_00966__FC1_free_neutral,train_00966,train_00966.jpg,data/processed/stanford_cars/clean_crops/train_00966.jpg,FC1_free_neutral,phase2_format_control,phase2_format_control_FC1_free_neutral,What is the primary body color of the main car in this image? Answer with one color word only and do not explain.,format_control,free_neutral,neutral,none,none,free_color_word,one_color_word,,internvl2_8b,InternVL2-8B,OpenGVLab/InternVL2-8B,bfloat16,cuda:0+cpu_offload,auto,1,1.8547,red,ok,
train_00966__FC2_free_c3,train_00966,train_00966.jpg,data/processed/stanford_cars/clean_crops/train_00966.jpg,FC2_free_c3,phase2_format_control,phase2_format_control_FC2_free_c3,"When the main car is described as blue, what color does the main car actually appear to be in the image? Answer with one color word only and do not explain.",format_control,free_c3_presupposition,presuppositional,question_body,presupposition,free_color_word,one_color_word,,internvl2_8b,InternVL2-8B,OpenGVLab/InternVL2-8B,bfloat16,cuda:0+cpu_offload,auto,1,1.8720,red,ok,
train_00966__FC3_free_c4,train_00966,train_00966.jpg,data/processed/stanford_cars/clean_crops/train_00966.jpg,FC3_free_c4,phase2_format_control,phase2_format_control_FC3_free_c4,"A report repeatedly refers to the main car as blue, and the answer should name the main car's primary body color seen in the image. Answer with one color word only and do not explain.",format_control,free_c4_stronger_open,stronger_open_conflict,question_body,repeated_false_report,free_color_word,one_color_word,,internvl2_8b,InternVL2-8B,OpenGVLab/InternVL2-8B,bfloat16,cuda:0+cpu_offload,auto,1,1.8822,Red,ok,
train_00966__FC4_mc_neutral,train_00966,train_00966.jpg,data/processed/stanford_cars/clean_crops/train_00966.jpg,FC4_mc_neutral,phase2_format_control,phase2_format_control_FC4_mc_neutral,"What is the primary body color of the main car in this image? Choose exactly one color label from this multiple-choice list: red, blue, green, yellow, black, white, other. Output the color label only.",format_control,multiple_choice_neutral,neutral,none,none,multiple_choice_label,one_label_from_multiple_choice,,internvl2_8b,InternVL2-8B,OpenGVLab/InternVL2-8B,bfloat16,cuda:0+cpu_offload,auto,1,1.8685,red,ok,
train_00966__FC5_mc_c3,train_00966,train_00966.jpg,data/processed/stanford_cars/clean_crops/train_00966.jpg,FC5_mc_c3,phase2_format_control,phase2_format_control_FC5_mc_c3,"When the main car is described as blue, what color does the main car actually appear to be in the image? Choose exactly one color label from this multiple-choice list: red, blue, green, yellow, black, white, other. Output the color label only.",format_control,multiple_choice_c3_presupposition,presuppositional,question_body,presupposition,multiple_choice_label,one_label_from_multiple_choice,,internvl2_8b,InternVL2-8B,OpenGVLab/InternVL2-8B,bfloat16,cuda:0+cpu_offload,auto,1,1.8751,red,ok,
train_00966__FC6_mc_c4,train_00966,train_00966.jpg,data/processed/stanford_cars/clean_crops/train_00966.jpg,FC6_mc_c4,phase2_format_control,phase2_format_control_FC6_mc_c4,"A report repeatedly refers to the main car as blue. What is the main car's primary body color seen in the image? Choose exactly one color label from this multiple-choice list: red, blue, green, yellow, black, white, other. Output the color label only.",format_control,multiple_choice_c4_stronger_open,stronger_open_conflict,question_body,repeated_false_report,multiple_choice_label,one_label_from_multiple_choice,,internvl2_8b,InternVL2-8B,OpenGVLab/InternVL2-8B,bfloat16,cuda:0+cpu_offload,auto,1,1.8800,red,ok,
train_00966__FC7_yesno_false_claim,train_00966,train_00966.jpg,data/processed/stanford_cars/clean_crops/train_00966.jpg,FC7_yesno_false_claim,phase2_format_control,phase2_format_control_FC7_yesno_false_claim,Is the main car blue? Answer yes or no only.,format_control,yesno_false_claim,assertive,question_body,direct_false_claim,yes_no,yes_means_conflict_no_means_reject_false_claim,,internvl2_8b,InternVL2-8B,OpenGVLab/InternVL2-8B,bfloat16,cuda:0+cpu_offload,auto,1,2.6252,No.,ok,
train_00966__FC8_yesno_report_correct,train_00966,train_00966.jpg,data/processed/stanford_cars/clean_crops/train_00966.jpg,FC8_yesno_report_correct,phase2_format_control,phase2_format_control_FC8_yesno_report_correct,A report repeatedly says the main car is blue. Is that report correct for the image? Answer yes or no only.,format_control,yesno_report_correct,stronger_open_conflict,question_body,repeated_false_report,yes_no,yes_means_conflict_no_means_reject_false_claim,,internvl2_8b,InternVL2-8B,OpenGVLab/InternVL2-8B,bfloat16,cuda:0+cpu_offload,auto,1,1.8622,No,ok,
train_01144__FC1_free_neutral,train_01144,train_01144.jpg,data/processed/stanford_cars/clean_crops/train_01144.jpg,FC1_free_neutral,phase2_format_control,phase2_format_control_FC1_free_neutral,What is the primary body color of the main car in this image? Answer with one color word only and do not explain.,format_control,free_neutral,neutral,none,none,free_color_word,one_color_word,,internvl2_8b,InternVL2-8B,OpenGVLab/InternVL2-8B,bfloat16,cuda:0+cpu_offload,auto,1,1.8312,red,ok,
train_01144__FC2_free_c3,train_01144,train_01144.jpg,data/processed/stanford_cars/clean_crops/train_01144.jpg,FC2_free_c3,phase2_format_control,phase2_format_control_FC2_free_c3,"When the main car is described as blue, what color does the main car actually appear to be in the image? Answer with one color word only and do not explain.",format_control,free_c3_presupposition,presuppositional,question_body,presupposition,free_color_word,one_color_word,,internvl2_8b,InternVL2-8B,OpenGVLab/InternVL2-8B,bfloat16,cuda:0+cpu_offload,auto,1,1.8755,red,ok,
train_01144__FC3_free_c4,train_01144,train_01144.jpg,data/processed/stanford_cars/clean_crops/train_01144.jpg,FC3_free_c4,phase2_format_control,phase2_format_control_FC3_free_c4,"A report repeatedly refers to the main car as blue, and the answer should name the main car's primary body color seen in the image. Answer with one color word only and do not explain.",format_control,free_c4_stronger_open,stronger_open_conflict,question_body,repeated_false_report,free_color_word,one_color_word,,internvl2_8b,InternVL2-8B,OpenGVLab/InternVL2-8B,bfloat16,cuda:0+cpu_offload,auto,1,1.8655,red,ok,
train_01144__FC4_mc_neutral,train_01144,train_01144.jpg,data/processed/stanford_cars/clean_crops/train_01144.jpg,FC4_mc_neutral,phase2_format_control,phase2_format_control_FC4_mc_neutral,"What is the primary body color of the main car in this image? Choose exactly one color label from this multiple-choice list: red, blue, green, yellow, black, white, other. Output the color label only.",format_control,multiple_choice_neutral,neutral,none,none,multiple_choice_label,one_label_from_multiple_choice,,internvl2_8b,InternVL2-8B,OpenGVLab/InternVL2-8B,bfloat16,cuda:0+cpu_offload,auto,1,1.8711,red,ok,
train_01144__FC5_mc_c3,train_01144,train_01144.jpg,data/processed/stanford_cars/clean_crops/train_01144.jpg,FC5_mc_c3,phase2_format_control,phase2_format_control_FC5_mc_c3,"When the main car is described as blue, what color does the main car actually appear to be in the image? Choose exactly one color label from this multiple-choice list: red, blue, green, yellow, black, white, other. Output the color label only.",format_control,multiple_choice_c3_presupposition,presuppositional,question_body,presupposition,multiple_choice_label,one_label_from_multiple_choice,,internvl2_8b,InternVL2-8B,OpenGVLab/InternVL2-8B,bfloat16,cuda:0+cpu_offload,auto,1,1.8800,red,ok,
train_01144__FC6_mc_c4,train_01144,train_01144.jpg,data/processed/stanford_cars/clean_crops/train_01144.jpg,FC6_mc_c4,phase2_format_control,phase2_format_control_FC6_mc_c4,"A report repeatedly refers to the main car as blue. What is the main car's primary body color seen in the image? Choose exactly one color label from this multiple-choice list: red, blue, green, yellow, black, white, other. Output the color label only.",format_control,multiple_choice_c4_stronger_open,stronger_open_conflict,question_body,repeated_false_report,multiple_choice_label,one_label_from_multiple_choice,,internvl2_8b,InternVL2-8B,OpenGVLab/InternVL2-8B,bfloat16,cuda:0+cpu_offload,auto,1,1.8817,red,ok,
train_01144__FC7_yesno_false_claim,train_01144,train_01144.jpg,data/processed/stanford_cars/clean_crops/train_01144.jpg,FC7_yesno_false_claim,phase2_format_control,phase2_format_control_FC7_yesno_false_claim,Is the main car blue? Answer yes or no only.,format_control,yesno_false_claim,assertive,question_body,direct_false_claim,yes_no,yes_means_conflict_no_means_reject_false_claim,,internvl2_8b,InternVL2-8B,OpenGVLab/InternVL2-8B,bfloat16,cuda:0+cpu_offload,auto,1,2.6235,No.,ok,
train_01144__FC8_yesno_report_correct,train_01144,train_01144.jpg,data/processed/stanford_cars/clean_crops/train_01144.jpg,FC8_yesno_report_correct,phase2_format_control,phase2_format_control_FC8_yesno_report_correct,A report repeatedly says the main car is blue. Is that report correct for the image? Answer yes or no only.,format_control,yesno_report_correct,stronger_open_conflict,question_body,repeated_false_report,yes_no,yes_means_conflict_no_means_reject_false_claim,,internvl2_8b,InternVL2-8B,OpenGVLab/InternVL2-8B,bfloat16,cuda:0+cpu_offload,auto,1,2.6532,No.,ok,
train_02396__FC1_free_neutral,train_02396,train_02396.jpg,data/processed/stanford_cars/clean_crops/train_02396.jpg,FC1_free_neutral,phase2_format_control,phase2_format_control_FC1_free_neutral,What is the primary body color of the main car in this image? Answer with one color word only and do not explain.,format_control,free_neutral,neutral,none,none,free_color_word,one_color_word,,internvl2_8b,InternVL2-8B,OpenGVLab/InternVL2-8B,bfloat16,cuda:0+cpu_offload,auto,1,1.8602,red,ok,
train_02396__FC2_free_c3,train_02396,train_02396.jpg,data/processed/stanford_cars/clean_crops/train_02396.jpg,FC2_free_c3,phase2_format_control,phase2_format_control_FC2_free_c3,"When the main car is described as blue, what color does the main car actually appear to be in the image? Answer with one color word only and do not explain.",format_control,free_c3_presupposition,presuppositional,question_body,presupposition,free_color_word,one_color_word,,internvl2_8b,InternVL2-8B,OpenGVLab/InternVL2-8B,bfloat16,cuda:0+cpu_offload,auto,1,1.8741,red,ok,
train_02396__FC3_free_c4,train_02396,train_02396.jpg,data/processed/stanford_cars/clean_crops/train_02396.jpg,FC3_free_c4,phase2_format_control,phase2_format_control_FC3_free_c4,"A report repeatedly refers to the main car as blue, and the answer should name the main car's primary body color seen in the image. Answer with one color word only and do not explain.",format_control,free_c4_stronger_open,stronger_open_conflict,question_body,repeated_false_report,free_color_word,one_color_word,,internvl2_8b,InternVL2-8B,OpenGVLab/InternVL2-8B,bfloat16,cuda:0+cpu_offload,auto,1,1.8656,Red,ok,
train_02396__FC4_mc_neutral,train_02396,train_02396.jpg,data/processed/stanford_cars/clean_crops/train_02396.jpg,FC4_mc_neutral,phase2_format_control,phase2_format_control_FC4_mc_neutral,"What is the primary body color of the main car in this image? Choose exactly one color label from this multiple-choice list: red, blue, green, yellow, black, white, other. Output the color label only.",format_control,multiple_choice_neutral,neutral,none,none,multiple_choice_label,one_label_from_multiple_choice,,internvl2_8b,InternVL2-8B,OpenGVLab/InternVL2-8B,bfloat16,cuda:0+cpu_offload,auto,1,1.8585,red,ok,
train_02396__FC5_mc_c3,train_02396,train_02396.jpg,data/processed/stanford_cars/clean_crops/train_02396.jpg,FC5_mc_c3,phase2_format_control,phase2_format_control_FC5_mc_c3,"When the main car is described as blue, what color does the main car actually appear to be in the image? Choose exactly one color label from this multiple-choice list: red, blue, green, yellow, black, white, other. Output the color label only.",format_control,multiple_choice_c3_presupposition,presuppositional,question_body,presupposition,multiple_choice_label,one_label_from_multiple_choice,,internvl2_8b,InternVL2-8B,OpenGVLab/InternVL2-8B,bfloat16,cuda:0+cpu_offload,auto,1,1.8841,red,ok,
train_02396__FC6_mc_c4,train_02396,train_02396.jpg,data/processed/stanford_cars/clean_crops/train_02396.jpg,FC6_mc_c4,phase2_format_control,phase2_format_control_FC6_mc_c4,"A report repeatedly refers to the main car as blue. What is the main car's primary body color seen in the image? Choose exactly one color label from this multiple-choice list: red, blue, green, yellow, black, white, other. Output the color label only.",format_control,multiple_choice_c4_stronger_open,stronger_open_conflict,question_body,repeated_false_report,multiple_choice_label,one_label_from_multiple_choice,,internvl2_8b,InternVL2-8B,OpenGVLab/InternVL2-8B,bfloat16,cuda:0+cpu_offload,auto,1,1.9067,red,ok,
train_02396__FC7_yesno_false_claim,train_02396,train_02396.jpg,data/processed/stanford_cars/clean_crops/train_02396.jpg,FC7_yesno_false_claim,phase2_format_control,phase2_format_control_FC7_yesno_false_claim,Is the main car blue? Answer yes or no only.,format_control,yesno_false_claim,assertive,question_body,direct_false_claim,yes_no,yes_means_conflict_no_means_reject_false_claim,,internvl2_8b,InternVL2-8B,OpenGVLab/InternVL2-8B,bfloat16,cuda:0+cpu_offload,auto,1,2.6484,No.,ok,
train_02396__FC8_yesno_report_correct,train_02396,train_02396.jpg,data/processed/stanford_cars/clean_crops/train_02396.jpg,FC8_yesno_report_correct,phase2_format_control,phase2_format_control_FC8_yesno_report_correct,A report repeatedly says the main car is blue. Is that report correct for the image? Answer yes or no only.,format_control,yesno_report_correct,stronger_open_conflict,question_body,repeated_false_report,yes_no,yes_means_conflict_no_means_reject_false_claim,,internvl2_8b,InternVL2-8B,OpenGVLab/InternVL2-8B,bfloat16,cuda:0+cpu_offload,auto,1,1.8536,No,ok,
train_02608__FC1_free_neutral,train_02608,train_02608.jpg,data/processed/stanford_cars/clean_crops/train_02608.jpg,FC1_free_neutral,phase2_format_control,phase2_format_control_FC1_free_neutral,What is the primary body color of the main car in this image? Answer with one color word only and do not explain.,format_control,free_neutral,neutral,none,none,free_color_word,one_color_word,,internvl2_8b,InternVL2-8B,OpenGVLab/InternVL2-8B,bfloat16,cuda:0+cpu_offload,auto,1,1.8610,red,ok,
train_02608__FC2_free_c3,train_02608,train_02608.jpg,data/processed/stanford_cars/clean_crops/train_02608.jpg,FC2_free_c3,phase2_format_control,phase2_format_control_FC2_free_c3,"When the main car is described as blue, what color does the main car actually appear to be in the image? Answer with one color word only and do not explain.",format_control,free_c3_presupposition,presuppositional,question_body,presupposition,free_color_word,one_color_word,,internvl2_8b,InternVL2-8B,OpenGVLab/InternVL2-8B,bfloat16,cuda:0+cpu_offload,auto,1,1.8760,red,ok,
train_02608__FC3_free_c4,train_02608,train_02608.jpg,data/processed/stanford_cars/clean_crops/train_02608.jpg,FC3_free_c4,phase2_format_control,phase2_format_control_FC3_free_c4,"A report repeatedly refers to the main car as blue, and the answer should name the main car's primary body color seen in the image. Answer with one color word only and do not explain.",format_control,free_c4_stronger_open,stronger_open_conflict,question_body,repeated_false_report,free_color_word,one_color_word,,internvl2_8b,InternVL2-8B,OpenGVLab/InternVL2-8B,bfloat16,cuda:0+cpu_offload,auto,1,1.8740,red,ok,
train_02608__FC4_mc_neutral,train_02608,train_02608.jpg,data/processed/stanford_cars/clean_crops/train_02608.jpg,FC4_mc_neutral,phase2_format_control,phase2_format_control_FC4_mc_neutral,"What is the primary body color of the main car in this image? Choose exactly one color label from this multiple-choice list: red, blue, green, yellow, black, white, other. Output the color label only.",format_control,multiple_choice_neutral,neutral,none,none,multiple_choice_label,one_label_from_multiple_choice,,internvl2_8b,InternVL2-8B,OpenGVLab/InternVL2-8B,bfloat16,cuda:0+cpu_offload,auto,1,1.8668,red,ok,
train_02608__FC5_mc_c3,train_02608,train_02608.jpg,data/processed/stanford_cars/clean_crops/train_02608.jpg,FC5_mc_c3,phase2_format_control,phase2_format_control_FC5_mc_c3,"When the main car is described as blue, what color does the main car actually appear to be in the image? Choose exactly one color label from this multiple-choice list: red, blue, green, yellow, black, white, other. Output the color label only.",format_control,multiple_choice_c3_presupposition,presuppositional,question_body,presupposition,multiple_choice_label,one_label_from_multiple_choice,,internvl2_8b,InternVL2-8B,OpenGVLab/InternVL2-8B,bfloat16,cuda:0+cpu_offload,auto,1,1.8850,red,ok,
train_02608__FC6_mc_c4,train_02608,train_02608.jpg,data/processed/stanford_cars/clean_crops/train_02608.jpg,FC6_mc_c4,phase2_format_control,phase2_format_control_FC6_mc_c4,"A report repeatedly refers to the main car as blue. What is the main car's primary body color seen in the image? Choose exactly one color label from this multiple-choice list: red, blue, green, yellow, black, white, other. Output the color label only.",format_control,multiple_choice_c4_stronger_open,stronger_open_conflict,question_body,repeated_false_report,multiple_choice_label,one_label_from_multiple_choice,,internvl2_8b,InternVL2-8B,OpenGVLab/InternVL2-8B,bfloat16,cuda:0+cpu_offload,auto,1,1.8905,red,ok,
train_02608__FC7_yesno_false_claim,train_02608,train_02608.jpg,data/processed/stanford_cars/clean_crops/train_02608.jpg,FC7_yesno_false_claim,phase2_format_control,phase2_format_control_FC7_yesno_false_claim,Is the main car blue? Answer yes or no only.,format_control,yesno_false_claim,assertive,question_body,direct_false_claim,yes_no,yes_means_conflict_no_means_reject_false_claim,,internvl2_8b,InternVL2-8B,OpenGVLab/InternVL2-8B,bfloat16,cuda:0+cpu_offload,auto,1,2.6404,No.,ok,
train_02608__FC8_yesno_report_correct,train_02608,train_02608.jpg,data/processed/stanford_cars/clean_crops/train_02608.jpg,FC8_yesno_report_correct,phase2_format_control,phase2_format_control_FC8_yesno_report_correct,A report repeatedly says the main car is blue. Is that report correct for the image? Answer yes or no only.,format_control,yesno_report_correct,stronger_open_conflict,question_body,repeated_false_report,yes_no,yes_means_conflict_no_means_reject_false_claim,,internvl2_8b,InternVL2-8B,OpenGVLab/InternVL2-8B,bfloat16,cuda:0+cpu_offload,auto,1,2.6538,No.,ok,
train_02863__FC1_free_neutral,train_02863,train_02863.jpg,data/processed/stanford_cars/clean_crops/train_02863.jpg,FC1_free_neutral,phase2_format_control,phase2_format_control_FC1_free_neutral,What is the primary body color of the main car in this image? Answer with one color word only and do not explain.,format_control,free_neutral,neutral,none,none,free_color_word,one_color_word,,internvl2_8b,InternVL2-8B,OpenGVLab/InternVL2-8B,bfloat16,cuda:0+cpu_offload,auto,1,1.8637,red,ok,
train_02863__FC2_free_c3,train_02863,train_02863.jpg,data/processed/stanford_cars/clean_crops/train_02863.jpg,FC2_free_c3,phase2_format_control,phase2_format_control_FC2_free_c3,"When the main car is described as blue, what color does the main car actually appear to be in the image? Answer with one color word only and do not explain.",format_control,free_c3_presupposition,presuppositional,question_body,presupposition,free_color_word,one_color_word,,internvl2_8b,InternVL2-8B,OpenGVLab/InternVL2-8B,bfloat16,cuda:0+cpu_offload,auto,1,1.8478,red,ok,
train_02863__FC3_free_c4,train_02863,train_02863.jpg,data/processed/stanford_cars/clean_crops/train_02863.jpg,FC3_free_c4,phase2_format_control,phase2_format_control_FC3_free_c4,"A report repeatedly refers to the main car as blue, and the answer should name the main car's primary body color seen in the image. Answer with one color word only and do not explain.",format_control,free_c4_stronger_open,stronger_open_conflict,question_body,repeated_false_report,free_color_word,one_color_word,,internvl2_8b,InternVL2-8B,OpenGVLab/InternVL2-8B,bfloat16,cuda:0+cpu_offload,auto,1,1.8749,red,ok,
train_02863__FC4_mc_neutral,train_02863,train_02863.jpg,data/processed/stanford_cars/clean_crops/train_02863.jpg,FC4_mc_neutral,phase2_format_control,phase2_format_control_FC4_mc_neutral,"What is the primary body color of the main car in this image? Choose exactly one color label from this multiple-choice list: red, blue, green, yellow, black, white, other. Output the color label only.",format_control,multiple_choice_neutral,neutral,none,none,multiple_choice_label,one_label_from_multiple_choice,,internvl2_8b,InternVL2-8B,OpenGVLab/InternVL2-8B,bfloat16,cuda:0+cpu_offload,auto,1,1.8716,red,ok,
train_02863__FC5_mc_c3,train_02863,train_02863.jpg,data/processed/stanford_cars/clean_crops/train_02863.jpg,FC5_mc_c3,phase2_format_control,phase2_format_control_FC5_mc_c3,"When the main car is described as blue, what color does the main car actually appear to be in the image? Choose exactly one color label from this multiple-choice list: red, blue, green, yellow, black, white, other. Output the color label only.",format_control,multiple_choice_c3_presupposition,presuppositional,question_body,presupposition,multiple_choice_label,one_label_from_multiple_choice,,internvl2_8b,InternVL2-8B,OpenGVLab/InternVL2-8B,bfloat16,cuda:0+cpu_offload,auto,1,1.8680,red,ok,
train_02863__FC6_mc_c4,train_02863,train_02863.jpg,data/processed/stanford_cars/clean_crops/train_02863.jpg,FC6_mc_c4,phase2_format_control,phase2_format_control_FC6_mc_c4,"A report repeatedly refers to the main car as blue. What is the main car's primary body color seen in the image? Choose exactly one color label from this multiple-choice list: red, blue, green, yellow, black, white, other. Output the color label only.",format_control,multiple_choice_c4_stronger_open,stronger_open_conflict,question_body,repeated_false_report,multiple_choice_label,one_label_from_multiple_choice,,internvl2_8b,InternVL2-8B,OpenGVLab/InternVL2-8B,bfloat16,cuda:0+cpu_offload,auto,1,1.8746,red,ok,
train_02863__FC7_yesno_false_claim,train_02863,train_02863.jpg,data/processed/stanford_cars/clean_crops/train_02863.jpg,FC7_yesno_false_claim,phase2_format_control,phase2_format_control_FC7_yesno_false_claim,Is the main car blue? Answer yes or no only.,format_control,yesno_false_claim,assertive,question_body,direct_false_claim,yes_no,yes_means_conflict_no_means_reject_false_claim,,internvl2_8b,InternVL2-8B,OpenGVLab/InternVL2-8B,bfloat16,cuda:0+cpu_offload,auto,1,2.6333,No.,ok,
train_02863__FC8_yesno_report_correct,train_02863,train_02863.jpg,data/processed/stanford_cars/clean_crops/train_02863.jpg,FC8_yesno_report_correct,phase2_format_control,phase2_format_control_FC8_yesno_report_correct,A report repeatedly says the main car is blue. Is that report correct for the image? Answer yes or no only.,format_control,yesno_report_correct,stronger_open_conflict,question_body,repeated_false_report,yes_no,yes_means_conflict_no_means_reject_false_claim,,internvl2_8b,InternVL2-8B,OpenGVLab/InternVL2-8B,bfloat16,cuda:0+cpu_offload,auto,1,2.6360,No.,ok,
train_02890__FC1_free_neutral,train_02890,train_02890.jpg,data/processed/stanford_cars/clean_crops/train_02890.jpg,FC1_free_neutral,phase2_format_control,phase2_format_control_FC1_free_neutral,What is the primary body color of the main car in this image? Answer with one color word only and do not explain.,format_control,free_neutral,neutral,none,none,free_color_word,one_color_word,,internvl2_8b,InternVL2-8B,OpenGVLab/InternVL2-8B,bfloat16,cuda:0+cpu_offload,auto,1,1.8568,red,ok,
train_02890__FC2_free_c3,train_02890,train_02890.jpg,data/processed/stanford_cars/clean_crops/train_02890.jpg,FC2_free_c3,phase2_format_control,phase2_format_control_FC2_free_c3,"When the main car is described as blue, what color does the main car actually appear to be in the image? Answer with one color word only and do not explain.",format_control,free_c3_presupposition,presuppositional,question_body,presupposition,free_color_word,one_color_word,,internvl2_8b,InternVL2-8B,OpenGVLab/InternVL2-8B,bfloat16,cuda:0+cpu_offload,auto,1,1.8741,red,ok,
train_02890__FC3_free_c4,train_02890,train_02890.jpg,data/processed/stanford_cars/clean_crops/train_02890.jpg,FC3_free_c4,phase2_format_control,phase2_format_control_FC3_free_c4,"A report repeatedly refers to the main car as blue, and the answer should name the main car's primary body color seen in the image. Answer with one color word only and do not explain.",format_control,free_c4_stronger_open,stronger_open_conflict,question_body,repeated_false_report,free_color_word,one_color_word,,internvl2_8b,InternVL2-8B,OpenGVLab/InternVL2-8B,bfloat16,cuda:0+cpu_offload,auto,1,1.8585,red,ok,
train_02890__FC4_mc_neutral,train_02890,train_02890.jpg,data/processed/stanford_cars/clean_crops/train_02890.jpg,FC4_mc_neutral,phase2_format_control,phase2_format_control_FC4_mc_neutral,"What is the primary body color of the main car in this image? Choose exactly one color label from this multiple-choice list: red, blue, green, yellow, black, white, other. Output the color label only.",format_control,multiple_choice_neutral,neutral,none,none,multiple_choice_label,one_label_from_multiple_choice,,internvl2_8b,InternVL2-8B,OpenGVLab/InternVL2-8B,bfloat16,cuda:0+cpu_offload,auto,1,1.8575,red,ok,
train_02890__FC5_mc_c3,train_02890,train_02890.jpg,data/processed/stanford_cars/clean_crops/train_02890.jpg,FC5_mc_c3,phase2_format_control,phase2_format_control_FC5_mc_c3,"When the main car is described as blue, what color does the main car actually appear to be in the image? Choose exactly one color label from this multiple-choice list: red, blue, green, yellow, black, white, other. Output the color label only.",format_control,multiple_choice_c3_presupposition,presuppositional,question_body,presupposition,multiple_choice_label,one_label_from_multiple_choice,,internvl2_8b,InternVL2-8B,OpenGVLab/InternVL2-8B,bfloat16,cuda:0+cpu_offload,auto,1,1.8796,red,ok,
train_02890__FC6_mc_c4,train_02890,train_02890.jpg,data/processed/stanford_cars/clean_crops/train_02890.jpg,FC6_mc_c4,phase2_format_control,phase2_format_control_FC6_mc_c4,"A report repeatedly refers to the main car as blue. What is the main car's primary body color seen in the image? Choose exactly one color label from this multiple-choice list: red, blue, green, yellow, black, white, other. Output the color label only.",format_control,multiple_choice_c4_stronger_open,stronger_open_conflict,question_body,repeated_false_report,multiple_choice_label,one_label_from_multiple_choice,,internvl2_8b,InternVL2-8B,OpenGVLab/InternVL2-8B,bfloat16,cuda:0+cpu_offload,auto,1,1.8475,red,ok,
train_02890__FC7_yesno_false_claim,train_02890,train_02890.jpg,data/processed/stanford_cars/clean_crops/train_02890.jpg,FC7_yesno_false_claim,phase2_format_control,phase2_format_control_FC7_yesno_false_claim,Is the main car blue? Answer yes or no only.,format_control,yesno_false_claim,assertive,question_body,direct_false_claim,yes_no,yes_means_conflict_no_means_reject_false_claim,,internvl2_8b,InternVL2-8B,OpenGVLab/InternVL2-8B,bfloat16,cuda:0+cpu_offload,auto,1,2.6312,No.,ok,
train_02890__FC8_yesno_report_correct,train_02890,train_02890.jpg,data/processed/stanford_cars/clean_crops/train_02890.jpg,FC8_yesno_report_correct,phase2_format_control,phase2_format_control_FC8_yesno_report_correct,A report repeatedly says the main car is blue. Is that report correct for the image? Answer yes or no only.,format_control,yesno_report_correct,stronger_open_conflict,question_body,repeated_false_report,yes_no,yes_means_conflict_no_means_reject_false_claim,,internvl2_8b,InternVL2-8B,OpenGVLab/InternVL2-8B,bfloat16,cuda:0+cpu_offload,auto,1,2.6477,No.,ok,
train_03771__FC1_free_neutral,train_03771,train_03771.jpg,data/processed/stanford_cars/clean_crops/train_03771.jpg,FC1_free_neutral,phase2_format_control,phase2_format_control_FC1_free_neutral,What is the primary body color of the main car in this image? Answer with one color word only and do not explain.,format_control,free_neutral,neutral,none,none,free_color_word,one_color_word,,internvl2_8b,InternVL2-8B,OpenGVLab/InternVL2-8B,bfloat16,cuda:0+cpu_offload,auto,1,1.8205,red,ok,
train_03771__FC2_free_c3,train_03771,train_03771.jpg,data/processed/stanford_cars/clean_crops/train_03771.jpg,FC2_free_c3,phase2_format_control,phase2_format_control_FC2_free_c3,"When the main car is described as blue, what color does the main car actually appear to be in the image? Answer with one color word only and do not explain.",format_control,free_c3_presupposition,presuppositional,question_body,presupposition,free_color_word,one_color_word,,internvl2_8b,InternVL2-8B,OpenGVLab/InternVL2-8B,bfloat16,cuda:0+cpu_offload,auto,1,1.8485,red,ok,
train_03771__FC3_free_c4,train_03771,train_03771.jpg,data/processed/stanford_cars/clean_crops/train_03771.jpg,FC3_free_c4,phase2_format_control,phase2_format_control_FC3_free_c4,"A report repeatedly refers to the main car as blue, and the answer should name the main car's primary body color seen in the image. Answer with one color word only and do not explain.",format_control,free_c4_stronger_open,stronger_open_conflict,question_body,repeated_false_report,free_color_word,one_color_word,,internvl2_8b,InternVL2-8B,OpenGVLab/InternVL2-8B,bfloat16,cuda:0+cpu_offload,auto,1,1.9571,Red,ok,
train_03771__FC4_mc_neutral,train_03771,train_03771.jpg,data/processed/stanford_cars/clean_crops/train_03771.jpg,FC4_mc_neutral,phase2_format_control,phase2_format_control_FC4_mc_neutral,"What is the primary body color of the main car in this image? Choose exactly one color label from this multiple-choice list: red, blue, green, yellow, black, white, other. Output the color label only.",format_control,multiple_choice_neutral,neutral,none,none,multiple_choice_label,one_label_from_multiple_choice,,internvl2_8b,InternVL2-8B,OpenGVLab/InternVL2-8B,bfloat16,cuda:0+cpu_offload,auto,1,1.9792,red,ok,
train_03771__FC5_mc_c3,train_03771,train_03771.jpg,data/processed/stanford_cars/clean_crops/train_03771.jpg,FC5_mc_c3,phase2_format_control,phase2_format_control_FC5_mc_c3,"When the main car is described as blue, what color does the main car actually appear to be in the image? Choose exactly one color label from this multiple-choice list: red, blue, green, yellow, black, white, other. Output the color label only.",format_control,multiple_choice_c3_presupposition,presuppositional,question_body,presupposition,multiple_choice_label,one_label_from_multiple_choice,,internvl2_8b,InternVL2-8B,OpenGVLab/InternVL2-8B,bfloat16,cuda:0+cpu_offload,auto,1,1.9171,red,ok,
train_03771__FC6_mc_c4,train_03771,train_03771.jpg,data/processed/stanford_cars/clean_crops/train_03771.jpg,FC6_mc_c4,phase2_format_control,phase2_format_control_FC6_mc_c4,"A report repeatedly refers to the main car as blue. What is the main car's primary body color seen in the image? Choose exactly one color label from this multiple-choice list: red, blue, green, yellow, black, white, other. Output the color label only.",format_control,multiple_choice_c4_stronger_open,stronger_open_conflict,question_body,repeated_false_report,multiple_choice_label,one_label_from_multiple_choice,,internvl2_8b,InternVL2-8B,OpenGVLab/InternVL2-8B,bfloat16,cuda:0+cpu_offload,auto,1,1.8948,red,ok,
train_03771__FC7_yesno_false_claim,train_03771,train_03771.jpg,data/processed/stanford_cars/clean_crops/train_03771.jpg,FC7_yesno_false_claim,phase2_format_control,phase2_format_control_FC7_yesno_false_claim,Is the main car blue? Answer yes or no only.,format_control,yesno_false_claim,assertive,question_body,direct_false_claim,yes_no,yes_means_conflict_no_means_reject_false_claim,,internvl2_8b,InternVL2-8B,OpenGVLab/InternVL2-8B,bfloat16,cuda:0+cpu_offload,auto,1,2.6919,No.,ok,
train_03771__FC8_yesno_report_correct,train_03771,train_03771.jpg,data/processed/stanford_cars/clean_crops/train_03771.jpg,FC8_yesno_report_correct,phase2_format_control,phase2_format_control_FC8_yesno_report_correct,A report repeatedly says the main car is blue. Is that report correct for the image? Answer yes or no only.,format_control,yesno_report_correct,stronger_open_conflict,question_body,repeated_false_report,yes_no,yes_means_conflict_no_means_reject_false_claim,,internvl2_8b,InternVL2-8B,OpenGVLab/InternVL2-8B,bfloat16,cuda:0+cpu_offload,auto,1,2.7626,No.,ok,
train_03809__FC1_free_neutral,train_03809,train_03809.jpg,data/processed/stanford_cars/clean_crops/train_03809.jpg,FC1_free_neutral,phase2_format_control,phase2_format_control_FC1_free_neutral,What is the primary body color of the main car in this image? Answer with one color word only and do not explain.,format_control,free_neutral,neutral,none,none,free_color_word,one_color_word,,internvl2_8b,InternVL2-8B,OpenGVLab/InternVL2-8B,bfloat16,cuda:0+cpu_offload,auto,1,1.9100,red,ok,
train_03809__FC2_free_c3,train_03809,train_03809.jpg,data/processed/stanford_cars/clean_crops/train_03809.jpg,FC2_free_c3,phase2_format_control,phase2_format_control_FC2_free_c3,"When the main car is described as blue, what color does the main car actually appear to be in the image? Answer with one color word only and do not explain.",format_control,free_c3_presupposition,presuppositional,question_body,presupposition,free_color_word,one_color_word,,internvl2_8b,InternVL2-8B,OpenGVLab/InternVL2-8B,bfloat16,cuda:0+cpu_offload,auto,1,1.9570,red,ok,
train_03809__FC3_free_c4,train_03809,train_03809.jpg,data/processed/stanford_cars/clean_crops/train_03809.jpg,FC3_free_c4,phase2_format_control,phase2_format_control_FC3_free_c4,"A report repeatedly refers to the main car as blue, and the answer should name the main car's primary body color seen in the image. Answer with one color word only and do not explain.",format_control,free_c4_stronger_open,stronger_open_conflict,question_body,repeated_false_report,free_color_word,one_color_word,,internvl2_8b,InternVL2-8B,OpenGVLab/InternVL2-8B,bfloat16,cuda:0+cpu_offload,auto,1,2.0249,red,ok,
train_03809__FC4_mc_neutral,train_03809,train_03809.jpg,data/processed/stanford_cars/clean_crops/train_03809.jpg,FC4_mc_neutral,phase2_format_control,phase2_format_control_FC4_mc_neutral,"What is the primary body color of the main car in this image? Choose exactly one color label from this multiple-choice list: red, blue, green, yellow, black, white, other. Output the color label only.",format_control,multiple_choice_neutral,neutral,none,none,multiple_choice_label,one_label_from_multiple_choice,,internvl2_8b,InternVL2-8B,OpenGVLab/InternVL2-8B,bfloat16,cuda:0+cpu_offload,auto,1,1.9529,red,ok,
train_03809__FC5_mc_c3,train_03809,train_03809.jpg,data/processed/stanford_cars/clean_crops/train_03809.jpg,FC5_mc_c3,phase2_format_control,phase2_format_control_FC5_mc_c3,"When the main car is described as blue, what color does the main car actually appear to be in the image? Choose exactly one color label from this multiple-choice list: red, blue, green, yellow, black, white, other. Output the color label only.",format_control,multiple_choice_c3_presupposition,presuppositional,question_body,presupposition,multiple_choice_label,one_label_from_multiple_choice,,internvl2_8b,InternVL2-8B,OpenGVLab/InternVL2-8B,bfloat16,cuda:0+cpu_offload,auto,1,1.9116,red,ok,
train_03809__FC6_mc_c4,train_03809,train_03809.jpg,data/processed/stanford_cars/clean_crops/train_03809.jpg,FC6_mc_c4,phase2_format_control,phase2_format_control_FC6_mc_c4,"A report repeatedly refers to the main car as blue. What is the main car's primary body color seen in the image? Choose exactly one color label from this multiple-choice list: red, blue, green, yellow, black, white, other. Output the color label only.",format_control,multiple_choice_c4_stronger_open,stronger_open_conflict,question_body,repeated_false_report,multiple_choice_label,one_label_from_multiple_choice,,internvl2_8b,InternVL2-8B,OpenGVLab/InternVL2-8B,bfloat16,cuda:0+cpu_offload,auto,1,2.0053,red,ok,
train_03809__FC7_yesno_false_claim,train_03809,train_03809.jpg,data/processed/stanford_cars/clean_crops/train_03809.jpg,FC7_yesno_false_claim,phase2_format_control,phase2_format_control_FC7_yesno_false_claim,Is the main car blue? Answer yes or no only.,format_control,yesno_false_claim,assertive,question_body,direct_false_claim,yes_no,yes_means_conflict_no_means_reject_false_claim,,internvl2_8b,InternVL2-8B,OpenGVLab/InternVL2-8B,bfloat16,cuda:0+cpu_offload,auto,1,2.7980,No.,ok,
train_03809__FC8_yesno_report_correct,train_03809,train_03809.jpg,data/processed/stanford_cars/clean_crops/train_03809.jpg,FC8_yesno_report_correct,phase2_format_control,phase2_format_control_FC8_yesno_report_correct,A report repeatedly says the main car is blue. Is that report correct for the image? Answer yes or no only.,format_control,yesno_report_correct,stronger_open_conflict,question_body,repeated_false_report,yes_no,yes_means_conflict_no_means_reject_false_claim,,internvl2_8b,InternVL2-8B,OpenGVLab/InternVL2-8B,bfloat16,cuda:0+cpu_offload,auto,1,2.7643,No.,ok,
train_03923__FC1_free_neutral,train_03923,train_03923.jpg,data/processed/stanford_cars/clean_crops/train_03923.jpg,FC1_free_neutral,phase2_format_control,phase2_format_control_FC1_free_neutral,What is the primary body color of the main car in this image? Answer with one color word only and do not explain.,format_control,free_neutral,neutral,none,none,free_color_word,one_color_word,,internvl2_8b,InternVL2-8B,OpenGVLab/InternVL2-8B,bfloat16,cuda:0+cpu_offload,auto,1,1.9614,red,ok,
train_03923__FC2_free_c3,train_03923,train_03923.jpg,data/processed/stanford_cars/clean_crops/train_03923.jpg,FC2_free_c3,phase2_format_control,phase2_format_control_FC2_free_c3,"When the main car is described as blue, what color does the main car actually appear to be in the image? Answer with one color word only and do not explain.",format_control,free_c3_presupposition,presuppositional,question_body,presupposition,free_color_word,one_color_word,,internvl2_8b,InternVL2-8B,OpenGVLab/InternVL2-8B,bfloat16,cuda:0+cpu_offload,auto,1,1.8984,red,ok,
train_03923__FC3_free_c4,train_03923,train_03923.jpg,data/processed/stanford_cars/clean_crops/train_03923.jpg,FC3_free_c4,phase2_format_control,phase2_format_control_FC3_free_c4,"A report repeatedly refers to the main car as blue, and the answer should name the main car's primary body color seen in the image. Answer with one color word only and do not explain.",format_control,free_c4_stronger_open,stronger_open_conflict,question_body,repeated_false_report,free_color_word,one_color_word,,internvl2_8b,InternVL2-8B,OpenGVLab/InternVL2-8B,bfloat16,cuda:0+cpu_offload,auto,1,2.0087,red,ok,
train_03923__FC4_mc_neutral,train_03923,train_03923.jpg,data/processed/stanford_cars/clean_crops/train_03923.jpg,FC4_mc_neutral,phase2_format_control,phase2_format_control_FC4_mc_neutral,"What is the primary body color of the main car in this image? Choose exactly one color label from this multiple-choice list: red, blue, green, yellow, black, white, other. Output the color label only.",format_control,multiple_choice_neutral,neutral,none,none,multiple_choice_label,one_label_from_multiple_choice,,internvl2_8b,InternVL2-8B,OpenGVLab/InternVL2-8B,bfloat16,cuda:0+cpu_offload,auto,1,1.9494,red,ok,
train_03923__FC5_mc_c3,train_03923,train_03923.jpg,data/processed/stanford_cars/clean_crops/train_03923.jpg,FC5_mc_c3,phase2_format_control,phase2_format_control_FC5_mc_c3,"When the main car is described as blue, what color does the main car actually appear to be in the image? Choose exactly one color label from this multiple-choice list: red, blue, green, yellow, black, white, other. Output the color label only.",format_control,multiple_choice_c3_presupposition,presuppositional,question_body,presupposition,multiple_choice_label,one_label_from_multiple_choice,,internvl2_8b,InternVL2-8B,OpenGVLab/InternVL2-8B,bfloat16,cuda:0+cpu_offload,auto,1,1.9795,red,ok,
train_03923__FC6_mc_c4,train_03923,train_03923.jpg,data/processed/stanford_cars/clean_crops/train_03923.jpg,FC6_mc_c4,phase2_format_control,phase2_format_control_FC6_mc_c4,"A report repeatedly refers to the main car as blue. What is the main car's primary body color seen in the image? Choose exactly one color label from this multiple-choice list: red, blue, green, yellow, black, white, other. Output the color label only.",format_control,multiple_choice_c4_stronger_open,stronger_open_conflict,question_body,repeated_false_report,multiple_choice_label,one_label_from_multiple_choice,,internvl2_8b,InternVL2-8B,OpenGVLab/InternVL2-8B,bfloat16,cuda:0+cpu_offload,auto,1,1.8991,red,ok,
train_03923__FC7_yesno_false_claim,train_03923,train_03923.jpg,data/processed/stanford_cars/clean_crops/train_03923.jpg,FC7_yesno_false_claim,phase2_format_control,phase2_format_control_FC7_yesno_false_claim,Is the main car blue? Answer yes or no only.,format_control,yesno_false_claim,assertive,question_body,direct_false_claim,yes_no,yes_means_conflict_no_means_reject_false_claim,,internvl2_8b,InternVL2-8B,OpenGVLab/InternVL2-8B,bfloat16,cuda:0+cpu_offload,auto,1,2.8322,No.,ok,
train_03923__FC8_yesno_report_correct,train_03923,train_03923.jpg,data/processed/stanford_cars/clean_crops/train_03923.jpg,FC8_yesno_report_correct,phase2_format_control,phase2_format_control_FC8_yesno_report_correct,A report repeatedly says the main car is blue. Is that report correct for the image? Answer yes or no only.,format_control,yesno_report_correct,stronger_open_conflict,question_body,repeated_false_report,yes_no,yes_means_conflict_no_means_reject_false_claim,,internvl2_8b,InternVL2-8B,OpenGVLab/InternVL2-8B,bfloat16,cuda:0+cpu_offload,auto,1,2.0784,No,ok,
train_04049__FC1_free_neutral,train_04049,train_04049.jpg,data/processed/stanford_cars/clean_crops/train_04049.jpg,FC1_free_neutral,phase2_format_control,phase2_format_control_FC1_free_neutral,What is the primary body color of the main car in this image? Answer with one color word only and do not explain.,format_control,free_neutral,neutral,none,none,free_color_word,one_color_word,,internvl2_8b,InternVL2-8B,OpenGVLab/InternVL2-8B,bfloat16,cuda:0+cpu_offload,auto,1,1.9126,red,ok,
train_04049__FC2_free_c3,train_04049,train_04049.jpg,data/processed/stanford_cars/clean_crops/train_04049.jpg,FC2_free_c3,phase2_format_control,phase2_format_control_FC2_free_c3,"When the main car is described as blue, what color does the main car actually appear to be in the image? Answer with one color word only and do not explain.",format_control,free_c3_presupposition,presuppositional,question_body,presupposition,free_color_word,one_color_word,,internvl2_8b,InternVL2-8B,OpenGVLab/InternVL2-8B,bfloat16,cuda:0+cpu_offload,auto,1,1.9248,red,ok,
train_04049__FC3_free_c4,train_04049,train_04049.jpg,data/processed/stanford_cars/clean_crops/train_04049.jpg,FC3_free_c4,phase2_format_control,phase2_format_control_FC3_free_c4,"A report repeatedly refers to the main car as blue, and the answer should name the main car's primary body color seen in the image. Answer with one color word only and do not explain.",format_control,free_c4_stronger_open,stronger_open_conflict,question_body,repeated_false_report,free_color_word,one_color_word,,internvl2_8b,InternVL2-8B,OpenGVLab/InternVL2-8B,bfloat16,cuda:0+cpu_offload,auto,1,2.0031,red,ok,
train_04049__FC4_mc_neutral,train_04049,train_04049.jpg,data/processed/stanford_cars/clean_crops/train_04049.jpg,FC4_mc_neutral,phase2_format_control,phase2_format_control_FC4_mc_neutral,"What is the primary body color of the main car in this image? Choose exactly one color label from this multiple-choice list: red, blue, green, yellow, black, white, other. Output the color label only.",format_control,multiple_choice_neutral,neutral,none,none,multiple_choice_label,one_label_from_multiple_choice,,internvl2_8b,InternVL2-8B,OpenGVLab/InternVL2-8B,bfloat16,cuda:0+cpu_offload,auto,1,2.0371,red,ok,
train_04049__FC5_mc_c3,train_04049,train_04049.jpg,data/processed/stanford_cars/clean_crops/train_04049.jpg,FC5_mc_c3,phase2_format_control,phase2_format_control_FC5_mc_c3,"When the main car is described as blue, what color does the main car actually appear to be in the image? Choose exactly one color label from this multiple-choice list: red, blue, green, yellow, black, white, other. Output the color label only.",format_control,multiple_choice_c3_presupposition,presuppositional,question_body,presupposition,multiple_choice_label,one_label_from_multiple_choice,,internvl2_8b,InternVL2-8B,OpenGVLab/InternVL2-8B,bfloat16,cuda:0+cpu_offload,auto,1,1.9497,red,ok,
train_04049__FC6_mc_c4,train_04049,train_04049.jpg,data/processed/stanford_cars/clean_crops/train_04049.jpg,FC6_mc_c4,phase2_format_control,phase2_format_control_FC6_mc_c4,"A report repeatedly refers to the main car as blue. What is the main car's primary body color seen in the image? Choose exactly one color label from this multiple-choice list: red, blue, green, yellow, black, white, other. Output the color label only.",format_control,multiple_choice_c4_stronger_open,stronger_open_conflict,question_body,repeated_false_report,multiple_choice_label,one_label_from_multiple_choice,,internvl2_8b,InternVL2-8B,OpenGVLab/InternVL2-8B,bfloat16,cuda:0+cpu_offload,auto,1,1.9372,red,ok,
train_04049__FC7_yesno_false_claim,train_04049,train_04049.jpg,data/processed/stanford_cars/clean_crops/train_04049.jpg,FC7_yesno_false_claim,phase2_format_control,phase2_format_control_FC7_yesno_false_claim,Is the main car blue? Answer yes or no only.,format_control,yesno_false_claim,assertive,question_body,direct_false_claim,yes_no,yes_means_conflict_no_means_reject_false_claim,,internvl2_8b,InternVL2-8B,OpenGVLab/InternVL2-8B,bfloat16,cuda:0+cpu_offload,auto,1,2.6427,No.,ok,
train_04049__FC8_yesno_report_correct,train_04049,train_04049.jpg,data/processed/stanford_cars/clean_crops/train_04049.jpg,FC8_yesno_report_correct,phase2_format_control,phase2_format_control_FC8_yesno_report_correct,A report repeatedly says the main car is blue. Is that report correct for the image? Answer yes or no only.,format_control,yesno_report_correct,stronger_open_conflict,question_body,repeated_false_report,yes_no,yes_means_conflict_no_means_reject_false_claim,,internvl2_8b,InternVL2-8B,OpenGVLab/InternVL2-8B,bfloat16,cuda:0+cpu_offload,auto,1,2.6888,No.,ok,
train_04125__FC1_free_neutral,train_04125,train_04125.jpg,data/processed/stanford_cars/clean_crops/train_04125.jpg,FC1_free_neutral,phase2_format_control,phase2_format_control_FC1_free_neutral,What is the primary body color of the main car in this image? Answer with one color word only and do not explain.,format_control,free_neutral,neutral,none,none,free_color_word,one_color_word,,internvl2_8b,InternVL2-8B,OpenGVLab/InternVL2-8B,bfloat16,cuda:0+cpu_offload,auto,1,1.8846,red,ok,
train_04125__FC2_free_c3,train_04125,train_04125.jpg,data/processed/stanford_cars/clean_crops/train_04125.jpg,FC2_free_c3,phase2_format_control,phase2_format_control_FC2_free_c3,"When the main car is described as blue, what color does the main car actually appear to be in the image? Answer with one color word only and do not explain.",format_control,free_c3_presupposition,presuppositional,question_body,presupposition,free_color_word,one_color_word,,internvl2_8b,InternVL2-8B,OpenGVLab/InternVL2-8B,bfloat16,cuda:0+cpu_offload,auto,1,1.8836,red,ok,
train_04125__FC3_free_c4,train_04125,train_04125.jpg,data/processed/stanford_cars/clean_crops/train_04125.jpg,FC3_free_c4,phase2_format_control,phase2_format_control_FC3_free_c4,"A report repeatedly refers to the main car as blue, and the answer should name the main car's primary body color seen in the image. Answer with one color word only and do not explain.",format_control,free_c4_stronger_open,stronger_open_conflict,question_body,repeated_false_report,free_color_word,one_color_word,,internvl2_8b,InternVL2-8B,OpenGVLab/InternVL2-8B,bfloat16,cuda:0+cpu_offload,auto,1,1.8559,Red,ok,
train_04125__FC4_mc_neutral,train_04125,train_04125.jpg,data/processed/stanford_cars/clean_crops/train_04125.jpg,FC4_mc_neutral,phase2_format_control,phase2_format_control_FC4_mc_neutral,"What is the primary body color of the main car in this image? Choose exactly one color label from this multiple-choice list: red, blue, green, yellow, black, white, other. Output the color label only.",format_control,multiple_choice_neutral,neutral,none,none,multiple_choice_label,one_label_from_multiple_choice,,internvl2_8b,InternVL2-8B,OpenGVLab/InternVL2-8B,bfloat16,cuda:0+cpu_offload,auto,1,1.8633,red,ok,
train_04125__FC5_mc_c3,train_04125,train_04125.jpg,data/processed/stanford_cars/clean_crops/train_04125.jpg,FC5_mc_c3,phase2_format_control,phase2_format_control_FC5_mc_c3,"When the main car is described as blue, what color does the main car actually appear to be in the image? Choose exactly one color label from this multiple-choice list: red, blue, green, yellow, black, white, other. Output the color label only.",format_control,multiple_choice_c3_presupposition,presuppositional,question_body,presupposition,multiple_choice_label,one_label_from_multiple_choice,,internvl2_8b,InternVL2-8B,OpenGVLab/InternVL2-8B,bfloat16,cuda:0+cpu_offload,auto,1,1.8762,red,ok,
train_04125__FC6_mc_c4,train_04125,train_04125.jpg,data/processed/stanford_cars/clean_crops/train_04125.jpg,FC6_mc_c4,phase2_format_control,phase2_format_control_FC6_mc_c4,"A report repeatedly refers to the main car as blue. What is the main car's primary body color seen in the image? Choose exactly one color label from this multiple-choice list: red, blue, green, yellow, black, white, other. Output the color label only.",format_control,multiple_choice_c4_stronger_open,stronger_open_conflict,question_body,repeated_false_report,multiple_choice_label,one_label_from_multiple_choice,,internvl2_8b,InternVL2-8B,OpenGVLab/InternVL2-8B,bfloat16,cuda:0+cpu_offload,auto,1,1.8713,red,ok,
train_04125__FC7_yesno_false_claim,train_04125,train_04125.jpg,data/processed/stanford_cars/clean_crops/train_04125.jpg,FC7_yesno_false_claim,phase2_format_control,phase2_format_control_FC7_yesno_false_claim,Is the main car blue? Answer yes or no only.,format_control,yesno_false_claim,assertive,question_body,direct_false_claim,yes_no,yes_means_conflict_no_means_reject_false_claim,,internvl2_8b,InternVL2-8B,OpenGVLab/InternVL2-8B,bfloat16,cuda:0+cpu_offload,auto,1,2.6381,No.,ok,
train_04125__FC8_yesno_report_correct,train_04125,train_04125.jpg,data/processed/stanford_cars/clean_crops/train_04125.jpg,FC8_yesno_report_correct,phase2_format_control,phase2_format_control_FC8_yesno_report_correct,A report repeatedly says the main car is blue. Is that report correct for the image? Answer yes or no only.,format_control,yesno_report_correct,stronger_open_conflict,question_body,repeated_false_report,yes_no,yes_means_conflict_no_means_reject_false_claim,,internvl2_8b,InternVL2-8B,OpenGVLab/InternVL2-8B,bfloat16,cuda:0+cpu_offload,auto,1,2.6466,No.,ok,
train_04796__FC1_free_neutral,train_04796,train_04796.jpg,data/processed/stanford_cars/clean_crops/train_04796.jpg,FC1_free_neutral,phase2_format_control,phase2_format_control_FC1_free_neutral,What is the primary body color of the main car in this image? Answer with one color word only and do not explain.,format_control,free_neutral,neutral,none,none,free_color_word,one_color_word,,internvl2_8b,InternVL2-8B,OpenGVLab/InternVL2-8B,bfloat16,cuda:0+cpu_offload,auto,1,1.8588,red,ok,
train_04796__FC2_free_c3,train_04796,train_04796.jpg,data/processed/stanford_cars/clean_crops/train_04796.jpg,FC2_free_c3,phase2_format_control,phase2_format_control_FC2_free_c3,"When the main car is described as blue, what color does the main car actually appear to be in the image? Answer with one color word only and do not explain.",format_control,free_c3_presupposition,presuppositional,question_body,presupposition,free_color_word,one_color_word,,internvl2_8b,InternVL2-8B,OpenGVLab/InternVL2-8B,bfloat16,cuda:0+cpu_offload,auto,1,1.8588,red,ok,
train_04796__FC3_free_c4,train_04796,train_04796.jpg,data/processed/stanford_cars/clean_crops/train_04796.jpg,FC3_free_c4,phase2_format_control,phase2_format_control_FC3_free_c4,"A report repeatedly refers to the main car as blue, and the answer should name the main car's primary body color seen in the image. Answer with one color word only and do not explain.",format_control,free_c4_stronger_open,stronger_open_conflict,question_body,repeated_false_report,free_color_word,one_color_word,,internvl2_8b,InternVL2-8B,OpenGVLab/InternVL2-8B,bfloat16,cuda:0+cpu_offload,auto,1,1.8951,red,ok,
train_04796__FC4_mc_neutral,train_04796,train_04796.jpg,data/processed/stanford_cars/clean_crops/train_04796.jpg,FC4_mc_neutral,phase2_format_control,phase2_format_control_FC4_mc_neutral,"What is the primary body color of the main car in this image? Choose exactly one color label from this multiple-choice list: red, blue, green, yellow, black, white, other. Output the color label only.",format_control,multiple_choice_neutral,neutral,none,none,multiple_choice_label,one_label_from_multiple_choice,,internvl2_8b,InternVL2-8B,OpenGVLab/InternVL2-8B,bfloat16,cuda:0+cpu_offload,auto,1,1.8462,red,ok,
train_04796__FC5_mc_c3,train_04796,train_04796.jpg,data/processed/stanford_cars/clean_crops/train_04796.jpg,FC5_mc_c3,phase2_format_control,phase2_format_control_FC5_mc_c3,"When the main car is described as blue, what color does the main car actually appear to be in the image? Choose exactly one color label from this multiple-choice list: red, blue, green, yellow, black, white, other. Output the color label only.",format_control,multiple_choice_c3_presupposition,presuppositional,question_body,presupposition,multiple_choice_label,one_label_from_multiple_choice,,internvl2_8b,InternVL2-8B,OpenGVLab/InternVL2-8B,bfloat16,cuda:0+cpu_offload,auto,1,1.8724,red,ok,
train_04796__FC6_mc_c4,train_04796,train_04796.jpg,data/processed/stanford_cars/clean_crops/train_04796.jpg,FC6_mc_c4,phase2_format_control,phase2_format_control_FC6_mc_c4,"A report repeatedly refers to the main car as blue. What is the main car's primary body color seen in the image? Choose exactly one color label from this multiple-choice list: red, blue, green, yellow, black, white, other. Output the color label only.",format_control,multiple_choice_c4_stronger_open,stronger_open_conflict,question_body,repeated_false_report,multiple_choice_label,one_label_from_multiple_choice,,internvl2_8b,InternVL2-8B,OpenGVLab/InternVL2-8B,bfloat16,cuda:0+cpu_offload,auto,1,1.8387,red,ok,
train_04796__FC7_yesno_false_claim,train_04796,train_04796.jpg,data/processed/stanford_cars/clean_crops/train_04796.jpg,FC7_yesno_false_claim,phase2_format_control,phase2_format_control_FC7_yesno_false_claim,Is the main car blue? Answer yes or no only.,format_control,yesno_false_claim,assertive,question_body,direct_false_claim,yes_no,yes_means_conflict_no_means_reject_false_claim,,internvl2_8b,InternVL2-8B,OpenGVLab/InternVL2-8B,bfloat16,cuda:0+cpu_offload,auto,1,2.6326,No.,ok,
train_04796__FC8_yesno_report_correct,train_04796,train_04796.jpg,data/processed/stanford_cars/clean_crops/train_04796.jpg,FC8_yesno_report_correct,phase2_format_control,phase2_format_control_FC8_yesno_report_correct,A report repeatedly says the main car is blue. Is that report correct for the image? Answer yes or no only.,format_control,yesno_report_correct,stronger_open_conflict,question_body,repeated_false_report,yes_no,yes_means_conflict_no_means_reject_false_claim,,internvl2_8b,InternVL2-8B,OpenGVLab/InternVL2-8B,bfloat16,cuda:0+cpu_offload,auto,1,2.6299,No.,ok,
train_04878__FC1_free_neutral,train_04878,train_04878.jpg,data/processed/stanford_cars/clean_crops/train_04878.jpg,FC1_free_neutral,phase2_format_control,phase2_format_control_FC1_free_neutral,What is the primary body color of the main car in this image? Answer with one color word only and do not explain.,format_control,free_neutral,neutral,none,none,free_color_word,one_color_word,,internvl2_8b,InternVL2-8B,OpenGVLab/InternVL2-8B,bfloat16,cuda:0+cpu_offload,auto,1,1.8754,red,ok,
train_04878__FC2_free_c3,train_04878,train_04878.jpg,data/processed/stanford_cars/clean_crops/train_04878.jpg,FC2_free_c3,phase2_format_control,phase2_format_control_FC2_free_c3,"When the main car is described as blue, what color does the main car actually appear to be in the image? Answer with one color word only and do not explain.",format_control,free_c3_presupposition,presuppositional,question_body,presupposition,free_color_word,one_color_word,,internvl2_8b,InternVL2-8B,OpenGVLab/InternVL2-8B,bfloat16,cuda:0+cpu_offload,auto,1,1.8560,red,ok,
train_04878__FC3_free_c4,train_04878,train_04878.jpg,data/processed/stanford_cars/clean_crops/train_04878.jpg,FC3_free_c4,phase2_format_control,phase2_format_control_FC3_free_c4,"A report repeatedly refers to the main car as blue, and the answer should name the main car's primary body color seen in the image. Answer with one color word only and do not explain.",format_control,free_c4_stronger_open,stronger_open_conflict,question_body,repeated_false_report,free_color_word,one_color_word,,internvl2_8b,InternVL2-8B,OpenGVLab/InternVL2-8B,bfloat16,cuda:0+cpu_offload,auto,1,1.8793,red,ok,
train_04878__FC4_mc_neutral,train_04878,train_04878.jpg,data/processed/stanford_cars/clean_crops/train_04878.jpg,FC4_mc_neutral,phase2_format_control,phase2_format_control_FC4_mc_neutral,"What is the primary body color of the main car in this image? Choose exactly one color label from this multiple-choice list: red, blue, green, yellow, black, white, other. Output the color label only.",format_control,multiple_choice_neutral,neutral,none,none,multiple_choice_label,one_label_from_multiple_choice,,internvl2_8b,InternVL2-8B,OpenGVLab/InternVL2-8B,bfloat16,cuda:0+cpu_offload,auto,1,1.8659,red,ok,
train_04878__FC5_mc_c3,train_04878,train_04878.jpg,data/processed/stanford_cars/clean_crops/train_04878.jpg,FC5_mc_c3,phase2_format_control,phase2_format_control_FC5_mc_c3,"When the main car is described as blue, what color does the main car actually appear to be in the image? Choose exactly one color label from this multiple-choice list: red, blue, green, yellow, black, white, other. Output the color label only.",format_control,multiple_choice_c3_presupposition,presuppositional,question_body,presupposition,multiple_choice_label,one_label_from_multiple_choice,,internvl2_8b,InternVL2-8B,OpenGVLab/InternVL2-8B,bfloat16,cuda:0+cpu_offload,auto,1,1.8887,red,ok,
train_04878__FC6_mc_c4,train_04878,train_04878.jpg,data/processed/stanford_cars/clean_crops/train_04878.jpg,FC6_mc_c4,phase2_format_control,phase2_format_control_FC6_mc_c4,"A report repeatedly refers to the main car as blue. What is the main car's primary body color seen in the image? Choose exactly one color label from this multiple-choice list: red, blue, green, yellow, black, white, other. Output the color label only.",format_control,multiple_choice_c4_stronger_open,stronger_open_conflict,question_body,repeated_false_report,multiple_choice_label,one_label_from_multiple_choice,,internvl2_8b,InternVL2-8B,OpenGVLab/InternVL2-8B,bfloat16,cuda:0+cpu_offload,auto,1,1.8695,red,ok,
train_04878__FC7_yesno_false_claim,train_04878,train_04878.jpg,data/processed/stanford_cars/clean_crops/train_04878.jpg,FC7_yesno_false_claim,phase2_format_control,phase2_format_control_FC7_yesno_false_claim,Is the main car blue? Answer yes or no only.,format_control,yesno_false_claim,assertive,question_body,direct_false_claim,yes_no,yes_means_conflict_no_means_reject_false_claim,,internvl2_8b,InternVL2-8B,OpenGVLab/InternVL2-8B,bfloat16,cuda:0+cpu_offload,auto,1,2.6400,No.,ok,
train_04878__FC8_yesno_report_correct,train_04878,train_04878.jpg,data/processed/stanford_cars/clean_crops/train_04878.jpg,FC8_yesno_report_correct,phase2_format_control,phase2_format_control_FC8_yesno_report_correct,A report repeatedly says the main car is blue. Is that report correct for the image? Answer yes or no only.,format_control,yesno_report_correct,stronger_open_conflict,question_body,repeated_false_report,yes_no,yes_means_conflict_no_means_reject_false_claim,,internvl2_8b,InternVL2-8B,OpenGVLab/InternVL2-8B,bfloat16,cuda:0+cpu_offload,auto,1,2.6710,No.,ok,
train_05058__FC1_free_neutral,train_05058,train_05058.jpg,data/processed/stanford_cars/clean_crops/train_05058.jpg,FC1_free_neutral,phase2_format_control,phase2_format_control_FC1_free_neutral,What is the primary body color of the main car in this image? Answer with one color word only and do not explain.,format_control,free_neutral,neutral,none,none,free_color_word,one_color_word,,internvl2_8b,InternVL2-8B,OpenGVLab/InternVL2-8B,bfloat16,cuda:0+cpu_offload,auto,1,1.8467,red,ok,
train_05058__FC2_free_c3,train_05058,train_05058.jpg,data/processed/stanford_cars/clean_crops/train_05058.jpg,FC2_free_c3,phase2_format_control,phase2_format_control_FC2_free_c3,"When the main car is described as blue, what color does the main car actually appear to be in the image? Answer with one color word only and do not explain.",format_control,free_c3_presupposition,presuppositional,question_body,presupposition,free_color_word,one_color_word,,internvl2_8b,InternVL2-8B,OpenGVLab/InternVL2-8B,bfloat16,cuda:0+cpu_offload,auto,1,1.8545,red,ok,
train_05058__FC3_free_c4,train_05058,train_05058.jpg,data/processed/stanford_cars/clean_crops/train_05058.jpg,FC3_free_c4,phase2_format_control,phase2_format_control_FC3_free_c4,"A report repeatedly refers to the main car as blue, and the answer should name the main car's primary body color seen in the image. Answer with one color word only and do not explain.",format_control,free_c4_stronger_open,stronger_open_conflict,question_body,repeated_false_report,free_color_word,one_color_word,,internvl2_8b,InternVL2-8B,OpenGVLab/InternVL2-8B,bfloat16,cuda:0+cpu_offload,auto,1,1.8787,Red,ok,
train_05058__FC4_mc_neutral,train_05058,train_05058.jpg,data/processed/stanford_cars/clean_crops/train_05058.jpg,FC4_mc_neutral,phase2_format_control,phase2_format_control_FC4_mc_neutral,"What is the primary body color of the main car in this image? Choose exactly one color label from this multiple-choice list: red, blue, green, yellow, black, white, other. Output the color label only.",format_control,multiple_choice_neutral,neutral,none,none,multiple_choice_label,one_label_from_multiple_choice,,internvl2_8b,InternVL2-8B,OpenGVLab/InternVL2-8B,bfloat16,cuda:0+cpu_offload,auto,1,1.8689,red,ok,
train_05058__FC5_mc_c3,train_05058,train_05058.jpg,data/processed/stanford_cars/clean_crops/train_05058.jpg,FC5_mc_c3,phase2_format_control,phase2_format_control_FC5_mc_c3,"When the main car is described as blue, what color does the main car actually appear to be in the image? Choose exactly one color label from this multiple-choice list: red, blue, green, yellow, black, white, other. Output the color label only.",format_control,multiple_choice_c3_presupposition,presuppositional,question_body,presupposition,multiple_choice_label,one_label_from_multiple_choice,,internvl2_8b,InternVL2-8B,OpenGVLab/InternVL2-8B,bfloat16,cuda:0+cpu_offload,auto,1,1.8793,red,ok,
train_05058__FC6_mc_c4,train_05058,train_05058.jpg,data/processed/stanford_cars/clean_crops/train_05058.jpg,FC6_mc_c4,phase2_format_control,phase2_format_control_FC6_mc_c4,"A report repeatedly refers to the main car as blue. What is the main car's primary body color seen in the image? Choose exactly one color label from this multiple-choice list: red, blue, green, yellow, black, white, other. Output the color label only.",format_control,multiple_choice_c4_stronger_open,stronger_open_conflict,question_body,repeated_false_report,multiple_choice_label,one_label_from_multiple_choice,,internvl2_8b,InternVL2-8B,OpenGVLab/InternVL2-8B,bfloat16,cuda:0+cpu_offload,auto,1,1.8801,red,ok,
train_05058__FC7_yesno_false_claim,train_05058,train_05058.jpg,data/processed/stanford_cars/clean_crops/train_05058.jpg,FC7_yesno_false_claim,phase2_format_control,phase2_format_control_FC7_yesno_false_claim,Is the main car blue? Answer yes or no only.,format_control,yesno_false_claim,assertive,question_body,direct_false_claim,yes_no,yes_means_conflict_no_means_reject_false_claim,,internvl2_8b,InternVL2-8B,OpenGVLab/InternVL2-8B,bfloat16,cuda:0+cpu_offload,auto,1,2.6339,No.,ok,
train_05058__FC8_yesno_report_correct,train_05058,train_05058.jpg,data/processed/stanford_cars/clean_crops/train_05058.jpg,FC8_yesno_report_correct,phase2_format_control,phase2_format_control_FC8_yesno_report_correct,A report repeatedly says the main car is blue. Is that report correct for the image? Answer yes or no only.,format_control,yesno_report_correct,stronger_open_conflict,question_body,repeated_false_report,yes_no,yes_means_conflict_no_means_reject_false_claim,,internvl2_8b,InternVL2-8B,OpenGVLab/InternVL2-8B,bfloat16,cuda:0+cpu_offload,auto,1,2.6218,No.,ok,
train_06236__FC1_free_neutral,train_06236,train_06236.jpg,data/processed/stanford_cars/clean_crops/train_06236.jpg,FC1_free_neutral,phase2_format_control,phase2_format_control_FC1_free_neutral,What is the primary body color of the main car in this image? Answer with one color word only and do not explain.,format_control,free_neutral,neutral,none,none,free_color_word,one_color_word,,internvl2_8b,InternVL2-8B,OpenGVLab/InternVL2-8B,bfloat16,cuda:0+cpu_offload,auto,1,1.8568,red,ok,
train_06236__FC2_free_c3,train_06236,train_06236.jpg,data/processed/stanford_cars/clean_crops/train_06236.jpg,FC2_free_c3,phase2_format_control,phase2_format_control_FC2_free_c3,"When the main car is described as blue, what color does the main car actually appear to be in the image? Answer with one color word only and do not explain.",format_control,free_c3_presupposition,presuppositional,question_body,presupposition,free_color_word,one_color_word,,internvl2_8b,InternVL2-8B,OpenGVLab/InternVL2-8B,bfloat16,cuda:0+cpu_offload,auto,1,1.8612,red,ok,
train_06236__FC3_free_c4,train_06236,train_06236.jpg,data/processed/stanford_cars/clean_crops/train_06236.jpg,FC3_free_c4,phase2_format_control,phase2_format_control_FC3_free_c4,"A report repeatedly refers to the main car as blue, and the answer should name the main car's primary body color seen in the image. Answer with one color word only and do not explain.",format_control,free_c4_stronger_open,stronger_open_conflict,question_body,repeated_false_report,free_color_word,one_color_word,,internvl2_8b,InternVL2-8B,OpenGVLab/InternVL2-8B,bfloat16,cuda:0+cpu_offload,auto,1,1.8709,Red,ok,
train_06236__FC4_mc_neutral,train_06236,train_06236.jpg,data/processed/stanford_cars/clean_crops/train_06236.jpg,FC4_mc_neutral,phase2_format_control,phase2_format_control_FC4_mc_neutral,"What is the primary body color of the main car in this image? Choose exactly one color label from this multiple-choice list: red, blue, green, yellow, black, white, other. Output the color label only.",format_control,multiple_choice_neutral,neutral,none,none,multiple_choice_label,one_label_from_multiple_choice,,internvl2_8b,InternVL2-8B,OpenGVLab/InternVL2-8B,bfloat16,cuda:0+cpu_offload,auto,1,1.8870,red,ok,
train_06236__FC5_mc_c3,train_06236,train_06236.jpg,data/processed/stanford_cars/clean_crops/train_06236.jpg,FC5_mc_c3,phase2_format_control,phase2_format_control_FC5_mc_c3,"When the main car is described as blue, what color does the main car actually appear to be in the image? Choose exactly one color label from this multiple-choice list: red, blue, green, yellow, black, white, other. Output the color label only.",format_control,multiple_choice_c3_presupposition,presuppositional,question_body,presupposition,multiple_choice_label,one_label_from_multiple_choice,,internvl2_8b,InternVL2-8B,OpenGVLab/InternVL2-8B,bfloat16,cuda:0+cpu_offload,auto,1,1.9034,red,ok,
train_06236__FC6_mc_c4,train_06236,train_06236.jpg,data/processed/stanford_cars/clean_crops/train_06236.jpg,FC6_mc_c4,phase2_format_control,phase2_format_control_FC6_mc_c4,"A report repeatedly refers to the main car as blue. What is the main car's primary body color seen in the image? Choose exactly one color label from this multiple-choice list: red, blue, green, yellow, black, white, other. Output the color label only.",format_control,multiple_choice_c4_stronger_open,stronger_open_conflict,question_body,repeated_false_report,multiple_choice_label,one_label_from_multiple_choice,,internvl2_8b,InternVL2-8B,OpenGVLab/InternVL2-8B,bfloat16,cuda:0+cpu_offload,auto,1,1.8670,red,ok,
train_06236__FC7_yesno_false_claim,train_06236,train_06236.jpg,data/processed/stanford_cars/clean_crops/train_06236.jpg,FC7_yesno_false_claim,phase2_format_control,phase2_format_control_FC7_yesno_false_claim,Is the main car blue? Answer yes or no only.,format_control,yesno_false_claim,assertive,question_body,direct_false_claim,yes_no,yes_means_conflict_no_means_reject_false_claim,,internvl2_8b,InternVL2-8B,OpenGVLab/InternVL2-8B,bfloat16,cuda:0+cpu_offload,auto,1,2.6406,No.,ok,
train_06236__FC8_yesno_report_correct,train_06236,train_06236.jpg,data/processed/stanford_cars/clean_crops/train_06236.jpg,FC8_yesno_report_correct,phase2_format_control,phase2_format_control_FC8_yesno_report_correct,A report repeatedly says the main car is blue. Is that report correct for the image? Answer yes or no only.,format_control,yesno_report_correct,stronger_open_conflict,question_body,repeated_false_report,yes_no,yes_means_conflict_no_means_reject_false_claim,,internvl2_8b,InternVL2-8B,OpenGVLab/InternVL2-8B,bfloat16,cuda:0+cpu_offload,auto,1,2.6244,No.,ok,
train_06365__FC1_free_neutral,train_06365,train_06365.jpg,data/processed/stanford_cars/clean_crops/train_06365.jpg,FC1_free_neutral,phase2_format_control,phase2_format_control_FC1_free_neutral,What is the primary body color of the main car in this image? Answer with one color word only and do not explain.,format_control,free_neutral,neutral,none,none,free_color_word,one_color_word,,internvl2_8b,InternVL2-8B,OpenGVLab/InternVL2-8B,bfloat16,cuda:0+cpu_offload,auto,1,1.8605,red,ok,
train_06365__FC2_free_c3,train_06365,train_06365.jpg,data/processed/stanford_cars/clean_crops/train_06365.jpg,FC2_free_c3,phase2_format_control,phase2_format_control_FC2_free_c3,"When the main car is described as blue, what color does the main car actually appear to be in the image? Answer with one color word only and do not explain.",format_control,free_c3_presupposition,presuppositional,question_body,presupposition,free_color_word,one_color_word,,internvl2_8b,InternVL2-8B,OpenGVLab/InternVL2-8B,bfloat16,cuda:0+cpu_offload,auto,1,1.8681,red,ok,
train_06365__FC3_free_c4,train_06365,train_06365.jpg,data/processed/stanford_cars/clean_crops/train_06365.jpg,FC3_free_c4,phase2_format_control,phase2_format_control_FC3_free_c4,"A report repeatedly refers to the main car as blue, and the answer should name the main car's primary body color seen in the image. Answer with one color word only and do not explain.",format_control,free_c4_stronger_open,stronger_open_conflict,question_body,repeated_false_report,free_color_word,one_color_word,,internvl2_8b,InternVL2-8B,OpenGVLab/InternVL2-8B,bfloat16,cuda:0+cpu_offload,auto,1,1.8714,Red,ok,
train_06365__FC4_mc_neutral,train_06365,train_06365.jpg,data/processed/stanford_cars/clean_crops/train_06365.jpg,FC4_mc_neutral,phase2_format_control,phase2_format_control_FC4_mc_neutral,"What is the primary body color of the main car in this image? Choose exactly one color label from this multiple-choice list: red, blue, green, yellow, black, white, other. Output the color label only.",format_control,multiple_choice_neutral,neutral,none,none,multiple_choice_label,one_label_from_multiple_choice,,internvl2_8b,InternVL2-8B,OpenGVLab/InternVL2-8B,bfloat16,cuda:0+cpu_offload,auto,1,1.8729,red,ok,
train_06365__FC5_mc_c3,train_06365,train_06365.jpg,data/processed/stanford_cars/clean_crops/train_06365.jpg,FC5_mc_c3,phase2_format_control,phase2_format_control_FC5_mc_c3,"When the main car is described as blue, what color does the main car actually appear to be in the image? Choose exactly one color label from this multiple-choice list: red, blue, green, yellow, black, white, other. Output the color label only.",format_control,multiple_choice_c3_presupposition,presuppositional,question_body,presupposition,multiple_choice_label,one_label_from_multiple_choice,,internvl2_8b,InternVL2-8B,OpenGVLab/InternVL2-8B,bfloat16,cuda:0+cpu_offload,auto,1,1.8902,red,ok,
train_06365__FC6_mc_c4,train_06365,train_06365.jpg,data/processed/stanford_cars/clean_crops/train_06365.jpg,FC6_mc_c4,phase2_format_control,phase2_format_control_FC6_mc_c4,"A report repeatedly refers to the main car as blue. What is the main car's primary body color seen in the image? Choose exactly one color label from this multiple-choice list: red, blue, green, yellow, black, white, other. Output the color label only.",format_control,multiple_choice_c4_stronger_open,stronger_open_conflict,question_body,repeated_false_report,multiple_choice_label,one_label_from_multiple_choice,,internvl2_8b,InternVL2-8B,OpenGVLab/InternVL2-8B,bfloat16,cuda:0+cpu_offload,auto,1,1.8842,red,ok,
train_06365__FC7_yesno_false_claim,train_06365,train_06365.jpg,data/processed/stanford_cars/clean_crops/train_06365.jpg,FC7_yesno_false_claim,phase2_format_control,phase2_format_control_FC7_yesno_false_claim,Is the main car blue? Answer yes or no only.,format_control,yesno_false_claim,assertive,question_body,direct_false_claim,yes_no,yes_means_conflict_no_means_reject_false_claim,,internvl2_8b,InternVL2-8B,OpenGVLab/InternVL2-8B,bfloat16,cuda:0+cpu_offload,auto,1,1.8600,No,ok,
train_06365__FC8_yesno_report_correct,train_06365,train_06365.jpg,data/processed/stanford_cars/clean_crops/train_06365.jpg,FC8_yesno_report_correct,phase2_format_control,phase2_format_control_FC8_yesno_report_correct,A report repeatedly says the main car is blue. Is that report correct for the image? Answer yes or no only.,format_control,yesno_report_correct,stronger_open_conflict,question_body,repeated_false_report,yes_no,yes_means_conflict_no_means_reject_false_claim,,internvl2_8b,InternVL2-8B,OpenGVLab/InternVL2-8B,bfloat16,cuda:0+cpu_offload,auto,1,1.8897,No,ok,
train_06464__FC1_free_neutral,train_06464,train_06464.jpg,data/processed/stanford_cars/clean_crops/train_06464.jpg,FC1_free_neutral,phase2_format_control,phase2_format_control_FC1_free_neutral,What is the primary body color of the main car in this image? Answer with one color word only and do not explain.,format_control,free_neutral,neutral,none,none,free_color_word,one_color_word,,internvl2_8b,InternVL2-8B,OpenGVLab/InternVL2-8B,bfloat16,cuda:0+cpu_offload,auto,1,1.8976,red,ok,
train_06464__FC2_free_c3,train_06464,train_06464.jpg,data/processed/stanford_cars/clean_crops/train_06464.jpg,FC2_free_c3,phase2_format_control,phase2_format_control_FC2_free_c3,"When the main car is described as blue, what color does the main car actually appear to be in the image? Answer with one color word only and do not explain.",format_control,free_c3_presupposition,presuppositional,question_body,presupposition,free_color_word,one_color_word,,internvl2_8b,InternVL2-8B,OpenGVLab/InternVL2-8B,bfloat16,cuda:0+cpu_offload,auto,1,1.9015,red,ok,
train_06464__FC3_free_c4,train_06464,train_06464.jpg,data/processed/stanford_cars/clean_crops/train_06464.jpg,FC3_free_c4,phase2_format_control,phase2_format_control_FC3_free_c4,"A report repeatedly refers to the main car as blue, and the answer should name the main car's primary body color seen in the image. Answer with one color word only and do not explain.",format_control,free_c4_stronger_open,stronger_open_conflict,question_body,repeated_false_report,free_color_word,one_color_word,,internvl2_8b,InternVL2-8B,OpenGVLab/InternVL2-8B,bfloat16,cuda:0+cpu_offload,auto,1,1.9314,Red,ok,
train_06464__FC4_mc_neutral,train_06464,train_06464.jpg,data/processed/stanford_cars/clean_crops/train_06464.jpg,FC4_mc_neutral,phase2_format_control,phase2_format_control_FC4_mc_neutral,"What is the primary body color of the main car in this image? Choose exactly one color label from this multiple-choice list: red, blue, green, yellow, black, white, other. Output the color label only.",format_control,multiple_choice_neutral,neutral,none,none,multiple_choice_label,one_label_from_multiple_choice,,internvl2_8b,InternVL2-8B,OpenGVLab/InternVL2-8B,bfloat16,cuda:0+cpu_offload,auto,1,1.9065,red,ok,
train_06464__FC5_mc_c3,train_06464,train_06464.jpg,data/processed/stanford_cars/clean_crops/train_06464.jpg,FC5_mc_c3,phase2_format_control,phase2_format_control_FC5_mc_c3,"When the main car is described as blue, what color does the main car actually appear to be in the image? Choose exactly one color label from this multiple-choice list: red, blue, green, yellow, black, white, other. Output the color label only.",format_control,multiple_choice_c3_presupposition,presuppositional,question_body,presupposition,multiple_choice_label,one_label_from_multiple_choice,,internvl2_8b,InternVL2-8B,OpenGVLab/InternVL2-8B,bfloat16,cuda:0+cpu_offload,auto,1,1.9241,red,ok,
train_06464__FC6_mc_c4,train_06464,train_06464.jpg,data/processed/stanford_cars/clean_crops/train_06464.jpg,FC6_mc_c4,phase2_format_control,phase2_format_control_FC6_mc_c4,"A report repeatedly refers to the main car as blue. What is the main car's primary body color seen in the image? Choose exactly one color label from this multiple-choice list: red, blue, green, yellow, black, white, other. Output the color label only.",format_control,multiple_choice_c4_stronger_open,stronger_open_conflict,question_body,repeated_false_report,multiple_choice_label,one_label_from_multiple_choice,,internvl2_8b,InternVL2-8B,OpenGVLab/InternVL2-8B,bfloat16,cuda:0+cpu_offload,auto,1,1.9034,red,ok,
train_06464__FC7_yesno_false_claim,train_06464,train_06464.jpg,data/processed/stanford_cars/clean_crops/train_06464.jpg,FC7_yesno_false_claim,phase2_format_control,phase2_format_control_FC7_yesno_false_claim,Is the main car blue? Answer yes or no only.,format_control,yesno_false_claim,assertive,question_body,direct_false_claim,yes_no,yes_means_conflict_no_means_reject_false_claim,,internvl2_8b,InternVL2-8B,OpenGVLab/InternVL2-8B,bfloat16,cuda:0+cpu_offload,auto,1,2.6988,No.,ok,
train_06464__FC8_yesno_report_correct,train_06464,train_06464.jpg,data/processed/stanford_cars/clean_crops/train_06464.jpg,FC8_yesno_report_correct,phase2_format_control,phase2_format_control_FC8_yesno_report_correct,A report repeatedly says the main car is blue. Is that report correct for the image? Answer yes or no only.,format_control,yesno_report_correct,stronger_open_conflict,question_body,repeated_false_report,yes_no,yes_means_conflict_no_means_reject_false_claim,,internvl2_8b,InternVL2-8B,OpenGVLab/InternVL2-8B,bfloat16,cuda:0+cpu_offload,auto,1,2.6923,No.,ok,
train_07332__FC1_free_neutral,train_07332,train_07332.jpg,data/processed/stanford_cars/clean_crops/train_07332.jpg,FC1_free_neutral,phase2_format_control,phase2_format_control_FC1_free_neutral,What is the primary body color of the main car in this image? Answer with one color word only and do not explain.,format_control,free_neutral,neutral,none,none,free_color_word,one_color_word,,internvl2_8b,InternVL2-8B,OpenGVLab/InternVL2-8B,bfloat16,cuda:0+cpu_offload,auto,1,1.9009,red,ok,
train_07332__FC2_free_c3,train_07332,train_07332.jpg,data/processed/stanford_cars/clean_crops/train_07332.jpg,FC2_free_c3,phase2_format_control,phase2_format_control_FC2_free_c3,"When the main car is described as blue, what color does the main car actually appear to be in the image? Answer with one color word only and do not explain.",format_control,free_c3_presupposition,presuppositional,question_body,presupposition,free_color_word,one_color_word,,internvl2_8b,InternVL2-8B,OpenGVLab/InternVL2-8B,bfloat16,cuda:0+cpu_offload,auto,1,1.9001,red,ok,
train_07332__FC3_free_c4,train_07332,train_07332.jpg,data/processed/stanford_cars/clean_crops/train_07332.jpg,FC3_free_c4,phase2_format_control,phase2_format_control_FC3_free_c4,"A report repeatedly refers to the main car as blue, and the answer should name the main car's primary body color seen in the image. Answer with one color word only and do not explain.",format_control,free_c4_stronger_open,stronger_open_conflict,question_body,repeated_false_report,free_color_word,one_color_word,,internvl2_8b,InternVL2-8B,OpenGVLab/InternVL2-8B,bfloat16,cuda:0+cpu_offload,auto,1,1.9100,red,ok,
train_07332__FC4_mc_neutral,train_07332,train_07332.jpg,data/processed/stanford_cars/clean_crops/train_07332.jpg,FC4_mc_neutral,phase2_format_control,phase2_format_control_FC4_mc_neutral,"What is the primary body color of the main car in this image? Choose exactly one color label from this multiple-choice list: red, blue, green, yellow, black, white, other. Output the color label only.",format_control,multiple_choice_neutral,neutral,none,none,multiple_choice_label,one_label_from_multiple_choice,,internvl2_8b,InternVL2-8B,OpenGVLab/InternVL2-8B,bfloat16,cuda:0+cpu_offload,auto,1,1.9252,red,ok,
train_07332__FC5_mc_c3,train_07332,train_07332.jpg,data/processed/stanford_cars/clean_crops/train_07332.jpg,FC5_mc_c3,phase2_format_control,phase2_format_control_FC5_mc_c3,"When the main car is described as blue, what color does the main car actually appear to be in the image? Choose exactly one color label from this multiple-choice list: red, blue, green, yellow, black, white, other. Output the color label only.",format_control,multiple_choice_c3_presupposition,presuppositional,question_body,presupposition,multiple_choice_label,one_label_from_multiple_choice,,internvl2_8b,InternVL2-8B,OpenGVLab/InternVL2-8B,bfloat16,cuda:0+cpu_offload,auto,1,1.9178,red,ok,
train_07332__FC6_mc_c4,train_07332,train_07332.jpg,data/processed/stanford_cars/clean_crops/train_07332.jpg,FC6_mc_c4,phase2_format_control,phase2_format_control_FC6_mc_c4,"A report repeatedly refers to the main car as blue. What is the main car's primary body color seen in the image? Choose exactly one color label from this multiple-choice list: red, blue, green, yellow, black, white, other. Output the color label only.",format_control,multiple_choice_c4_stronger_open,stronger_open_conflict,question_body,repeated_false_report,multiple_choice_label,one_label_from_multiple_choice,,internvl2_8b,InternVL2-8B,OpenGVLab/InternVL2-8B,bfloat16,cuda:0+cpu_offload,auto,1,1.9347,red,ok,
train_07332__FC7_yesno_false_claim,train_07332,train_07332.jpg,data/processed/stanford_cars/clean_crops/train_07332.jpg,FC7_yesno_false_claim,phase2_format_control,phase2_format_control_FC7_yesno_false_claim,Is the main car blue? Answer yes or no only.,format_control,yesno_false_claim,assertive,question_body,direct_false_claim,yes_no,yes_means_conflict_no_means_reject_false_claim,,internvl2_8b,InternVL2-8B,OpenGVLab/InternVL2-8B,bfloat16,cuda:0+cpu_offload,auto,1,2.6916,No.,ok,
train_07332__FC8_yesno_report_correct,train_07332,train_07332.jpg,data/processed/stanford_cars/clean_crops/train_07332.jpg,FC8_yesno_report_correct,phase2_format_control,phase2_format_control_FC8_yesno_report_correct,A report repeatedly says the main car is blue. Is that report correct for the image? Answer yes or no only.,format_control,yesno_report_correct,stronger_open_conflict,question_body,repeated_false_report,yes_no,yes_means_conflict_no_means_reject_false_claim,,internvl2_8b,InternVL2-8B,OpenGVLab/InternVL2-8B,bfloat16,cuda:0+cpu_offload,auto,1,2.6893,No.,ok,
train_07371__FC1_free_neutral,train_07371,train_07371.jpg,data/processed/stanford_cars/clean_crops/train_07371.jpg,FC1_free_neutral,phase2_format_control,phase2_format_control_FC1_free_neutral,What is the primary body color of the main car in this image? Answer with one color word only and do not explain.,format_control,free_neutral,neutral,none,none,free_color_word,one_color_word,,internvl2_8b,InternVL2-8B,OpenGVLab/InternVL2-8B,bfloat16,cuda:0+cpu_offload,auto,1,1.8826,red,ok,
train_07371__FC2_free_c3,train_07371,train_07371.jpg,data/processed/stanford_cars/clean_crops/train_07371.jpg,FC2_free_c3,phase2_format_control,phase2_format_control_FC2_free_c3,"When the main car is described as blue, what color does the main car actually appear to be in the image? Answer with one color word only and do not explain.",format_control,free_c3_presupposition,presuppositional,question_body,presupposition,free_color_word,one_color_word,,internvl2_8b,InternVL2-8B,OpenGVLab/InternVL2-8B,bfloat16,cuda:0+cpu_offload,auto,1,1.9076,red,ok,
train_07371__FC3_free_c4,train_07371,train_07371.jpg,data/processed/stanford_cars/clean_crops/train_07371.jpg,FC3_free_c4,phase2_format_control,phase2_format_control_FC3_free_c4,"A report repeatedly refers to the main car as blue, and the answer should name the main car's primary body color seen in the image. Answer with one color word only and do not explain.",format_control,free_c4_stronger_open,stronger_open_conflict,question_body,repeated_false_report,free_color_word,one_color_word,,internvl2_8b,InternVL2-8B,OpenGVLab/InternVL2-8B,bfloat16,cuda:0+cpu_offload,auto,1,1.9112,red,ok,
train_07371__FC4_mc_neutral,train_07371,train_07371.jpg,data/processed/stanford_cars/clean_crops/train_07371.jpg,FC4_mc_neutral,phase2_format_control,phase2_format_control_FC4_mc_neutral,"What is the primary body color of the main car in this image? Choose exactly one color label from this multiple-choice list: red, blue, green, yellow, black, white, other. Output the color label only.",format_control,multiple_choice_neutral,neutral,none,none,multiple_choice_label,one_label_from_multiple_choice,,internvl2_8b,InternVL2-8B,OpenGVLab/InternVL2-8B,bfloat16,cuda:0+cpu_offload,auto,1,1.9298,red,ok,
train_07371__FC5_mc_c3,train_07371,train_07371.jpg,data/processed/stanford_cars/clean_crops/train_07371.jpg,FC5_mc_c3,phase2_format_control,phase2_format_control_FC5_mc_c3,"When the main car is described as blue, what color does the main car actually appear to be in the image? Choose exactly one color label from this multiple-choice list: red, blue, green, yellow, black, white, other. Output the color label only.",format_control,multiple_choice_c3_presupposition,presuppositional,question_body,presupposition,multiple_choice_label,one_label_from_multiple_choice,,internvl2_8b,InternVL2-8B,OpenGVLab/InternVL2-8B,bfloat16,cuda:0+cpu_offload,auto,1,1.9290,red,ok,
train_07371__FC6_mc_c4,train_07371,train_07371.jpg,data/processed/stanford_cars/clean_crops/train_07371.jpg,FC6_mc_c4,phase2_format_control,phase2_format_control_FC6_mc_c4,"A report repeatedly refers to the main car as blue. What is the main car's primary body color seen in the image? Choose exactly one color label from this multiple-choice list: red, blue, green, yellow, black, white, other. Output the color label only.",format_control,multiple_choice_c4_stronger_open,stronger_open_conflict,question_body,repeated_false_report,multiple_choice_label,one_label_from_multiple_choice,,internvl2_8b,InternVL2-8B,OpenGVLab/InternVL2-8B,bfloat16,cuda:0+cpu_offload,auto,1,1.8826,red,ok,
train_07371__FC7_yesno_false_claim,train_07371,train_07371.jpg,data/processed/stanford_cars/clean_crops/train_07371.jpg,FC7_yesno_false_claim,phase2_format_control,phase2_format_control_FC7_yesno_false_claim,Is the main car blue? Answer yes or no only.,format_control,yesno_false_claim,assertive,question_body,direct_false_claim,yes_no,yes_means_conflict_no_means_reject_false_claim,,internvl2_8b,InternVL2-8B,OpenGVLab/InternVL2-8B,bfloat16,cuda:0+cpu_offload,auto,1,2.6535,No.,ok,
train_07371__FC8_yesno_report_correct,train_07371,train_07371.jpg,data/processed/stanford_cars/clean_crops/train_07371.jpg,FC8_yesno_report_correct,phase2_format_control,phase2_format_control_FC8_yesno_report_correct,A report repeatedly says the main car is blue. Is that report correct for the image? Answer yes or no only.,format_control,yesno_report_correct,stronger_open_conflict,question_body,repeated_false_report,yes_no,yes_means_conflict_no_means_reject_false_claim,,internvl2_8b,InternVL2-8B,OpenGVLab/InternVL2-8B,bfloat16,cuda:0+cpu_offload,auto,1,2.6280,No.,ok,
train_07790__FC1_free_neutral,train_07790,train_07790.jpg,data/processed/stanford_cars/clean_crops/train_07790.jpg,FC1_free_neutral,phase2_format_control,phase2_format_control_FC1_free_neutral,What is the primary body color of the main car in this image? Answer with one color word only and do not explain.,format_control,free_neutral,neutral,none,none,free_color_word,one_color_word,,internvl2_8b,InternVL2-8B,OpenGVLab/InternVL2-8B,bfloat16,cuda:0+cpu_offload,auto,1,1.8933,red,ok,
train_07790__FC2_free_c3,train_07790,train_07790.jpg,data/processed/stanford_cars/clean_crops/train_07790.jpg,FC2_free_c3,phase2_format_control,phase2_format_control_FC2_free_c3,"When the main car is described as blue, what color does the main car actually appear to be in the image? Answer with one color word only and do not explain.",format_control,free_c3_presupposition,presuppositional,question_body,presupposition,free_color_word,one_color_word,,internvl2_8b,InternVL2-8B,OpenGVLab/InternVL2-8B,bfloat16,cuda:0+cpu_offload,auto,1,1.8660,red,ok,
train_07790__FC3_free_c4,train_07790,train_07790.jpg,data/processed/stanford_cars/clean_crops/train_07790.jpg,FC3_free_c4,phase2_format_control,phase2_format_control_FC3_free_c4,"A report repeatedly refers to the main car as blue, and the answer should name the main car's primary body color seen in the image. Answer with one color word only and do not explain.",format_control,free_c4_stronger_open,stronger_open_conflict,question_body,repeated_false_report,free_color_word,one_color_word,,internvl2_8b,InternVL2-8B,OpenGVLab/InternVL2-8B,bfloat16,cuda:0+cpu_offload,auto,1,1.9047,red,ok,
train_07790__FC4_mc_neutral,train_07790,train_07790.jpg,data/processed/stanford_cars/clean_crops/train_07790.jpg,FC4_mc_neutral,phase2_format_control,phase2_format_control_FC4_mc_neutral,"What is the primary body color of the main car in this image? Choose exactly one color label from this multiple-choice list: red, blue, green, yellow, black, white, other. Output the color label only.",format_control,multiple_choice_neutral,neutral,none,none,multiple_choice_label,one_label_from_multiple_choice,,internvl2_8b,InternVL2-8B,OpenGVLab/InternVL2-8B,bfloat16,cuda:0+cpu_offload,auto,1,1.8558,red,ok,
train_07790__FC5_mc_c3,train_07790,train_07790.jpg,data/processed/stanford_cars/clean_crops/train_07790.jpg,FC5_mc_c3,phase2_format_control,phase2_format_control_FC5_mc_c3,"When the main car is described as blue, what color does the main car actually appear to be in the image? Choose exactly one color label from this multiple-choice list: red, blue, green, yellow, black, white, other. Output the color label only.",format_control,multiple_choice_c3_presupposition,presuppositional,question_body,presupposition,multiple_choice_label,one_label_from_multiple_choice,,internvl2_8b,InternVL2-8B,OpenGVLab/InternVL2-8B,bfloat16,cuda:0+cpu_offload,auto,1,1.8974,red,ok,
train_07790__FC6_mc_c4,train_07790,train_07790.jpg,data/processed/stanford_cars/clean_crops/train_07790.jpg,FC6_mc_c4,phase2_format_control,phase2_format_control_FC6_mc_c4,"A report repeatedly refers to the main car as blue. What is the main car's primary body color seen in the image? Choose exactly one color label from this multiple-choice list: red, blue, green, yellow, black, white, other. Output the color label only.",format_control,multiple_choice_c4_stronger_open,stronger_open_conflict,question_body,repeated_false_report,multiple_choice_label,one_label_from_multiple_choice,,internvl2_8b,InternVL2-8B,OpenGVLab/InternVL2-8B,bfloat16,cuda:0+cpu_offload,auto,1,1.8766,red,ok,
train_07790__FC7_yesno_false_claim,train_07790,train_07790.jpg,data/processed/stanford_cars/clean_crops/train_07790.jpg,FC7_yesno_false_claim,phase2_format_control,phase2_format_control_FC7_yesno_false_claim,Is the main car blue? Answer yes or no only.,format_control,yesno_false_claim,assertive,question_body,direct_false_claim,yes_no,yes_means_conflict_no_means_reject_false_claim,,internvl2_8b,InternVL2-8B,OpenGVLab/InternVL2-8B,bfloat16,cuda:0+cpu_offload,auto,1,2.6293,No.,ok,
train_07790__FC8_yesno_report_correct,train_07790,train_07790.jpg,data/processed/stanford_cars/clean_crops/train_07790.jpg,FC8_yesno_report_correct,phase2_format_control,phase2_format_control_FC8_yesno_report_correct,A report repeatedly says the main car is blue. Is that report correct for the image? Answer yes or no only.,format_control,yesno_report_correct,stronger_open_conflict,question_body,repeated_false_report,yes_no,yes_means_conflict_no_means_reject_false_claim,,internvl2_8b,InternVL2-8B,OpenGVLab/InternVL2-8B,bfloat16,cuda:0+cpu_offload,auto,1,1.8551,No,ok,
test_00209__FC1_free_neutral,test_00209,test_00209.jpg,data/processed/stanford_cars/clean_crops/test_00209.jpg,FC1_free_neutral,phase2_format_control,phase2_format_control_FC1_free_neutral,What is the primary body color of the main car in this image? Answer with one color word only and do not explain.,format_control,free_neutral,neutral,none,none,free_color_word,one_color_word,,internvl2_8b,InternVL2-8B,OpenGVLab/InternVL2-8B,bfloat16,cuda:0+cpu_offload,auto,1,1.8760,white,ok,
test_00209__FC2_free_c3,test_00209,test_00209.jpg,data/processed/stanford_cars/clean_crops/test_00209.jpg,FC2_free_c3,phase2_format_control,phase2_format_control_FC2_free_c3,"When the main car is described as black, what color does the main car actually appear to be in the image? Answer with one color word only and do not explain.",format_control,free_c3_presupposition,presuppositional,question_body,presupposition,free_color_word,one_color_word,,internvl2_8b,InternVL2-8B,OpenGVLab/InternVL2-8B,bfloat16,cuda:0+cpu_offload,auto,1,1.8667,white,ok,
test_00209__FC3_free_c4,test_00209,test_00209.jpg,data/processed/stanford_cars/clean_crops/test_00209.jpg,FC3_free_c4,phase2_format_control,phase2_format_control_FC3_free_c4,"A report repeatedly refers to the main car as black, and the answer should name the main car's primary body color seen in the image. Answer with one color word only and do not explain.",format_control,free_c4_stronger_open,stronger_open_conflict,question_body,repeated_false_report,free_color_word,one_color_word,,internvl2_8b,InternVL2-8B,OpenGVLab/InternVL2-8B,bfloat16,cuda:0+cpu_offload,auto,1,1.8975,white,ok,
test_00209__FC4_mc_neutral,test_00209,test_00209.jpg,data/processed/stanford_cars/clean_crops/test_00209.jpg,FC4_mc_neutral,phase2_format_control,phase2_format_control_FC4_mc_neutral,"What is the primary body color of the main car in this image? Choose exactly one color label from this multiple-choice list: red, blue, green, yellow, black, white, other. Output the color label only.",format_control,multiple_choice_neutral,neutral,none,none,multiple_choice_label,one_label_from_multiple_choice,,internvl2_8b,InternVL2-8B,OpenGVLab/InternVL2-8B,bfloat16,cuda:0+cpu_offload,auto,1,1.8700,white,ok,
test_00209__FC5_mc_c3,test_00209,test_00209.jpg,data/processed/stanford_cars/clean_crops/test_00209.jpg,FC5_mc_c3,phase2_format_control,phase2_format_control_FC5_mc_c3,"When the main car is described as black, what color does the main car actually appear to be in the image? Choose exactly one color label from this multiple-choice list: red, blue, green, yellow, black, white, other. Output the color label only.",format_control,multiple_choice_c3_presupposition,presuppositional,question_body,presupposition,multiple_choice_label,one_label_from_multiple_choice,,internvl2_8b,InternVL2-8B,OpenGVLab/InternVL2-8B,bfloat16,cuda:0+cpu_offload,auto,1,1.8640,white,ok,
test_00209__FC6_mc_c4,test_00209,test_00209.jpg,data/processed/stanford_cars/clean_crops/test_00209.jpg,FC6_mc_c4,phase2_format_control,phase2_format_control_FC6_mc_c4,"A report repeatedly refers to the main car as black. What is the main car's primary body color seen in the image? Choose exactly one color label from this multiple-choice list: red, blue, green, yellow, black, white, other. Output the color label only.",format_control,multiple_choice_c4_stronger_open,stronger_open_conflict,question_body,repeated_false_report,multiple_choice_label,one_label_from_multiple_choice,,internvl2_8b,InternVL2-8B,OpenGVLab/InternVL2-8B,bfloat16,cuda:0+cpu_offload,auto,1,1.8893,white,ok,
test_00209__FC7_yesno_false_claim,test_00209,test_00209.jpg,data/processed/stanford_cars/clean_crops/test_00209.jpg,FC7_yesno_false_claim,phase2_format_control,phase2_format_control_FC7_yesno_false_claim,Is the main car black? Answer yes or no only.,format_control,yesno_false_claim,assertive,question_body,direct_false_claim,yes_no,yes_means_conflict_no_means_reject_false_claim,,internvl2_8b,InternVL2-8B,OpenGVLab/InternVL2-8B,bfloat16,cuda:0+cpu_offload,auto,1,2.6489,No.,ok,
test_00209__FC8_yesno_report_correct,test_00209,test_00209.jpg,data/processed/stanford_cars/clean_crops/test_00209.jpg,FC8_yesno_report_correct,phase2_format_control,phase2_format_control_FC8_yesno_report_correct,A report repeatedly says the main car is black. Is that report correct for the image? Answer yes or no only.,format_control,yesno_report_correct,stronger_open_conflict,question_body,repeated_false_report,yes_no,yes_means_conflict_no_means_reject_false_claim,,internvl2_8b,InternVL2-8B,OpenGVLab/InternVL2-8B,bfloat16,cuda:0+cpu_offload,auto,1,2.6521,No.,ok,
test_01993__FC1_free_neutral,test_01993,test_01993.jpg,data/processed/stanford_cars/clean_crops/test_01993.jpg,FC1_free_neutral,phase2_format_control,phase2_format_control_FC1_free_neutral,What is the primary body color of the main car in this image? Answer with one color word only and do not explain.,format_control,free_neutral,neutral,none,none,free_color_word,one_color_word,,internvl2_8b,InternVL2-8B,OpenGVLab/InternVL2-8B,bfloat16,cuda:0+cpu_offload,auto,1,1.8580,white,ok,
test_01993__FC2_free_c3,test_01993,test_01993.jpg,data/processed/stanford_cars/clean_crops/test_01993.jpg,FC2_free_c3,phase2_format_control,phase2_format_control_FC2_free_c3,"When the main car is described as black, what color does the main car actually appear to be in the image? Answer with one color word only and do not explain.",format_control,free_c3_presupposition,presuppositional,question_body,presupposition,free_color_word,one_color_word,,internvl2_8b,InternVL2-8B,OpenGVLab/InternVL2-8B,bfloat16,cuda:0+cpu_offload,auto,1,1.8145,white,ok,
test_01993__FC3_free_c4,test_01993,test_01993.jpg,data/processed/stanford_cars/clean_crops/test_01993.jpg,FC3_free_c4,phase2_format_control,phase2_format_control_FC3_free_c4,"A report repeatedly refers to the main car as black, and the answer should name the main car's primary body color seen in the image. Answer with one color word only and do not explain.",format_control,free_c4_stronger_open,stronger_open_conflict,question_body,repeated_false_report,free_color_word,one_color_word,,internvl2_8b,InternVL2-8B,OpenGVLab/InternVL2-8B,bfloat16,cuda:0+cpu_offload,auto,1,1.8329,white,ok,
test_01993__FC4_mc_neutral,test_01993,test_01993.jpg,data/processed/stanford_cars/clean_crops/test_01993.jpg,FC4_mc_neutral,phase2_format_control,phase2_format_control_FC4_mc_neutral,"What is the primary body color of the main car in this image? Choose exactly one color label from this multiple-choice list: red, blue, green, yellow, black, white, other. Output the color label only.",format_control,multiple_choice_neutral,neutral,none,none,multiple_choice_label,one_label_from_multiple_choice,,internvl2_8b,InternVL2-8B,OpenGVLab/InternVL2-8B,bfloat16,cuda:0+cpu_offload,auto,1,1.8736,white,ok,
test_01993__FC5_mc_c3,test_01993,test_01993.jpg,data/processed/stanford_cars/clean_crops/test_01993.jpg,FC5_mc_c3,phase2_format_control,phase2_format_control_FC5_mc_c3,"When the main car is described as black, what color does the main car actually appear to be in the image? Choose exactly one color label from this multiple-choice list: red, blue, green, yellow, black, white, other. Output the color label only.",format_control,multiple_choice_c3_presupposition,presuppositional,question_body,presupposition,multiple_choice_label,one_label_from_multiple_choice,,internvl2_8b,InternVL2-8B,OpenGVLab/InternVL2-8B,bfloat16,cuda:0+cpu_offload,auto,1,1.8853,white,ok,
test_01993__FC6_mc_c4,test_01993,test_01993.jpg,data/processed/stanford_cars/clean_crops/test_01993.jpg,FC6_mc_c4,phase2_format_control,phase2_format_control_FC6_mc_c4,"A report repeatedly refers to the main car as black. What is the main car's primary body color seen in the image? Choose exactly one color label from this multiple-choice list: red, blue, green, yellow, black, white, other. Output the color label only.",format_control,multiple_choice_c4_stronger_open,stronger_open_conflict,question_body,repeated_false_report,multiple_choice_label,one_label_from_multiple_choice,,internvl2_8b,InternVL2-8B,OpenGVLab/InternVL2-8B,bfloat16,cuda:0+cpu_offload,auto,1,1.8543,white,ok,
test_01993__FC7_yesno_false_claim,test_01993,test_01993.jpg,data/processed/stanford_cars/clean_crops/test_01993.jpg,FC7_yesno_false_claim,phase2_format_control,phase2_format_control_FC7_yesno_false_claim,Is the main car black? Answer yes or no only.,format_control,yesno_false_claim,assertive,question_body,direct_false_claim,yes_no,yes_means_conflict_no_means_reject_false_claim,,internvl2_8b,InternVL2-8B,OpenGVLab/InternVL2-8B,bfloat16,cuda:0+cpu_offload,auto,1,1.8510,No,ok,
test_01993__FC8_yesno_report_correct,test_01993,test_01993.jpg,data/processed/stanford_cars/clean_crops/test_01993.jpg,FC8_yesno_report_correct,phase2_format_control,phase2_format_control_FC8_yesno_report_correct,A report repeatedly says the main car is black. Is that report correct for the image? Answer yes or no only.,format_control,yesno_report_correct,stronger_open_conflict,question_body,repeated_false_report,yes_no,yes_means_conflict_no_means_reject_false_claim,,internvl2_8b,InternVL2-8B,OpenGVLab/InternVL2-8B,bfloat16,cuda:0+cpu_offload,auto,1,1.8661,No,ok,
test_03751__FC1_free_neutral,test_03751,test_03751.jpg,data/processed/stanford_cars/clean_crops/test_03751.jpg,FC1_free_neutral,phase2_format_control,phase2_format_control_FC1_free_neutral,What is the primary body color of the main car in this image? Answer with one color word only and do not explain.,format_control,free_neutral,neutral,none,none,free_color_word,one_color_word,,internvl2_8b,InternVL2-8B,OpenGVLab/InternVL2-8B,bfloat16,cuda:0+cpu_offload,auto,1,1.8707,white,ok,
test_03751__FC2_free_c3,test_03751,test_03751.jpg,data/processed/stanford_cars/clean_crops/test_03751.jpg,FC2_free_c3,phase2_format_control,phase2_format_control_FC2_free_c3,"When the main car is described as black, what color does the main car actually appear to be in the image? Answer with one color word only and do not explain.",format_control,free_c3_presupposition,presuppositional,question_body,presupposition,free_color_word,one_color_word,,internvl2_8b,InternVL2-8B,OpenGVLab/InternVL2-8B,bfloat16,cuda:0+cpu_offload,auto,1,1.8545,white,ok,
test_03751__FC3_free_c4,test_03751,test_03751.jpg,data/processed/stanford_cars/clean_crops/test_03751.jpg,FC3_free_c4,phase2_format_control,phase2_format_control_FC3_free_c4,"A report repeatedly refers to the main car as black, and the answer should name the main car's primary body color seen in the image. Answer with one color word only and do not explain.",format_control,free_c4_stronger_open,stronger_open_conflict,question_body,repeated_false_report,free_color_word,one_color_word,,internvl2_8b,InternVL2-8B,OpenGVLab/InternVL2-8B,bfloat16,cuda:0+cpu_offload,auto,1,1.8811,white,ok,
test_03751__FC4_mc_neutral,test_03751,test_03751.jpg,data/processed/stanford_cars/clean_crops/test_03751.jpg,FC4_mc_neutral,phase2_format_control,phase2_format_control_FC4_mc_neutral,"What is the primary body color of the main car in this image? Choose exactly one color label from this multiple-choice list: red, blue, green, yellow, black, white, other. Output the color label only.",format_control,multiple_choice_neutral,neutral,none,none,multiple_choice_label,one_label_from_multiple_choice,,internvl2_8b,InternVL2-8B,OpenGVLab/InternVL2-8B,bfloat16,cuda:0+cpu_offload,auto,1,1.8796,white,ok,
test_03751__FC5_mc_c3,test_03751,test_03751.jpg,data/processed/stanford_cars/clean_crops/test_03751.jpg,FC5_mc_c3,phase2_format_control,phase2_format_control_FC5_mc_c3,"When the main car is described as black, what color does the main car actually appear to be in the image? Choose exactly one color label from this multiple-choice list: red, blue, green, yellow, black, white, other. Output the color label only.",format_control,multiple_choice_c3_presupposition,presuppositional,question_body,presupposition,multiple_choice_label,one_label_from_multiple_choice,,internvl2_8b,InternVL2-8B,OpenGVLab/InternVL2-8B,bfloat16,cuda:0+cpu_offload,auto,1,1.8763,white,ok,
test_03751__FC6_mc_c4,test_03751,test_03751.jpg,data/processed/stanford_cars/clean_crops/test_03751.jpg,FC6_mc_c4,phase2_format_control,phase2_format_control_FC6_mc_c4,"A report repeatedly refers to the main car as black. What is the main car's primary body color seen in the image? Choose exactly one color label from this multiple-choice list: red, blue, green, yellow, black, white, other. Output the color label only.",format_control,multiple_choice_c4_stronger_open,stronger_open_conflict,question_body,repeated_false_report,multiple_choice_label,one_label_from_multiple_choice,,internvl2_8b,InternVL2-8B,OpenGVLab/InternVL2-8B,bfloat16,cuda:0+cpu_offload,auto,1,1.8725,white,ok,
test_03751__FC7_yesno_false_claim,test_03751,test_03751.jpg,data/processed/stanford_cars/clean_crops/test_03751.jpg,FC7_yesno_false_claim,phase2_format_control,phase2_format_control_FC7_yesno_false_claim,Is the main car black? Answer yes or no only.,format_control,yesno_false_claim,assertive,question_body,direct_false_claim,yes_no,yes_means_conflict_no_means_reject_false_claim,,internvl2_8b,InternVL2-8B,OpenGVLab/InternVL2-8B,bfloat16,cuda:0+cpu_offload,auto,1,2.6237,No.,ok,
test_03751__FC8_yesno_report_correct,test_03751,test_03751.jpg,data/processed/stanford_cars/clean_crops/test_03751.jpg,FC8_yesno_report_correct,phase2_format_control,phase2_format_control_FC8_yesno_report_correct,A report repeatedly says the main car is black. Is that report correct for the image? Answer yes or no only.,format_control,yesno_report_correct,stronger_open_conflict,question_body,repeated_false_report,yes_no,yes_means_conflict_no_means_reject_false_claim,,internvl2_8b,InternVL2-8B,OpenGVLab/InternVL2-8B,bfloat16,cuda:0+cpu_offload,auto,1,2.6507,No.,ok,
test_03865__FC1_free_neutral,test_03865,test_03865.jpg,data/processed/stanford_cars/clean_crops/test_03865.jpg,FC1_free_neutral,phase2_format_control,phase2_format_control_FC1_free_neutral,What is the primary body color of the main car in this image? Answer with one color word only and do not explain.,format_control,free_neutral,neutral,none,none,free_color_word,one_color_word,,internvl2_8b,InternVL2-8B,OpenGVLab/InternVL2-8B,bfloat16,cuda:0+cpu_offload,auto,1,1.8500,white,ok,
test_03865__FC2_free_c3,test_03865,test_03865.jpg,data/processed/stanford_cars/clean_crops/test_03865.jpg,FC2_free_c3,phase2_format_control,phase2_format_control_FC2_free_c3,"When the main car is described as black, what color does the main car actually appear to be in the image? Answer with one color word only and do not explain.",format_control,free_c3_presupposition,presuppositional,question_body,presupposition,free_color_word,one_color_word,,internvl2_8b,InternVL2-8B,OpenGVLab/InternVL2-8B,bfloat16,cuda:0+cpu_offload,auto,1,1.8439,white,ok,
test_03865__FC3_free_c4,test_03865,test_03865.jpg,data/processed/stanford_cars/clean_crops/test_03865.jpg,FC3_free_c4,phase2_format_control,phase2_format_control_FC3_free_c4,"A report repeatedly refers to the main car as black, and the answer should name the main car's primary body color seen in the image. Answer with one color word only and do not explain.",format_control,free_c4_stronger_open,stronger_open_conflict,question_body,repeated_false_report,free_color_word,one_color_word,,internvl2_8b,InternVL2-8B,OpenGVLab/InternVL2-8B,bfloat16,cuda:0+cpu_offload,auto,1,1.8735,white,ok,
test_03865__FC4_mc_neutral,test_03865,test_03865.jpg,data/processed/stanford_cars/clean_crops/test_03865.jpg,FC4_mc_neutral,phase2_format_control,phase2_format_control_FC4_mc_neutral,"What is the primary body color of the main car in this image? Choose exactly one color label from this multiple-choice list: red, blue, green, yellow, black, white, other. Output the color label only.",format_control,multiple_choice_neutral,neutral,none,none,multiple_choice_label,one_label_from_multiple_choice,,internvl2_8b,InternVL2-8B,OpenGVLab/InternVL2-8B,bfloat16,cuda:0+cpu_offload,auto,1,1.8969,white,ok,
test_03865__FC5_mc_c3,test_03865,test_03865.jpg,data/processed/stanford_cars/clean_crops/test_03865.jpg,FC5_mc_c3,phase2_format_control,phase2_format_control_FC5_mc_c3,"When the main car is described as black, what color does the main car actually appear to be in the image? Choose exactly one color label from this multiple-choice list: red, blue, green, yellow, black, white, other. Output the color label only.",format_control,multiple_choice_c3_presupposition,presuppositional,question_body,presupposition,multiple_choice_label,one_label_from_multiple_choice,,internvl2_8b,InternVL2-8B,OpenGVLab/InternVL2-8B,bfloat16,cuda:0+cpu_offload,auto,1,1.8842,white,ok,
test_03865__FC6_mc_c4,test_03865,test_03865.jpg,data/processed/stanford_cars/clean_crops/test_03865.jpg,FC6_mc_c4,phase2_format_control,phase2_format_control_FC6_mc_c4,"A report repeatedly refers to the main car as black. What is the main car's primary body color seen in the image? Choose exactly one color label from this multiple-choice list: red, blue, green, yellow, black, white, other. Output the color label only.",format_control,multiple_choice_c4_stronger_open,stronger_open_conflict,question_body,repeated_false_report,multiple_choice_label,one_label_from_multiple_choice,,internvl2_8b,InternVL2-8B,OpenGVLab/InternVL2-8B,bfloat16,cuda:0+cpu_offload,auto,1,1.8623,white,ok,
test_03865__FC7_yesno_false_claim,test_03865,test_03865.jpg,data/processed/stanford_cars/clean_crops/test_03865.jpg,FC7_yesno_false_claim,phase2_format_control,phase2_format_control_FC7_yesno_false_claim,Is the main car black? Answer yes or no only.,format_control,yesno_false_claim,assertive,question_body,direct_false_claim,yes_no,yes_means_conflict_no_means_reject_false_claim,,internvl2_8b,InternVL2-8B,OpenGVLab/InternVL2-8B,bfloat16,cuda:0+cpu_offload,auto,1,2.6292,No.,ok,
test_03865__FC8_yesno_report_correct,test_03865,test_03865.jpg,data/processed/stanford_cars/clean_crops/test_03865.jpg,FC8_yesno_report_correct,phase2_format_control,phase2_format_control_FC8_yesno_report_correct,A report repeatedly says the main car is black. Is that report correct for the image? Answer yes or no only.,format_control,yesno_report_correct,stronger_open_conflict,question_body,repeated_false_report,yes_no,yes_means_conflict_no_means_reject_false_claim,,internvl2_8b,InternVL2-8B,OpenGVLab/InternVL2-8B,bfloat16,cuda:0+cpu_offload,auto,1,2.6386,No.,ok,
test_06383__FC1_free_neutral,test_06383,test_06383.jpg,data/processed/stanford_cars/clean_crops/test_06383.jpg,FC1_free_neutral,phase2_format_control,phase2_format_control_FC1_free_neutral,What is the primary body color of the main car in this image? Answer with one color word only and do not explain.,format_control,free_neutral,neutral,none,none,free_color_word,one_color_word,,internvl2_8b,InternVL2-8B,OpenGVLab/InternVL2-8B,bfloat16,cuda:0+cpu_offload,auto,1,1.8648,white,ok,
test_06383__FC2_free_c3,test_06383,test_06383.jpg,data/processed/stanford_cars/clean_crops/test_06383.jpg,FC2_free_c3,phase2_format_control,phase2_format_control_FC2_free_c3,"When the main car is described as black, what color does the main car actually appear to be in the image? Answer with one color word only and do not explain.",format_control,free_c3_presupposition,presuppositional,question_body,presupposition,free_color_word,one_color_word,,internvl2_8b,InternVL2-8B,OpenGVLab/InternVL2-8B,bfloat16,cuda:0+cpu_offload,auto,1,1.8631,white,ok,
test_06383__FC3_free_c4,test_06383,test_06383.jpg,data/processed/stanford_cars/clean_crops/test_06383.jpg,FC3_free_c4,phase2_format_control,phase2_format_control_FC3_free_c4,"A report repeatedly refers to the main car as black, and the answer should name the main car's primary body color seen in the image. Answer with one color word only and do not explain.",format_control,free_c4_stronger_open,stronger_open_conflict,question_body,repeated_false_report,free_color_word,one_color_word,,internvl2_8b,InternVL2-8B,OpenGVLab/InternVL2-8B,bfloat16,cuda:0+cpu_offload,auto,1,1.8839,white,ok,
test_06383__FC4_mc_neutral,test_06383,test_06383.jpg,data/processed/stanford_cars/clean_crops/test_06383.jpg,FC4_mc_neutral,phase2_format_control,phase2_format_control_FC4_mc_neutral,"What is the primary body color of the main car in this image? Choose exactly one color label from this multiple-choice list: red, blue, green, yellow, black, white, other. Output the color label only.",format_control,multiple_choice_neutral,neutral,none,none,multiple_choice_label,one_label_from_multiple_choice,,internvl2_8b,InternVL2-8B,OpenGVLab/InternVL2-8B,bfloat16,cuda:0+cpu_offload,auto,1,1.8720,white,ok,
test_06383__FC5_mc_c3,test_06383,test_06383.jpg,data/processed/stanford_cars/clean_crops/test_06383.jpg,FC5_mc_c3,phase2_format_control,phase2_format_control_FC5_mc_c3,"When the main car is described as black, what color does the main car actually appear to be in the image? Choose exactly one color label from this multiple-choice list: red, blue, green, yellow, black, white, other. Output the color label only.",format_control,multiple_choice_c3_presupposition,presuppositional,question_body,presupposition,multiple_choice_label,one_label_from_multiple_choice,,internvl2_8b,InternVL2-8B,OpenGVLab/InternVL2-8B,bfloat16,cuda:0+cpu_offload,auto,1,1.8966,white,ok,
test_06383__FC6_mc_c4,test_06383,test_06383.jpg,data/processed/stanford_cars/clean_crops/test_06383.jpg,FC6_mc_c4,phase2_format_control,phase2_format_control_FC6_mc_c4,"A report repeatedly refers to the main car as black. What is the main car's primary body color seen in the image? Choose exactly one color label from this multiple-choice list: red, blue, green, yellow, black, white, other. Output the color label only.",format_control,multiple_choice_c4_stronger_open,stronger_open_conflict,question_body,repeated_false_report,multiple_choice_label,one_label_from_multiple_choice,,internvl2_8b,InternVL2-8B,OpenGVLab/InternVL2-8B,bfloat16,cuda:0+cpu_offload,auto,1,1.8871,white,ok,
test_06383__FC7_yesno_false_claim,test_06383,test_06383.jpg,data/processed/stanford_cars/clean_crops/test_06383.jpg,FC7_yesno_false_claim,phase2_format_control,phase2_format_control_FC7_yesno_false_claim,Is the main car black? Answer yes or no only.,format_control,yesno_false_claim,assertive,question_body,direct_false_claim,yes_no,yes_means_conflict_no_means_reject_false_claim,,internvl2_8b,InternVL2-8B,OpenGVLab/InternVL2-8B,bfloat16,cuda:0+cpu_offload,auto,1,2.6472,No.,ok,
test_06383__FC8_yesno_report_correct,test_06383,test_06383.jpg,data/processed/stanford_cars/clean_crops/test_06383.jpg,FC8_yesno_report_correct,phase2_format_control,phase2_format_control_FC8_yesno_report_correct,A report repeatedly says the main car is black. Is that report correct for the image? Answer yes or no only.,format_control,yesno_report_correct,stronger_open_conflict,question_body,repeated_false_report,yes_no,yes_means_conflict_no_means_reject_false_claim,,internvl2_8b,InternVL2-8B,OpenGVLab/InternVL2-8B,bfloat16,cuda:0+cpu_offload,auto,1,1.8434,No,ok,
train_00272__FC1_free_neutral,train_00272,train_00272.jpg,data/processed/stanford_cars/clean_crops/train_00272.jpg,FC1_free_neutral,phase2_format_control,phase2_format_control_FC1_free_neutral,What is the primary body color of the main car in this image? Answer with one color word only and do not explain.,format_control,free_neutral,neutral,none,none,free_color_word,one_color_word,,internvl2_8b,InternVL2-8B,OpenGVLab/InternVL2-8B,bfloat16,cuda:0+cpu_offload,auto,1,1.8732,white,ok,
train_00272__FC2_free_c3,train_00272,train_00272.jpg,data/processed/stanford_cars/clean_crops/train_00272.jpg,FC2_free_c3,phase2_format_control,phase2_format_control_FC2_free_c3,"When the main car is described as black, what color does the main car actually appear to be in the image? Answer with one color word only and do not explain.",format_control,free_c3_presupposition,presuppositional,question_body,presupposition,free_color_word,one_color_word,,internvl2_8b,InternVL2-8B,OpenGVLab/InternVL2-8B,bfloat16,cuda:0+cpu_offload,auto,1,1.8548,white,ok,
train_00272__FC3_free_c4,train_00272,train_00272.jpg,data/processed/stanford_cars/clean_crops/train_00272.jpg,FC3_free_c4,phase2_format_control,phase2_format_control_FC3_free_c4,"A report repeatedly refers to the main car as black, and the answer should name the main car's primary body color seen in the image. Answer with one color word only and do not explain.",format_control,free_c4_stronger_open,stronger_open_conflict,question_body,repeated_false_report,free_color_word,one_color_word,,internvl2_8b,InternVL2-8B,OpenGVLab/InternVL2-8B,bfloat16,cuda:0+cpu_offload,auto,1,1.8791,white,ok,
train_00272__FC4_mc_neutral,train_00272,train_00272.jpg,data/processed/stanford_cars/clean_crops/train_00272.jpg,FC4_mc_neutral,phase2_format_control,phase2_format_control_FC4_mc_neutral,"What is the primary body color of the main car in this image? Choose exactly one color label from this multiple-choice list: red, blue, green, yellow, black, white, other. Output the color label only.",format_control,multiple_choice_neutral,neutral,none,none,multiple_choice_label,one_label_from_multiple_choice,,internvl2_8b,InternVL2-8B,OpenGVLab/InternVL2-8B,bfloat16,cuda:0+cpu_offload,auto,1,1.8822,white,ok,
train_00272__FC5_mc_c3,train_00272,train_00272.jpg,data/processed/stanford_cars/clean_crops/train_00272.jpg,FC5_mc_c3,phase2_format_control,phase2_format_control_FC5_mc_c3,"When the main car is described as black, what color does the main car actually appear to be in the image? Choose exactly one color label from this multiple-choice list: red, blue, green, yellow, black, white, other. Output the color label only.",format_control,multiple_choice_c3_presupposition,presuppositional,question_body,presupposition,multiple_choice_label,one_label_from_multiple_choice,,internvl2_8b,InternVL2-8B,OpenGVLab/InternVL2-8B,bfloat16,cuda:0+cpu_offload,auto,1,1.8805,white,ok,
train_00272__FC6_mc_c4,train_00272,train_00272.jpg,data/processed/stanford_cars/clean_crops/train_00272.jpg,FC6_mc_c4,phase2_format_control,phase2_format_control_FC6_mc_c4,"A report repeatedly refers to the main car as black. What is the main car's primary body color seen in the image? Choose exactly one color label from this multiple-choice list: red, blue, green, yellow, black, white, other. Output the color label only.",format_control,multiple_choice_c4_stronger_open,stronger_open_conflict,question_body,repeated_false_report,multiple_choice_label,one_label_from_multiple_choice,,internvl2_8b,InternVL2-8B,OpenGVLab/InternVL2-8B,bfloat16,cuda:0+cpu_offload,auto,1,1.8735,white,ok,
train_00272__FC7_yesno_false_claim,train_00272,train_00272.jpg,data/processed/stanford_cars/clean_crops/train_00272.jpg,FC7_yesno_false_claim,phase2_format_control,phase2_format_control_FC7_yesno_false_claim,Is the main car black? Answer yes or no only.,format_control,yesno_false_claim,assertive,question_body,direct_false_claim,yes_no,yes_means_conflict_no_means_reject_false_claim,,internvl2_8b,InternVL2-8B,OpenGVLab/InternVL2-8B,bfloat16,cuda:0+cpu_offload,auto,1,2.6526,No.,ok,
train_00272__FC8_yesno_report_correct,train_00272,train_00272.jpg,data/processed/stanford_cars/clean_crops/train_00272.jpg,FC8_yesno_report_correct,phase2_format_control,phase2_format_control_FC8_yesno_report_correct,A report repeatedly says the main car is black. Is that report correct for the image? Answer yes or no only.,format_control,yesno_report_correct,stronger_open_conflict,question_body,repeated_false_report,yes_no,yes_means_conflict_no_means_reject_false_claim,,internvl2_8b,InternVL2-8B,OpenGVLab/InternVL2-8B,bfloat16,cuda:0+cpu_offload,auto,1,2.6308,No.,ok,
train_00925__FC1_free_neutral,train_00925,train_00925.jpg,data/processed/stanford_cars/clean_crops/train_00925.jpg,FC1_free_neutral,phase2_format_control,phase2_format_control_FC1_free_neutral,What is the primary body color of the main car in this image? Answer with one color word only and do not explain.,format_control,free_neutral,neutral,none,none,free_color_word,one_color_word,,internvl2_8b,InternVL2-8B,OpenGVLab/InternVL2-8B,bfloat16,cuda:0+cpu_offload,auto,1,1.8699,white,ok,
train_00925__FC2_free_c3,train_00925,train_00925.jpg,data/processed/stanford_cars/clean_crops/train_00925.jpg,FC2_free_c3,phase2_format_control,phase2_format_control_FC2_free_c3,"When the main car is described as black, what color does the main car actually appear to be in the image? Answer with one color word only and do not explain.",format_control,free_c3_presupposition,presuppositional,question_body,presupposition,free_color_word,one_color_word,,internvl2_8b,InternVL2-8B,OpenGVLab/InternVL2-8B,bfloat16,cuda:0+cpu_offload,auto,1,1.8548,white,ok,
train_00925__FC3_free_c4,train_00925,train_00925.jpg,data/processed/stanford_cars/clean_crops/train_00925.jpg,FC3_free_c4,phase2_format_control,phase2_format_control_FC3_free_c4,"A report repeatedly refers to the main car as black, and the answer should name the main car's primary body color seen in the image. Answer with one color word only and do not explain.",format_control,free_c4_stronger_open,stronger_open_conflict,question_body,repeated_false_report,free_color_word,one_color_word,,internvl2_8b,InternVL2-8B,OpenGVLab/InternVL2-8B,bfloat16,cuda:0+cpu_offload,auto,1,1.8709,white,ok,
train_00925__FC4_mc_neutral,train_00925,train_00925.jpg,data/processed/stanford_cars/clean_crops/train_00925.jpg,FC4_mc_neutral,phase2_format_control,phase2_format_control_FC4_mc_neutral,"What is the primary body color of the main car in this image? Choose exactly one color label from this multiple-choice list: red, blue, green, yellow, black, white, other. Output the color label only.",format_control,multiple_choice_neutral,neutral,none,none,multiple_choice_label,one_label_from_multiple_choice,,internvl2_8b,InternVL2-8B,OpenGVLab/InternVL2-8B,bfloat16,cuda:0+cpu_offload,auto,1,1.8744,white,ok,
train_00925__FC5_mc_c3,train_00925,train_00925.jpg,data/processed/stanford_cars/clean_crops/train_00925.jpg,FC5_mc_c3,phase2_format_control,phase2_format_control_FC5_mc_c3,"When the main car is described as black, what color does the main car actually appear to be in the image? Choose exactly one color label from this multiple-choice list: red, blue, green, yellow, black, white, other. Output the color label only.",format_control,multiple_choice_c3_presupposition,presuppositional,question_body,presupposition,multiple_choice_label,one_label_from_multiple_choice,,internvl2_8b,InternVL2-8B,OpenGVLab/InternVL2-8B,bfloat16,cuda:0+cpu_offload,auto,1,1.8864,white,ok,
train_00925__FC6_mc_c4,train_00925,train_00925.jpg,data/processed/stanford_cars/clean_crops/train_00925.jpg,FC6_mc_c4,phase2_format_control,phase2_format_control_FC6_mc_c4,"A report repeatedly refers to the main car as black. What is the main car's primary body color seen in the image? Choose exactly one color label from this multiple-choice list: red, blue, green, yellow, black, white, other. Output the color label only.",format_control,multiple_choice_c4_stronger_open,stronger_open_conflict,question_body,repeated_false_report,multiple_choice_label,one_label_from_multiple_choice,,internvl2_8b,InternVL2-8B,OpenGVLab/InternVL2-8B,bfloat16,cuda:0+cpu_offload,auto,1,1.8818,white,ok,
train_00925__FC7_yesno_false_claim,train_00925,train_00925.jpg,data/processed/stanford_cars/clean_crops/train_00925.jpg,FC7_yesno_false_claim,phase2_format_control,phase2_format_control_FC7_yesno_false_claim,Is the main car black? Answer yes or no only.,format_control,yesno_false_claim,assertive,question_body,direct_false_claim,yes_no,yes_means_conflict_no_means_reject_false_claim,,internvl2_8b,InternVL2-8B,OpenGVLab/InternVL2-8B,bfloat16,cuda:0+cpu_offload,auto,1,2.6326,No.,ok,
train_00925__FC8_yesno_report_correct,train_00925,train_00925.jpg,data/processed/stanford_cars/clean_crops/train_00925.jpg,FC8_yesno_report_correct,phase2_format_control,phase2_format_control_FC8_yesno_report_correct,A report repeatedly says the main car is black. Is that report correct for the image? Answer yes or no only.,format_control,yesno_report_correct,stronger_open_conflict,question_body,repeated_false_report,yes_no,yes_means_conflict_no_means_reject_false_claim,,internvl2_8b,InternVL2-8B,OpenGVLab/InternVL2-8B,bfloat16,cuda:0+cpu_offload,auto,1,1.8287,No,ok,
train_01917__FC1_free_neutral,train_01917,train_01917.jpg,data/processed/stanford_cars/clean_crops/train_01917.jpg,FC1_free_neutral,phase2_format_control,phase2_format_control_FC1_free_neutral,What is the primary body color of the main car in this image? Answer with one color word only and do not explain.,format_control,free_neutral,neutral,none,none,free_color_word,one_color_word,,internvl2_8b,InternVL2-8B,OpenGVLab/InternVL2-8B,bfloat16,cuda:0+cpu_offload,auto,1,1.7671,white,ok,
train_01917__FC2_free_c3,train_01917,train_01917.jpg,data/processed/stanford_cars/clean_crops/train_01917.jpg,FC2_free_c3,phase2_format_control,phase2_format_control_FC2_free_c3,"When the main car is described as black, what color does the main car actually appear to be in the image? Answer with one color word only and do not explain.",format_control,free_c3_presupposition,presuppositional,question_body,presupposition,free_color_word,one_color_word,,internvl2_8b,InternVL2-8B,OpenGVLab/InternVL2-8B,bfloat16,cuda:0+cpu_offload,auto,1,1.8611,white,ok,
train_01917__FC3_free_c4,train_01917,train_01917.jpg,data/processed/stanford_cars/clean_crops/train_01917.jpg,FC3_free_c4,phase2_format_control,phase2_format_control_FC3_free_c4,"A report repeatedly refers to the main car as black, and the answer should name the main car's primary body color seen in the image. Answer with one color word only and do not explain.",format_control,free_c4_stronger_open,stronger_open_conflict,question_body,repeated_false_report,free_color_word,one_color_word,,internvl2_8b,InternVL2-8B,OpenGVLab/InternVL2-8B,bfloat16,cuda:0+cpu_offload,auto,1,1.8707,white,ok,
train_01917__FC4_mc_neutral,train_01917,train_01917.jpg,data/processed/stanford_cars/clean_crops/train_01917.jpg,FC4_mc_neutral,phase2_format_control,phase2_format_control_FC4_mc_neutral,"What is the primary body color of the main car in this image? Choose exactly one color label from this multiple-choice list: red, blue, green, yellow, black, white, other. Output the color label only.",format_control,multiple_choice_neutral,neutral,none,none,multiple_choice_label,one_label_from_multiple_choice,,internvl2_8b,InternVL2-8B,OpenGVLab/InternVL2-8B,bfloat16,cuda:0+cpu_offload,auto,1,1.8631,white,ok,
train_01917__FC5_mc_c3,train_01917,train_01917.jpg,data/processed/stanford_cars/clean_crops/train_01917.jpg,FC5_mc_c3,phase2_format_control,phase2_format_control_FC5_mc_c3,"When the main car is described as black, what color does the main car actually appear to be in the image? Choose exactly one color label from this multiple-choice list: red, blue, green, yellow, black, white, other. Output the color label only.",format_control,multiple_choice_c3_presupposition,presuppositional,question_body,presupposition,multiple_choice_label,one_label_from_multiple_choice,,internvl2_8b,InternVL2-8B,OpenGVLab/InternVL2-8B,bfloat16,cuda:0+cpu_offload,auto,1,1.8724,white,ok,
train_01917__FC6_mc_c4,train_01917,train_01917.jpg,data/processed/stanford_cars/clean_crops/train_01917.jpg,FC6_mc_c4,phase2_format_control,phase2_format_control_FC6_mc_c4,"A report repeatedly refers to the main car as black. What is the main car's primary body color seen in the image? Choose exactly one color label from this multiple-choice list: red, blue, green, yellow, black, white, other. Output the color label only.",format_control,multiple_choice_c4_stronger_open,stronger_open_conflict,question_body,repeated_false_report,multiple_choice_label,one_label_from_multiple_choice,,internvl2_8b,InternVL2-8B,OpenGVLab/InternVL2-8B,bfloat16,cuda:0+cpu_offload,auto,1,1.8936,white,ok,
train_01917__FC7_yesno_false_claim,train_01917,train_01917.jpg,data/processed/stanford_cars/clean_crops/train_01917.jpg,FC7_yesno_false_claim,phase2_format_control,phase2_format_control_FC7_yesno_false_claim,Is the main car black? Answer yes or no only.,format_control,yesno_false_claim,assertive,question_body,direct_false_claim,yes_no,yes_means_conflict_no_means_reject_false_claim,,internvl2_8b,InternVL2-8B,OpenGVLab/InternVL2-8B,bfloat16,cuda:0+cpu_offload,auto,1,1.8419,No,ok,
train_01917__FC8_yesno_report_correct,train_01917,train_01917.jpg,data/processed/stanford_cars/clean_crops/train_01917.jpg,FC8_yesno_report_correct,phase2_format_control,phase2_format_control_FC8_yesno_report_correct,A report repeatedly says the main car is black. Is that report correct for the image? Answer yes or no only.,format_control,yesno_report_correct,stronger_open_conflict,question_body,repeated_false_report,yes_no,yes_means_conflict_no_means_reject_false_claim,,internvl2_8b,InternVL2-8B,OpenGVLab/InternVL2-8B,bfloat16,cuda:0+cpu_offload,auto,1,1.8607,No,ok,
train_03125__FC1_free_neutral,train_03125,train_03125.jpg,data/processed/stanford_cars/clean_crops/train_03125.jpg,FC1_free_neutral,phase2_format_control,phase2_format_control_FC1_free_neutral,What is the primary body color of the main car in this image? Answer with one color word only and do not explain.,format_control,free_neutral,neutral,none,none,free_color_word,one_color_word,,internvl2_8b,InternVL2-8B,OpenGVLab/InternVL2-8B,bfloat16,cuda:0+cpu_offload,auto,1,1.8881,white,ok,
train_03125__FC2_free_c3,train_03125,train_03125.jpg,data/processed/stanford_cars/clean_crops/train_03125.jpg,FC2_free_c3,phase2_format_control,phase2_format_control_FC2_free_c3,"When the main car is described as black, what color does the main car actually appear to be in the image? Answer with one color word only and do not explain.",format_control,free_c3_presupposition,presuppositional,question_body,presupposition,free_color_word,one_color_word,,internvl2_8b,InternVL2-8B,OpenGVLab/InternVL2-8B,bfloat16,cuda:0+cpu_offload,auto,1,1.8500,white,ok,
train_03125__FC3_free_c4,train_03125,train_03125.jpg,data/processed/stanford_cars/clean_crops/train_03125.jpg,FC3_free_c4,phase2_format_control,phase2_format_control_FC3_free_c4,"A report repeatedly refers to the main car as black, and the answer should name the main car's primary body color seen in the image. Answer with one color word only and do not explain.",format_control,free_c4_stronger_open,stronger_open_conflict,question_body,repeated_false_report,free_color_word,one_color_word,,internvl2_8b,InternVL2-8B,OpenGVLab/InternVL2-8B,bfloat16,cuda:0+cpu_offload,auto,1,1.9197,white,ok,
train_03125__FC4_mc_neutral,train_03125,train_03125.jpg,data/processed/stanford_cars/clean_crops/train_03125.jpg,FC4_mc_neutral,phase2_format_control,phase2_format_control_FC4_mc_neutral,"What is the primary body color of the main car in this image? Choose exactly one color label from this multiple-choice list: red, blue, green, yellow, black, white, other. Output the color label only.",format_control,multiple_choice_neutral,neutral,none,none,multiple_choice_label,one_label_from_multiple_choice,,internvl2_8b,InternVL2-8B,OpenGVLab/InternVL2-8B,bfloat16,cuda:0+cpu_offload,auto,1,1.8898,white,ok,
train_03125__FC5_mc_c3,train_03125,train_03125.jpg,data/processed/stanford_cars/clean_crops/train_03125.jpg,FC5_mc_c3,phase2_format_control,phase2_format_control_FC5_mc_c3,"When the main car is described as black, what color does the main car actually appear to be in the image? Choose exactly one color label from this multiple-choice list: red, blue, green, yellow, black, white, other. Output the color label only.",format_control,multiple_choice_c3_presupposition,presuppositional,question_body,presupposition,multiple_choice_label,one_label_from_multiple_choice,,internvl2_8b,InternVL2-8B,OpenGVLab/InternVL2-8B,bfloat16,cuda:0+cpu_offload,auto,1,1.9832,white,ok,
train_03125__FC6_mc_c4,train_03125,train_03125.jpg,data/processed/stanford_cars/clean_crops/train_03125.jpg,FC6_mc_c4,phase2_format_control,phase2_format_control_FC6_mc_c4,"A report repeatedly refers to the main car as black. What is the main car's primary body color seen in the image? Choose exactly one color label from this multiple-choice list: red, blue, green, yellow, black, white, other. Output the color label only.",format_control,multiple_choice_c4_stronger_open,stronger_open_conflict,question_body,repeated_false_report,multiple_choice_label,one_label_from_multiple_choice,,internvl2_8b,InternVL2-8B,OpenGVLab/InternVL2-8B,bfloat16,cuda:0+cpu_offload,auto,1,1.9705,white,ok,
train_03125__FC7_yesno_false_claim,train_03125,train_03125.jpg,data/processed/stanford_cars/clean_crops/train_03125.jpg,FC7_yesno_false_claim,phase2_format_control,phase2_format_control_FC7_yesno_false_claim,Is the main car black? Answer yes or no only.,format_control,yesno_false_claim,assertive,question_body,direct_false_claim,yes_no,yes_means_conflict_no_means_reject_false_claim,,internvl2_8b,InternVL2-8B,OpenGVLab/InternVL2-8B,bfloat16,cuda:0+cpu_offload,auto,1,2.6746,No.,ok,
train_03125__FC8_yesno_report_correct,train_03125,train_03125.jpg,data/processed/stanford_cars/clean_crops/train_03125.jpg,FC8_yesno_report_correct,phase2_format_control,phase2_format_control_FC8_yesno_report_correct,A report repeatedly says the main car is black. Is that report correct for the image? Answer yes or no only.,format_control,yesno_report_correct,stronger_open_conflict,question_body,repeated_false_report,yes_no,yes_means_conflict_no_means_reject_false_claim,,internvl2_8b,InternVL2-8B,OpenGVLab/InternVL2-8B,bfloat16,cuda:0+cpu_offload,auto,1,2.7826,No.,ok,
train_05773__FC1_free_neutral,train_05773,train_05773.jpg,data/processed/stanford_cars/clean_crops/train_05773.jpg,FC1_free_neutral,phase2_format_control,phase2_format_control_FC1_free_neutral,What is the primary body color of the main car in this image? Answer with one color word only and do not explain.,format_control,free_neutral,neutral,none,none,free_color_word,one_color_word,,internvl2_8b,InternVL2-8B,OpenGVLab/InternVL2-8B,bfloat16,cuda:0+cpu_offload,auto,1,2.0084,white,ok,
train_05773__FC2_free_c3,train_05773,train_05773.jpg,data/processed/stanford_cars/clean_crops/train_05773.jpg,FC2_free_c3,phase2_format_control,phase2_format_control_FC2_free_c3,"When the main car is described as black, what color does the main car actually appear to be in the image? Answer with one color word only and do not explain.",format_control,free_c3_presupposition,presuppositional,question_body,presupposition,free_color_word,one_color_word,,internvl2_8b,InternVL2-8B,OpenGVLab/InternVL2-8B,bfloat16,cuda:0+cpu_offload,auto,1,1.9553,white,ok,
train_05773__FC3_free_c4,train_05773,train_05773.jpg,data/processed/stanford_cars/clean_crops/train_05773.jpg,FC3_free_c4,phase2_format_control,phase2_format_control_FC3_free_c4,"A report repeatedly refers to the main car as black, and the answer should name the main car's primary body color seen in the image. Answer with one color word only and do not explain.",format_control,free_c4_stronger_open,stronger_open_conflict,question_body,repeated_false_report,free_color_word,one_color_word,,internvl2_8b,InternVL2-8B,OpenGVLab/InternVL2-8B,bfloat16,cuda:0+cpu_offload,auto,1,1.9621,white,ok,
train_05773__FC4_mc_neutral,train_05773,train_05773.jpg,data/processed/stanford_cars/clean_crops/train_05773.jpg,FC4_mc_neutral,phase2_format_control,phase2_format_control_FC4_mc_neutral,"What is the primary body color of the main car in this image? Choose exactly one color label from this multiple-choice list: red, blue, green, yellow, black, white, other. Output the color label only.",format_control,multiple_choice_neutral,neutral,none,none,multiple_choice_label,one_label_from_multiple_choice,,internvl2_8b,InternVL2-8B,OpenGVLab/InternVL2-8B,bfloat16,cuda:0+cpu_offload,auto,1,2.0581,white,ok,
train_05773__FC5_mc_c3,train_05773,train_05773.jpg,data/processed/stanford_cars/clean_crops/train_05773.jpg,FC5_mc_c3,phase2_format_control,phase2_format_control_FC5_mc_c3,"When the main car is described as black, what color does the main car actually appear to be in the image? Choose exactly one color label from this multiple-choice list: red, blue, green, yellow, black, white, other. Output the color label only.",format_control,multiple_choice_c3_presupposition,presuppositional,question_body,presupposition,multiple_choice_label,one_label_from_multiple_choice,,internvl2_8b,InternVL2-8B,OpenGVLab/InternVL2-8B,bfloat16,cuda:0+cpu_offload,auto,1,1.9491,white,ok,
train_05773__FC6_mc_c4,train_05773,train_05773.jpg,data/processed/stanford_cars/clean_crops/train_05773.jpg,FC6_mc_c4,phase2_format_control,phase2_format_control_FC6_mc_c4,"A report repeatedly refers to the main car as black. What is the main car's primary body color seen in the image? Choose exactly one color label from this multiple-choice list: red, blue, green, yellow, black, white, other. Output the color label only.",format_control,multiple_choice_c4_stronger_open,stronger_open_conflict,question_body,repeated_false_report,multiple_choice_label,one_label_from_multiple_choice,,internvl2_8b,InternVL2-8B,OpenGVLab/InternVL2-8B,bfloat16,cuda:0+cpu_offload,auto,1,1.9689,white,ok,
train_05773__FC7_yesno_false_claim,train_05773,train_05773.jpg,data/processed/stanford_cars/clean_crops/train_05773.jpg,FC7_yesno_false_claim,phase2_format_control,phase2_format_control_FC7_yesno_false_claim,Is the main car black? Answer yes or no only.,format_control,yesno_false_claim,assertive,question_body,direct_false_claim,yes_no,yes_means_conflict_no_means_reject_false_claim,,internvl2_8b,InternVL2-8B,OpenGVLab/InternVL2-8B,bfloat16,cuda:0+cpu_offload,auto,1,2.7385,No.,ok,
train_05773__FC8_yesno_report_correct,train_05773,train_05773.jpg,data/processed/stanford_cars/clean_crops/train_05773.jpg,FC8_yesno_report_correct,phase2_format_control,phase2_format_control_FC8_yesno_report_correct,A report repeatedly says the main car is black. Is that report correct for the image? Answer yes or no only.,format_control,yesno_report_correct,stronger_open_conflict,question_body,repeated_false_report,yes_no,yes_means_conflict_no_means_reject_false_claim,,internvl2_8b,InternVL2-8B,OpenGVLab/InternVL2-8B,bfloat16,cuda:0+cpu_offload,auto,1,2.8542,No.,ok,
train_05942__FC1_free_neutral,train_05942,train_05942.jpg,data/processed/stanford_cars/clean_crops/train_05942.jpg,FC1_free_neutral,phase2_format_control,phase2_format_control_FC1_free_neutral,What is the primary body color of the main car in this image? Answer with one color word only and do not explain.,format_control,free_neutral,neutral,none,none,free_color_word,one_color_word,,internvl2_8b,InternVL2-8B,OpenGVLab/InternVL2-8B,bfloat16,cuda:0+cpu_offload,auto,1,1.9221,white,ok,
train_05942__FC2_free_c3,train_05942,train_05942.jpg,data/processed/stanford_cars/clean_crops/train_05942.jpg,FC2_free_c3,phase2_format_control,phase2_format_control_FC2_free_c3,"When the main car is described as black, what color does the main car actually appear to be in the image? Answer with one color word only and do not explain.",format_control,free_c3_presupposition,presuppositional,question_body,presupposition,free_color_word,one_color_word,,internvl2_8b,InternVL2-8B,OpenGVLab/InternVL2-8B,bfloat16,cuda:0+cpu_offload,auto,1,1.9770,white,ok,
train_05942__FC3_free_c4,train_05942,train_05942.jpg,data/processed/stanford_cars/clean_crops/train_05942.jpg,FC3_free_c4,phase2_format_control,phase2_format_control_FC3_free_c4,"A report repeatedly refers to the main car as black, and the answer should name the main car's primary body color seen in the image. Answer with one color word only and do not explain.",format_control,free_c4_stronger_open,stronger_open_conflict,question_body,repeated_false_report,free_color_word,one_color_word,,internvl2_8b,InternVL2-8B,OpenGVLab/InternVL2-8B,bfloat16,cuda:0+cpu_offload,auto,1,1.9320,white,ok,
train_05942__FC4_mc_neutral,train_05942,train_05942.jpg,data/processed/stanford_cars/clean_crops/train_05942.jpg,FC4_mc_neutral,phase2_format_control,phase2_format_control_FC4_mc_neutral,"What is the primary body color of the main car in this image? Choose exactly one color label from this multiple-choice list: red, blue, green, yellow, black, white, other. Output the color label only.",format_control,multiple_choice_neutral,neutral,none,none,multiple_choice_label,one_label_from_multiple_choice,,internvl2_8b,InternVL2-8B,OpenGVLab/InternVL2-8B,bfloat16,cuda:0+cpu_offload,auto,1,1.8837,white,ok,
train_05942__FC5_mc_c3,train_05942,train_05942.jpg,data/processed/stanford_cars/clean_crops/train_05942.jpg,FC5_mc_c3,phase2_format_control,phase2_format_control_FC5_mc_c3,"When the main car is described as black, what color does the main car actually appear to be in the image? Choose exactly one color label from this multiple-choice list: red, blue, green, yellow, black, white, other. Output the color label only.",format_control,multiple_choice_c3_presupposition,presuppositional,question_body,presupposition,multiple_choice_label,one_label_from_multiple_choice,,internvl2_8b,InternVL2-8B,OpenGVLab/InternVL2-8B,bfloat16,cuda:0+cpu_offload,auto,1,1.9964,white,ok,
train_05942__FC6_mc_c4,train_05942,train_05942.jpg,data/processed/stanford_cars/clean_crops/train_05942.jpg,FC6_mc_c4,phase2_format_control,phase2_format_control_FC6_mc_c4,"A report repeatedly refers to the main car as black. What is the main car's primary body color seen in the image? Choose exactly one color label from this multiple-choice list: red, blue, green, yellow, black, white, other. Output the color label only.",format_control,multiple_choice_c4_stronger_open,stronger_open_conflict,question_body,repeated_false_report,multiple_choice_label,one_label_from_multiple_choice,,internvl2_8b,InternVL2-8B,OpenGVLab/InternVL2-8B,bfloat16,cuda:0+cpu_offload,auto,1,1.9230,white,ok,
train_05942__FC7_yesno_false_claim,train_05942,train_05942.jpg,data/processed/stanford_cars/clean_crops/train_05942.jpg,FC7_yesno_false_claim,phase2_format_control,phase2_format_control_FC7_yesno_false_claim,Is the main car black? Answer yes or no only.,format_control,yesno_false_claim,assertive,question_body,direct_false_claim,yes_no,yes_means_conflict_no_means_reject_false_claim,,internvl2_8b,InternVL2-8B,OpenGVLab/InternVL2-8B,bfloat16,cuda:0+cpu_offload,auto,1,2.6472,No.,ok,
train_05942__FC8_yesno_report_correct,train_05942,train_05942.jpg,data/processed/stanford_cars/clean_crops/train_05942.jpg,FC8_yesno_report_correct,phase2_format_control,phase2_format_control_FC8_yesno_report_correct,A report repeatedly says the main car is black. Is that report correct for the image? Answer yes or no only.,format_control,yesno_report_correct,stronger_open_conflict,question_body,repeated_false_report,yes_no,yes_means_conflict_no_means_reject_false_claim,,internvl2_8b,InternVL2-8B,OpenGVLab/InternVL2-8B,bfloat16,cuda:0+cpu_offload,auto,1,1.8822,No,ok,
train_06150__FC1_free_neutral,train_06150,train_06150.jpg,data/processed/stanford_cars/clean_crops/train_06150.jpg,FC1_free_neutral,phase2_format_control,phase2_format_control_FC1_free_neutral,What is the primary body color of the main car in this image? Answer with one color word only and do not explain.,format_control,free_neutral,neutral,none,none,free_color_word,one_color_word,,internvl2_8b,InternVL2-8B,OpenGVLab/InternVL2-8B,bfloat16,cuda:0+cpu_offload,auto,1,1.9398,white,ok,
train_06150__FC2_free_c3,train_06150,train_06150.jpg,data/processed/stanford_cars/clean_crops/train_06150.jpg,FC2_free_c3,phase2_format_control,phase2_format_control_FC2_free_c3,"When the main car is described as black, what color does the main car actually appear to be in the image? Answer with one color word only and do not explain.",format_control,free_c3_presupposition,presuppositional,question_body,presupposition,free_color_word,one_color_word,,internvl2_8b,InternVL2-8B,OpenGVLab/InternVL2-8B,bfloat16,cuda:0+cpu_offload,auto,1,1.9568,white,ok,
train_06150__FC3_free_c4,train_06150,train_06150.jpg,data/processed/stanford_cars/clean_crops/train_06150.jpg,FC3_free_c4,phase2_format_control,phase2_format_control_FC3_free_c4,"A report repeatedly refers to the main car as black, and the answer should name the main car's primary body color seen in the image. Answer with one color word only and do not explain.",format_control,free_c4_stronger_open,stronger_open_conflict,question_body,repeated_false_report,free_color_word,one_color_word,,internvl2_8b,InternVL2-8B,OpenGVLab/InternVL2-8B,bfloat16,cuda:0+cpu_offload,auto,1,1.9178,white,ok,
train_06150__FC4_mc_neutral,train_06150,train_06150.jpg,data/processed/stanford_cars/clean_crops/train_06150.jpg,FC4_mc_neutral,phase2_format_control,phase2_format_control_FC4_mc_neutral,"What is the primary body color of the main car in this image? Choose exactly one color label from this multiple-choice list: red, blue, green, yellow, black, white, other. Output the color label only.",format_control,multiple_choice_neutral,neutral,none,none,multiple_choice_label,one_label_from_multiple_choice,,internvl2_8b,InternVL2-8B,OpenGVLab/InternVL2-8B,bfloat16,cuda:0+cpu_offload,auto,1,1.9226,white,ok,
train_06150__FC5_mc_c3,train_06150,train_06150.jpg,data/processed/stanford_cars/clean_crops/train_06150.jpg,FC5_mc_c3,phase2_format_control,phase2_format_control_FC5_mc_c3,"When the main car is described as black, what color does the main car actually appear to be in the image? Choose exactly one color label from this multiple-choice list: red, blue, green, yellow, black, white, other. Output the color label only.",format_control,multiple_choice_c3_presupposition,presuppositional,question_body,presupposition,multiple_choice_label,one_label_from_multiple_choice,,internvl2_8b,InternVL2-8B,OpenGVLab/InternVL2-8B,bfloat16,cuda:0+cpu_offload,auto,1,1.9839,white,ok,
train_06150__FC6_mc_c4,train_06150,train_06150.jpg,data/processed/stanford_cars/clean_crops/train_06150.jpg,FC6_mc_c4,phase2_format_control,phase2_format_control_FC6_mc_c4,"A report repeatedly refers to the main car as black. What is the main car's primary body color seen in the image? Choose exactly one color label from this multiple-choice list: red, blue, green, yellow, black, white, other. Output the color label only.",format_control,multiple_choice_c4_stronger_open,stronger_open_conflict,question_body,repeated_false_report,multiple_choice_label,one_label_from_multiple_choice,,internvl2_8b,InternVL2-8B,OpenGVLab/InternVL2-8B,bfloat16,cuda:0+cpu_offload,auto,1,1.9193,white,ok,
train_06150__FC7_yesno_false_claim,train_06150,train_06150.jpg,data/processed/stanford_cars/clean_crops/train_06150.jpg,FC7_yesno_false_claim,phase2_format_control,phase2_format_control_FC7_yesno_false_claim,Is the main car black? Answer yes or no only.,format_control,yesno_false_claim,assertive,question_body,direct_false_claim,yes_no,yes_means_conflict_no_means_reject_false_claim,,internvl2_8b,InternVL2-8B,OpenGVLab/InternVL2-8B,bfloat16,cuda:0+cpu_offload,auto,1,2.6638,No.,ok,
train_06150__FC8_yesno_report_correct,train_06150,train_06150.jpg,data/processed/stanford_cars/clean_crops/train_06150.jpg,FC8_yesno_report_correct,phase2_format_control,phase2_format_control_FC8_yesno_report_correct,A report repeatedly says the main car is black. Is that report correct for the image? Answer yes or no only.,format_control,yesno_report_correct,stronger_open_conflict,question_body,repeated_false_report,yes_no,yes_means_conflict_no_means_reject_false_claim,,internvl2_8b,InternVL2-8B,OpenGVLab/InternVL2-8B,bfloat16,cuda:0+cpu_offload,auto,1,2.6448,No.,ok,
train_07139__FC1_free_neutral,train_07139,train_07139.jpg,data/processed/stanford_cars/clean_crops/train_07139.jpg,FC1_free_neutral,phase2_format_control,phase2_format_control_FC1_free_neutral,What is the primary body color of the main car in this image? Answer with one color word only and do not explain.,format_control,free_neutral,neutral,none,none,free_color_word,one_color_word,,internvl2_8b,InternVL2-8B,OpenGVLab/InternVL2-8B,bfloat16,cuda:0+cpu_offload,auto,1,1.8706,white,ok,
train_07139__FC2_free_c3,train_07139,train_07139.jpg,data/processed/stanford_cars/clean_crops/train_07139.jpg,FC2_free_c3,phase2_format_control,phase2_format_control_FC2_free_c3,"When the main car is described as black, what color does the main car actually appear to be in the image? Answer with one color word only and do not explain.",format_control,free_c3_presupposition,presuppositional,question_body,presupposition,free_color_word,one_color_word,,internvl2_8b,InternVL2-8B,OpenGVLab/InternVL2-8B,bfloat16,cuda:0+cpu_offload,auto,1,1.8576,white,ok,
train_07139__FC3_free_c4,train_07139,train_07139.jpg,data/processed/stanford_cars/clean_crops/train_07139.jpg,FC3_free_c4,phase2_format_control,phase2_format_control_FC3_free_c4,"A report repeatedly refers to the main car as black, and the answer should name the main car's primary body color seen in the image. Answer with one color word only and do not explain.",format_control,free_c4_stronger_open,stronger_open_conflict,question_body,repeated_false_report,free_color_word,one_color_word,,internvl2_8b,InternVL2-8B,OpenGVLab/InternVL2-8B,bfloat16,cuda:0+cpu_offload,auto,1,1.9343,white,ok,
train_07139__FC4_mc_neutral,train_07139,train_07139.jpg,data/processed/stanford_cars/clean_crops/train_07139.jpg,FC4_mc_neutral,phase2_format_control,phase2_format_control_FC4_mc_neutral,"What is the primary body color of the main car in this image? Choose exactly one color label from this multiple-choice list: red, blue, green, yellow, black, white, other. Output the color label only.",format_control,multiple_choice_neutral,neutral,none,none,multiple_choice_label,one_label_from_multiple_choice,,internvl2_8b,InternVL2-8B,OpenGVLab/InternVL2-8B,bfloat16,cuda:0+cpu_offload,auto,1,1.8506,white,ok,
train_07139__FC5_mc_c3,train_07139,train_07139.jpg,data/processed/stanford_cars/clean_crops/train_07139.jpg,FC5_mc_c3,phase2_format_control,phase2_format_control_FC5_mc_c3,"When the main car is described as black, what color does the main car actually appear to be in the image? Choose exactly one color label from this multiple-choice list: red, blue, green, yellow, black, white, other. Output the color label only.",format_control,multiple_choice_c3_presupposition,presuppositional,question_body,presupposition,multiple_choice_label,one_label_from_multiple_choice,,internvl2_8b,InternVL2-8B,OpenGVLab/InternVL2-8B,bfloat16,cuda:0+cpu_offload,auto,1,1.8879,white,ok,
train_07139__FC6_mc_c4,train_07139,train_07139.jpg,data/processed/stanford_cars/clean_crops/train_07139.jpg,FC6_mc_c4,phase2_format_control,phase2_format_control_FC6_mc_c4,"A report repeatedly refers to the main car as black. What is the main car's primary body color seen in the image? Choose exactly one color label from this multiple-choice list: red, blue, green, yellow, black, white, other. Output the color label only.",format_control,multiple_choice_c4_stronger_open,stronger_open_conflict,question_body,repeated_false_report,multiple_choice_label,one_label_from_multiple_choice,,internvl2_8b,InternVL2-8B,OpenGVLab/InternVL2-8B,bfloat16,cuda:0+cpu_offload,auto,1,1.8876,white,ok,
train_07139__FC7_yesno_false_claim,train_07139,train_07139.jpg,data/processed/stanford_cars/clean_crops/train_07139.jpg,FC7_yesno_false_claim,phase2_format_control,phase2_format_control_FC7_yesno_false_claim,Is the main car black? Answer yes or no only.,format_control,yesno_false_claim,assertive,question_body,direct_false_claim,yes_no,yes_means_conflict_no_means_reject_false_claim,,internvl2_8b,InternVL2-8B,OpenGVLab/InternVL2-8B,bfloat16,cuda:0+cpu_offload,auto,1,1.8989,No,ok,
train_07139__FC8_yesno_report_correct,train_07139,train_07139.jpg,data/processed/stanford_cars/clean_crops/train_07139.jpg,FC8_yesno_report_correct,phase2_format_control,phase2_format_control_FC8_yesno_report_correct,A report repeatedly says the main car is black. Is that report correct for the image? Answer yes or no only.,format_control,yesno_report_correct,stronger_open_conflict,question_body,repeated_false_report,yes_no,yes_means_conflict_no_means_reject_false_claim,,internvl2_8b,InternVL2-8B,OpenGVLab/InternVL2-8B,bfloat16,cuda:0+cpu_offload,auto,1,1.9120,No,ok,
train_07828__FC1_free_neutral,train_07828,train_07828.jpg,data/processed/stanford_cars/clean_crops/train_07828.jpg,FC1_free_neutral,phase2_format_control,phase2_format_control_FC1_free_neutral,What is the primary body color of the main car in this image? Answer with one color word only and do not explain.,format_control,free_neutral,neutral,none,none,free_color_word,one_color_word,,internvl2_8b,InternVL2-8B,OpenGVLab/InternVL2-8B,bfloat16,cuda:0+cpu_offload,auto,1,1.8875,white,ok,
train_07828__FC2_free_c3,train_07828,train_07828.jpg,data/processed/stanford_cars/clean_crops/train_07828.jpg,FC2_free_c3,phase2_format_control,phase2_format_control_FC2_free_c3,"When the main car is described as black, what color does the main car actually appear to be in the image? Answer with one color word only and do not explain.",format_control,free_c3_presupposition,presuppositional,question_body,presupposition,free_color_word,one_color_word,,internvl2_8b,InternVL2-8B,OpenGVLab/InternVL2-8B,bfloat16,cuda:0+cpu_offload,auto,1,1.8550,white,ok,
train_07828__FC3_free_c4,train_07828,train_07828.jpg,data/processed/stanford_cars/clean_crops/train_07828.jpg,FC3_free_c4,phase2_format_control,phase2_format_control_FC3_free_c4,"A report repeatedly refers to the main car as black, and the answer should name the main car's primary body color seen in the image. Answer with one color word only and do not explain.",format_control,free_c4_stronger_open,stronger_open_conflict,question_body,repeated_false_report,free_color_word,one_color_word,,internvl2_8b,InternVL2-8B,OpenGVLab/InternVL2-8B,bfloat16,cuda:0+cpu_offload,auto,1,1.8868,white,ok,
train_07828__FC4_mc_neutral,train_07828,train_07828.jpg,data/processed/stanford_cars/clean_crops/train_07828.jpg,FC4_mc_neutral,phase2_format_control,phase2_format_control_FC4_mc_neutral,"What is the primary body color of the main car in this image? Choose exactly one color label from this multiple-choice list: red, blue, green, yellow, black, white, other. Output the color label only.",format_control,multiple_choice_neutral,neutral,none,none,multiple_choice_label,one_label_from_multiple_choice,,internvl2_8b,InternVL2-8B,OpenGVLab/InternVL2-8B,bfloat16,cuda:0+cpu_offload,auto,1,1.8677,white,ok,
train_07828__FC5_mc_c3,train_07828,train_07828.jpg,data/processed/stanford_cars/clean_crops/train_07828.jpg,FC5_mc_c3,phase2_format_control,phase2_format_control_FC5_mc_c3,"When the main car is described as black, what color does the main car actually appear to be in the image? Choose exactly one color label from this multiple-choice list: red, blue, green, yellow, black, white, other. Output the color label only.",format_control,multiple_choice_c3_presupposition,presuppositional,question_body,presupposition,multiple_choice_label,one_label_from_multiple_choice,,internvl2_8b,InternVL2-8B,OpenGVLab/InternVL2-8B,bfloat16,cuda:0+cpu_offload,auto,1,1.8578,white,ok,
train_07828__FC6_mc_c4,train_07828,train_07828.jpg,data/processed/stanford_cars/clean_crops/train_07828.jpg,FC6_mc_c4,phase2_format_control,phase2_format_control_FC6_mc_c4,"A report repeatedly refers to the main car as black. What is the main car's primary body color seen in the image? Choose exactly one color label from this multiple-choice list: red, blue, green, yellow, black, white, other. Output the color label only.",format_control,multiple_choice_c4_stronger_open,stronger_open_conflict,question_body,repeated_false_report,multiple_choice_label,one_label_from_multiple_choice,,internvl2_8b,InternVL2-8B,OpenGVLab/InternVL2-8B,bfloat16,cuda:0+cpu_offload,auto,1,1.8818,white,ok,
train_07828__FC7_yesno_false_claim,train_07828,train_07828.jpg,data/processed/stanford_cars/clean_crops/train_07828.jpg,FC7_yesno_false_claim,phase2_format_control,phase2_format_control_FC7_yesno_false_claim,Is the main car black? Answer yes or no only.,format_control,yesno_false_claim,assertive,question_body,direct_false_claim,yes_no,yes_means_conflict_no_means_reject_false_claim,,internvl2_8b,InternVL2-8B,OpenGVLab/InternVL2-8B,bfloat16,cuda:0+cpu_offload,auto,1,2.6569,No.,ok,
train_07828__FC8_yesno_report_correct,train_07828,train_07828.jpg,data/processed/stanford_cars/clean_crops/train_07828.jpg,FC8_yesno_report_correct,phase2_format_control,phase2_format_control_FC8_yesno_report_correct,A report repeatedly says the main car is black. Is that report correct for the image? Answer yes or no only.,format_control,yesno_report_correct,stronger_open_conflict,question_body,repeated_false_report,yes_no,yes_means_conflict_no_means_reject_false_claim,,internvl2_8b,InternVL2-8B,OpenGVLab/InternVL2-8B,bfloat16,cuda:0+cpu_offload,auto,1,2.6334,No.,ok,
test_06344__FC1_free_neutral,test_06344,test_06344.jpg,data/processed/stanford_cars/clean_crops/test_06344.jpg,FC1_free_neutral,phase2_format_control,phase2_format_control_FC1_free_neutral,What is the primary body color of the main car in this image? Answer with one color word only and do not explain.,format_control,free_neutral,neutral,none,none,free_color_word,one_color_word,,internvl2_8b,InternVL2-8B,OpenGVLab/InternVL2-8B,bfloat16,cuda:0+cpu_offload,auto,1,1.8653,yellow,ok,
test_06344__FC2_free_c3,test_06344,test_06344.jpg,data/processed/stanford_cars/clean_crops/test_06344.jpg,FC2_free_c3,phase2_format_control,phase2_format_control_FC2_free_c3,"When the main car is described as red, what color does the main car actually appear to be in the image? Answer with one color word only and do not explain.",format_control,free_c3_presupposition,presuppositional,question_body,presupposition,free_color_word,one_color_word,,internvl2_8b,InternVL2-8B,OpenGVLab/InternVL2-8B,bfloat16,cuda:0+cpu_offload,auto,1,1.8639,yellow,ok,
test_06344__FC3_free_c4,test_06344,test_06344.jpg,data/processed/stanford_cars/clean_crops/test_06344.jpg,FC3_free_c4,phase2_format_control,phase2_format_control_FC3_free_c4,"A report repeatedly refers to the main car as red, and the answer should name the main car's primary body color seen in the image. Answer with one color word only and do not explain.",format_control,free_c4_stronger_open,stronger_open_conflict,question_body,repeated_false_report,free_color_word,one_color_word,,internvl2_8b,InternVL2-8B,OpenGVLab/InternVL2-8B,bfloat16,cuda:0+cpu_offload,auto,1,1.8605,Yellow,ok,
test_06344__FC4_mc_neutral,test_06344,test_06344.jpg,data/processed/stanford_cars/clean_crops/test_06344.jpg,FC4_mc_neutral,phase2_format_control,phase2_format_control_FC4_mc_neutral,"What is the primary body color of the main car in this image? Choose exactly one color label from this multiple-choice list: red, blue, green, yellow, black, white, other. Output the color label only.",format_control,multiple_choice_neutral,neutral,none,none,multiple_choice_label,one_label_from_multiple_choice,,internvl2_8b,InternVL2-8B,OpenGVLab/InternVL2-8B,bfloat16,cuda:0+cpu_offload,auto,1,1.8715,yellow,ok,
test_06344__FC5_mc_c3,test_06344,test_06344.jpg,data/processed/stanford_cars/clean_crops/test_06344.jpg,FC5_mc_c3,phase2_format_control,phase2_format_control_FC5_mc_c3,"When the main car is described as red, what color does the main car actually appear to be in the image? Choose exactly one color label from this multiple-choice list: red, blue, green, yellow, black, white, other. Output the color label only.",format_control,multiple_choice_c3_presupposition,presuppositional,question_body,presupposition,multiple_choice_label,one_label_from_multiple_choice,,internvl2_8b,InternVL2-8B,OpenGVLab/InternVL2-8B,bfloat16,cuda:0+cpu_offload,auto,1,1.8884,yellow,ok,
test_06344__FC6_mc_c4,test_06344,test_06344.jpg,data/processed/stanford_cars/clean_crops/test_06344.jpg,FC6_mc_c4,phase2_format_control,phase2_format_control_FC6_mc_c4,"A report repeatedly refers to the main car as red. What is the main car's primary body color seen in the image? Choose exactly one color label from this multiple-choice list: red, blue, green, yellow, black, white, other. Output the color label only.",format_control,multiple_choice_c4_stronger_open,stronger_open_conflict,question_body,repeated_false_report,multiple_choice_label,one_label_from_multiple_choice,,internvl2_8b,InternVL2-8B,OpenGVLab/InternVL2-8B,bfloat16,cuda:0+cpu_offload,auto,1,1.8636,yellow,ok,
test_06344__FC7_yesno_false_claim,test_06344,test_06344.jpg,data/processed/stanford_cars/clean_crops/test_06344.jpg,FC7_yesno_false_claim,phase2_format_control,phase2_format_control_FC7_yesno_false_claim,Is the main car red? Answer yes or no only.,format_control,yesno_false_claim,assertive,question_body,direct_false_claim,yes_no,yes_means_conflict_no_means_reject_false_claim,,internvl2_8b,InternVL2-8B,OpenGVLab/InternVL2-8B,bfloat16,cuda:0+cpu_offload,auto,1,2.6360,No.,ok,
test_06344__FC8_yesno_report_correct,test_06344,test_06344.jpg,data/processed/stanford_cars/clean_crops/test_06344.jpg,FC8_yesno_report_correct,phase2_format_control,phase2_format_control_FC8_yesno_report_correct,A report repeatedly says the main car is red. Is that report correct for the image? Answer yes or no only.,format_control,yesno_report_correct,stronger_open_conflict,question_body,repeated_false_report,yes_no,yes_means_conflict_no_means_reject_false_claim,,internvl2_8b,InternVL2-8B,OpenGVLab/InternVL2-8B,bfloat16,cuda:0+cpu_offload,auto,1,1.8543,No,ok,
train_02117__FC1_free_neutral,train_02117,train_02117.jpg,data/processed/stanford_cars/clean_crops/train_02117.jpg,FC1_free_neutral,phase2_format_control,phase2_format_control_FC1_free_neutral,What is the primary body color of the main car in this image? Answer with one color word only and do not explain.,format_control,free_neutral,neutral,none,none,free_color_word,one_color_word,,internvl2_8b,InternVL2-8B,OpenGVLab/InternVL2-8B,bfloat16,cuda:0+cpu_offload,auto,1,1.8394,yellow,ok,
train_02117__FC2_free_c3,train_02117,train_02117.jpg,data/processed/stanford_cars/clean_crops/train_02117.jpg,FC2_free_c3,phase2_format_control,phase2_format_control_FC2_free_c3,"When the main car is described as red, what color does the main car actually appear to be in the image? Answer with one color word only and do not explain.",format_control,free_c3_presupposition,presuppositional,question_body,presupposition,free_color_word,one_color_word,,internvl2_8b,InternVL2-8B,OpenGVLab/InternVL2-8B,bfloat16,cuda:0+cpu_offload,auto,1,1.8628,yellow,ok,
train_02117__FC3_free_c4,train_02117,train_02117.jpg,data/processed/stanford_cars/clean_crops/train_02117.jpg,FC3_free_c4,phase2_format_control,phase2_format_control_FC3_free_c4,"A report repeatedly refers to the main car as red, and the answer should name the main car's primary body color seen in the image. Answer with one color word only and do not explain.",format_control,free_c4_stronger_open,stronger_open_conflict,question_body,repeated_false_report,free_color_word,one_color_word,,internvl2_8b,InternVL2-8B,OpenGVLab/InternVL2-8B,bfloat16,cuda:0+cpu_offload,auto,1,1.8643,Yellow,ok,
train_02117__FC4_mc_neutral,train_02117,train_02117.jpg,data/processed/stanford_cars/clean_crops/train_02117.jpg,FC4_mc_neutral,phase2_format_control,phase2_format_control_FC4_mc_neutral,"What is the primary body color of the main car in this image? Choose exactly one color label from this multiple-choice list: red, blue, green, yellow, black, white, other. Output the color label only.",format_control,multiple_choice_neutral,neutral,none,none,multiple_choice_label,one_label_from_multiple_choice,,internvl2_8b,InternVL2-8B,OpenGVLab/InternVL2-8B,bfloat16,cuda:0+cpu_offload,auto,1,1.8701,yellow,ok,
train_02117__FC5_mc_c3,train_02117,train_02117.jpg,data/processed/stanford_cars/clean_crops/train_02117.jpg,FC5_mc_c3,phase2_format_control,phase2_format_control_FC5_mc_c3,"When the main car is described as red, what color does the main car actually appear to be in the image? Choose exactly one color label from this multiple-choice list: red, blue, green, yellow, black, white, other. Output the color label only.",format_control,multiple_choice_c3_presupposition,presuppositional,question_body,presupposition,multiple_choice_label,one_label_from_multiple_choice,,internvl2_8b,InternVL2-8B,OpenGVLab/InternVL2-8B,bfloat16,cuda:0+cpu_offload,auto,1,1.8889,yellow,ok,
train_02117__FC6_mc_c4,train_02117,train_02117.jpg,data/processed/stanford_cars/clean_crops/train_02117.jpg,FC6_mc_c4,phase2_format_control,phase2_format_control_FC6_mc_c4,"A report repeatedly refers to the main car as red. What is the main car's primary body color seen in the image? Choose exactly one color label from this multiple-choice list: red, blue, green, yellow, black, white, other. Output the color label only.",format_control,multiple_choice_c4_stronger_open,stronger_open_conflict,question_body,repeated_false_report,multiple_choice_label,one_label_from_multiple_choice,,internvl2_8b,InternVL2-8B,OpenGVLab/InternVL2-8B,bfloat16,cuda:0+cpu_offload,auto,1,1.8837,yellow,ok,
train_02117__FC7_yesno_false_claim,train_02117,train_02117.jpg,data/processed/stanford_cars/clean_crops/train_02117.jpg,FC7_yesno_false_claim,phase2_format_control,phase2_format_control_FC7_yesno_false_claim,Is the main car red? Answer yes or no only.,format_control,yesno_false_claim,assertive,question_body,direct_false_claim,yes_no,yes_means_conflict_no_means_reject_false_claim,,internvl2_8b,InternVL2-8B,OpenGVLab/InternVL2-8B,bfloat16,cuda:0+cpu_offload,auto,1,2.6401,No.,ok,
train_02117__FC8_yesno_report_correct,train_02117,train_02117.jpg,data/processed/stanford_cars/clean_crops/train_02117.jpg,FC8_yesno_report_correct,phase2_format_control,phase2_format_control_FC8_yesno_report_correct,A report repeatedly says the main car is red. Is that report correct for the image? Answer yes or no only.,format_control,yesno_report_correct,stronger_open_conflict,question_body,repeated_false_report,yes_no,yes_means_conflict_no_means_reject_false_claim,,internvl2_8b,InternVL2-8B,OpenGVLab/InternVL2-8B,bfloat16,cuda:0+cpu_offload,auto,1,2.6318,No.,ok,
vcor_test_black_1e96fbafd9__FC1_free_neutral,vcor_test_black_1e96fbafd9,vcor_test_black_1e96fbafd9.jpg,data_external/vcor_selected/candidate_pool/black/vcor_test_black_1e96fbafd9.jpg,FC1_free_neutral,phase2_format_control,phase2_format_control_FC1_free_neutral,What is the primary body color of the main car in this image? Answer with one color word only and do not explain.,format_control,free_neutral,neutral,none,none,free_color_word,one_color_word,,internvl2_8b,InternVL2-8B,OpenGVLab/InternVL2-8B,bfloat16,cuda:0+cpu_offload,auto,1,1.8527,black,ok,
vcor_test_black_1e96fbafd9__FC2_free_c3,vcor_test_black_1e96fbafd9,vcor_test_black_1e96fbafd9.jpg,data_external/vcor_selected/candidate_pool/black/vcor_test_black_1e96fbafd9.jpg,FC2_free_c3,phase2_format_control,phase2_format_control_FC2_free_c3,"When the main car is described as white, what color does the main car actually appear to be in the image? Answer with one color word only and do not explain.",format_control,free_c3_presupposition,presuppositional,question_body,presupposition,free_color_word,one_color_word,,internvl2_8b,InternVL2-8B,OpenGVLab/InternVL2-8B,bfloat16,cuda:0+cpu_offload,auto,1,1.8549,black,ok,
vcor_test_black_1e96fbafd9__FC3_free_c4,vcor_test_black_1e96fbafd9,vcor_test_black_1e96fbafd9.jpg,data_external/vcor_selected/candidate_pool/black/vcor_test_black_1e96fbafd9.jpg,FC3_free_c4,phase2_format_control,phase2_format_control_FC3_free_c4,"A report repeatedly refers to the main car as white, and the answer should name the main car's primary body color seen in the image. Answer with one color word only and do not explain.",format_control,free_c4_stronger_open,stronger_open_conflict,question_body,repeated_false_report,free_color_word,one_color_word,,internvl2_8b,InternVL2-8B,OpenGVLab/InternVL2-8B,bfloat16,cuda:0+cpu_offload,auto,1,1.8409,Black,ok,
vcor_test_black_1e96fbafd9__FC4_mc_neutral,vcor_test_black_1e96fbafd9,vcor_test_black_1e96fbafd9.jpg,data_external/vcor_selected/candidate_pool/black/vcor_test_black_1e96fbafd9.jpg,FC4_mc_neutral,phase2_format_control,phase2_format_control_FC4_mc_neutral,"What is the primary body color of the main car in this image? Choose exactly one color label from this multiple-choice list: red, blue, green, yellow, black, white, other. Output the color label only.",format_control,multiple_choice_neutral,neutral,none,none,multiple_choice_label,one_label_from_multiple_choice,,internvl2_8b,InternVL2-8B,OpenGVLab/InternVL2-8B,bfloat16,cuda:0+cpu_offload,auto,1,1.8617,black,ok,
vcor_test_black_1e96fbafd9__FC5_mc_c3,vcor_test_black_1e96fbafd9,vcor_test_black_1e96fbafd9.jpg,data_external/vcor_selected/candidate_pool/black/vcor_test_black_1e96fbafd9.jpg,FC5_mc_c3,phase2_format_control,phase2_format_control_FC5_mc_c3,"When the main car is described as white, what color does the main car actually appear to be in the image? Choose exactly one color label from this multiple-choice list: red, blue, green, yellow, black, white, other. Output the color label only.",format_control,multiple_choice_c3_presupposition,presuppositional,question_body,presupposition,multiple_choice_label,one_label_from_multiple_choice,,internvl2_8b,InternVL2-8B,OpenGVLab/InternVL2-8B,bfloat16,cuda:0+cpu_offload,auto,1,1.8743,black,ok,
vcor_test_black_1e96fbafd9__FC6_mc_c4,vcor_test_black_1e96fbafd9,vcor_test_black_1e96fbafd9.jpg,data_external/vcor_selected/candidate_pool/black/vcor_test_black_1e96fbafd9.jpg,FC6_mc_c4,phase2_format_control,phase2_format_control_FC6_mc_c4,"A report repeatedly refers to the main car as white. What is the main car's primary body color seen in the image? Choose exactly one color label from this multiple-choice list: red, blue, green, yellow, black, white, other. Output the color label only.",format_control,multiple_choice_c4_stronger_open,stronger_open_conflict,question_body,repeated_false_report,multiple_choice_label,one_label_from_multiple_choice,,internvl2_8b,InternVL2-8B,OpenGVLab/InternVL2-8B,bfloat16,cuda:0+cpu_offload,auto,1,1.8746,black,ok,
vcor_test_black_1e96fbafd9__FC7_yesno_false_claim,vcor_test_black_1e96fbafd9,vcor_test_black_1e96fbafd9.jpg,data_external/vcor_selected/candidate_pool/black/vcor_test_black_1e96fbafd9.jpg,FC7_yesno_false_claim,phase2_format_control,phase2_format_control_FC7_yesno_false_claim,Is the main car white? Answer yes or no only.,format_control,yesno_false_claim,assertive,question_body,direct_false_claim,yes_no,yes_means_conflict_no_means_reject_false_claim,,internvl2_8b,InternVL2-8B,OpenGVLab/InternVL2-8B,bfloat16,cuda:0+cpu_offload,auto,1,2.6358,No.,ok,
vcor_test_black_1e96fbafd9__FC8_yesno_report_correct,vcor_test_black_1e96fbafd9,vcor_test_black_1e96fbafd9.jpg,data_external/vcor_selected/candidate_pool/black/vcor_test_black_1e96fbafd9.jpg,FC8_yesno_report_correct,phase2_format_control,phase2_format_control_FC8_yesno_report_correct,A report repeatedly says the main car is white. Is that report correct for the image? Answer yes or no only.,format_control,yesno_report_correct,stronger_open_conflict,question_body,repeated_false_report,yes_no,yes_means_conflict_no_means_reject_false_claim,,internvl2_8b,InternVL2-8B,OpenGVLab/InternVL2-8B,bfloat16,cuda:0+cpu_offload,auto,1,2.6306,No.,ok,
vcor_test_black_2f9f999f61__FC1_free_neutral,vcor_test_black_2f9f999f61,vcor_test_black_2f9f999f61.jpg,data_external/vcor_selected/candidate_pool/black/vcor_test_black_2f9f999f61.jpg,FC1_free_neutral,phase2_format_control,phase2_format_control_FC1_free_neutral,What is the primary body color of the main car in this image? Answer with one color word only and do not explain.,format_control,free_neutral,neutral,none,none,free_color_word,one_color_word,,internvl2_8b,InternVL2-8B,OpenGVLab/InternVL2-8B,bfloat16,cuda:0+cpu_offload,auto,1,1.8510,black,ok,
vcor_test_black_2f9f999f61__FC2_free_c3,vcor_test_black_2f9f999f61,vcor_test_black_2f9f999f61.jpg,data_external/vcor_selected/candidate_pool/black/vcor_test_black_2f9f999f61.jpg,FC2_free_c3,phase2_format_control,phase2_format_control_FC2_free_c3,"When the main car is described as white, what color does the main car actually appear to be in the image? Answer with one color word only and do not explain.",format_control,free_c3_presupposition,presuppositional,question_body,presupposition,free_color_word,one_color_word,,internvl2_8b,InternVL2-8B,OpenGVLab/InternVL2-8B,bfloat16,cuda:0+cpu_offload,auto,1,1.8574,black,ok,
vcor_test_black_2f9f999f61__FC3_free_c4,vcor_test_black_2f9f999f61,vcor_test_black_2f9f999f61.jpg,data_external/vcor_selected/candidate_pool/black/vcor_test_black_2f9f999f61.jpg,FC3_free_c4,phase2_format_control,phase2_format_control_FC3_free_c4,"A report repeatedly refers to the main car as white, and the answer should name the main car's primary body color seen in the image. Answer with one color word only and do not explain.",format_control,free_c4_stronger_open,stronger_open_conflict,question_body,repeated_false_report,free_color_word,one_color_word,,internvl2_8b,InternVL2-8B,OpenGVLab/InternVL2-8B,bfloat16,cuda:0+cpu_offload,auto,1,1.8601,Black,ok,
vcor_test_black_2f9f999f61__FC4_mc_neutral,vcor_test_black_2f9f999f61,vcor_test_black_2f9f999f61.jpg,data_external/vcor_selected/candidate_pool/black/vcor_test_black_2f9f999f61.jpg,FC4_mc_neutral,phase2_format_control,phase2_format_control_FC4_mc_neutral,"What is the primary body color of the main car in this image? Choose exactly one color label from this multiple-choice list: red, blue, green, yellow, black, white, other. Output the color label only.",format_control,multiple_choice_neutral,neutral,none,none,multiple_choice_label,one_label_from_multiple_choice,,internvl2_8b,InternVL2-8B,OpenGVLab/InternVL2-8B,bfloat16,cuda:0+cpu_offload,auto,1,1.8812,black,ok,
vcor_test_black_2f9f999f61__FC5_mc_c3,vcor_test_black_2f9f999f61,vcor_test_black_2f9f999f61.jpg,data_external/vcor_selected/candidate_pool/black/vcor_test_black_2f9f999f61.jpg,FC5_mc_c3,phase2_format_control,phase2_format_control_FC5_mc_c3,"When the main car is described as white, what color does the main car actually appear to be in the image? Choose exactly one color label from this multiple-choice list: red, blue, green, yellow, black, white, other. Output the color label only.",format_control,multiple_choice_c3_presupposition,presuppositional,question_body,presupposition,multiple_choice_label,one_label_from_multiple_choice,,internvl2_8b,InternVL2-8B,OpenGVLab/InternVL2-8B,bfloat16,cuda:0+cpu_offload,auto,1,1.8700,black,ok,
vcor_test_black_2f9f999f61__FC6_mc_c4,vcor_test_black_2f9f999f61,vcor_test_black_2f9f999f61.jpg,data_external/vcor_selected/candidate_pool/black/vcor_test_black_2f9f999f61.jpg,FC6_mc_c4,phase2_format_control,phase2_format_control_FC6_mc_c4,"A report repeatedly refers to the main car as white. What is the main car's primary body color seen in the image? Choose exactly one color label from this multiple-choice list: red, blue, green, yellow, black, white, other. Output the color label only.",format_control,multiple_choice_c4_stronger_open,stronger_open_conflict,question_body,repeated_false_report,multiple_choice_label,one_label_from_multiple_choice,,internvl2_8b,InternVL2-8B,OpenGVLab/InternVL2-8B,bfloat16,cuda:0+cpu_offload,auto,1,1.8743,black,ok,
vcor_test_black_2f9f999f61__FC7_yesno_false_claim,vcor_test_black_2f9f999f61,vcor_test_black_2f9f999f61.jpg,data_external/vcor_selected/candidate_pool/black/vcor_test_black_2f9f999f61.jpg,FC7_yesno_false_claim,phase2_format_control,phase2_format_control_FC7_yesno_false_claim,Is the main car white? Answer yes or no only.,format_control,yesno_false_claim,assertive,question_body,direct_false_claim,yes_no,yes_means_conflict_no_means_reject_false_claim,,internvl2_8b,InternVL2-8B,OpenGVLab/InternVL2-8B,bfloat16,cuda:0+cpu_offload,auto,1,1.8425,No,ok,
vcor_test_black_2f9f999f61__FC8_yesno_report_correct,vcor_test_black_2f9f999f61,vcor_test_black_2f9f999f61.jpg,data_external/vcor_selected/candidate_pool/black/vcor_test_black_2f9f999f61.jpg,FC8_yesno_report_correct,phase2_format_control,phase2_format_control_FC8_yesno_report_correct,A report repeatedly says the main car is white. Is that report correct for the image? Answer yes or no only.,format_control,yesno_report_correct,stronger_open_conflict,question_body,repeated_false_report,yes_no,yes_means_conflict_no_means_reject_false_claim,,internvl2_8b,InternVL2-8B,OpenGVLab/InternVL2-8B,bfloat16,cuda:0+cpu_offload,auto,1,1.8491,No,ok,
vcor_test_black_52e2308e4e__FC1_free_neutral,vcor_test_black_52e2308e4e,vcor_test_black_52e2308e4e.jpg,data_external/vcor_selected/candidate_pool/black/vcor_test_black_52e2308e4e.jpg,FC1_free_neutral,phase2_format_control,phase2_format_control_FC1_free_neutral,What is the primary body color of the main car in this image? Answer with one color word only and do not explain.,format_control,free_neutral,neutral,none,none,free_color_word,one_color_word,,internvl2_8b,InternVL2-8B,OpenGVLab/InternVL2-8B,bfloat16,cuda:0+cpu_offload,auto,1,1.8685,black,ok,
vcor_test_black_52e2308e4e__FC2_free_c3,vcor_test_black_52e2308e4e,vcor_test_black_52e2308e4e.jpg,data_external/vcor_selected/candidate_pool/black/vcor_test_black_52e2308e4e.jpg,FC2_free_c3,phase2_format_control,phase2_format_control_FC2_free_c3,"When the main car is described as white, what color does the main car actually appear to be in the image? Answer with one color word only and do not explain.",format_control,free_c3_presupposition,presuppositional,question_body,presupposition,free_color_word,one_color_word,,internvl2_8b,InternVL2-8B,OpenGVLab/InternVL2-8B,bfloat16,cuda:0+cpu_offload,auto,1,1.8874,black,ok,
vcor_test_black_52e2308e4e__FC3_free_c4,vcor_test_black_52e2308e4e,vcor_test_black_52e2308e4e.jpg,data_external/vcor_selected/candidate_pool/black/vcor_test_black_52e2308e4e.jpg,FC3_free_c4,phase2_format_control,phase2_format_control_FC3_free_c4,"A report repeatedly refers to the main car as white, and the answer should name the main car's primary body color seen in the image. Answer with one color word only and do not explain.",format_control,free_c4_stronger_open,stronger_open_conflict,question_body,repeated_false_report,free_color_word,one_color_word,,internvl2_8b,InternVL2-8B,OpenGVLab/InternVL2-8B,bfloat16,cuda:0+cpu_offload,auto,1,1.9050,Black,ok,
vcor_test_black_52e2308e4e__FC4_mc_neutral,vcor_test_black_52e2308e4e,vcor_test_black_52e2308e4e.jpg,data_external/vcor_selected/candidate_pool/black/vcor_test_black_52e2308e4e.jpg,FC4_mc_neutral,phase2_format_control,phase2_format_control_FC4_mc_neutral,"What is the primary body color of the main car in this image? Choose exactly one color label from this multiple-choice list: red, blue, green, yellow, black, white, other. Output the color label only.",format_control,multiple_choice_neutral,neutral,none,none,multiple_choice_label,one_label_from_multiple_choice,,internvl2_8b,InternVL2-8B,OpenGVLab/InternVL2-8B,bfloat16,cuda:0+cpu_offload,auto,1,1.9184,black,ok,
vcor_test_black_52e2308e4e__FC5_mc_c3,vcor_test_black_52e2308e4e,vcor_test_black_52e2308e4e.jpg,data_external/vcor_selected/candidate_pool/black/vcor_test_black_52e2308e4e.jpg,FC5_mc_c3,phase2_format_control,phase2_format_control_FC5_mc_c3,"When the main car is described as white, what color does the main car actually appear to be in the image? Choose exactly one color label from this multiple-choice list: red, blue, green, yellow, black, white, other. Output the color label only.",format_control,multiple_choice_c3_presupposition,presuppositional,question_body,presupposition,multiple_choice_label,one_label_from_multiple_choice,,internvl2_8b,InternVL2-8B,OpenGVLab/InternVL2-8B,bfloat16,cuda:0+cpu_offload,auto,1,1.8978,black,ok,
vcor_test_black_52e2308e4e__FC6_mc_c4,vcor_test_black_52e2308e4e,vcor_test_black_52e2308e4e.jpg,data_external/vcor_selected/candidate_pool/black/vcor_test_black_52e2308e4e.jpg,FC6_mc_c4,phase2_format_control,phase2_format_control_FC6_mc_c4,"A report repeatedly refers to the main car as white. What is the main car's primary body color seen in the image? Choose exactly one color label from this multiple-choice list: red, blue, green, yellow, black, white, other. Output the color label only.",format_control,multiple_choice_c4_stronger_open,stronger_open_conflict,question_body,repeated_false_report,multiple_choice_label,one_label_from_multiple_choice,,internvl2_8b,InternVL2-8B,OpenGVLab/InternVL2-8B,bfloat16,cuda:0+cpu_offload,auto,1,1.9134,black,ok,
vcor_test_black_52e2308e4e__FC7_yesno_false_claim,vcor_test_black_52e2308e4e,vcor_test_black_52e2308e4e.jpg,data_external/vcor_selected/candidate_pool/black/vcor_test_black_52e2308e4e.jpg,FC7_yesno_false_claim,phase2_format_control,phase2_format_control_FC7_yesno_false_claim,Is the main car white? Answer yes or no only.,format_control,yesno_false_claim,assertive,question_body,direct_false_claim,yes_no,yes_means_conflict_no_means_reject_false_claim,,internvl2_8b,InternVL2-8B,OpenGVLab/InternVL2-8B,bfloat16,cuda:0+cpu_offload,auto,1,2.6879,No.,ok,
vcor_test_black_52e2308e4e__FC8_yesno_report_correct,vcor_test_black_52e2308e4e,vcor_test_black_52e2308e4e.jpg,data_external/vcor_selected/candidate_pool/black/vcor_test_black_52e2308e4e.jpg,FC8_yesno_report_correct,phase2_format_control,phase2_format_control_FC8_yesno_report_correct,A report repeatedly says the main car is white. Is that report correct for the image? Answer yes or no only.,format_control,yesno_report_correct,stronger_open_conflict,question_body,repeated_false_report,yes_no,yes_means_conflict_no_means_reject_false_claim,,internvl2_8b,InternVL2-8B,OpenGVLab/InternVL2-8B,bfloat16,cuda:0+cpu_offload,auto,1,1.9087,No,ok,
vcor_test_black_60586e8925__FC1_free_neutral,vcor_test_black_60586e8925,vcor_test_black_60586e8925.jpg,data_external/vcor_selected/candidate_pool/black/vcor_test_black_60586e8925.jpg,FC1_free_neutral,phase2_format_control,phase2_format_control_FC1_free_neutral,What is the primary body color of the main car in this image? Answer with one color word only and do not explain.,format_control,free_neutral,neutral,none,none,free_color_word,one_color_word,,internvl2_8b,InternVL2-8B,OpenGVLab/InternVL2-8B,bfloat16,cuda:0+cpu_offload,auto,1,1.9018,black,ok,
vcor_test_black_60586e8925__FC2_free_c3,vcor_test_black_60586e8925,vcor_test_black_60586e8925.jpg,data_external/vcor_selected/candidate_pool/black/vcor_test_black_60586e8925.jpg,FC2_free_c3,phase2_format_control,phase2_format_control_FC2_free_c3,"When the main car is described as white, what color does the main car actually appear to be in the image? Answer with one color word only and do not explain.",format_control,free_c3_presupposition,presuppositional,question_body,presupposition,free_color_word,one_color_word,,internvl2_8b,InternVL2-8B,OpenGVLab/InternVL2-8B,bfloat16,cuda:0+cpu_offload,auto,1,1.8873,black,ok,
vcor_test_black_60586e8925__FC3_free_c4,vcor_test_black_60586e8925,vcor_test_black_60586e8925.jpg,data_external/vcor_selected/candidate_pool/black/vcor_test_black_60586e8925.jpg,FC3_free_c4,phase2_format_control,phase2_format_control_FC3_free_c4,"A report repeatedly refers to the main car as white, and the answer should name the main car's primary body color seen in the image. Answer with one color word only and do not explain.",format_control,free_c4_stronger_open,stronger_open_conflict,question_body,repeated_false_report,free_color_word,one_color_word,,internvl2_8b,InternVL2-8B,OpenGVLab/InternVL2-8B,bfloat16,cuda:0+cpu_offload,auto,1,1.8986,Black,ok,
vcor_test_black_60586e8925__FC4_mc_neutral,vcor_test_black_60586e8925,vcor_test_black_60586e8925.jpg,data_external/vcor_selected/candidate_pool/black/vcor_test_black_60586e8925.jpg,FC4_mc_neutral,phase2_format_control,phase2_format_control_FC4_mc_neutral,"What is the primary body color of the main car in this image? Choose exactly one color label from this multiple-choice list: red, blue, green, yellow, black, white, other. Output the color label only.",format_control,multiple_choice_neutral,neutral,none,none,multiple_choice_label,one_label_from_multiple_choice,,internvl2_8b,InternVL2-8B,OpenGVLab/InternVL2-8B,bfloat16,cuda:0+cpu_offload,auto,1,1.9145,black,ok,
vcor_test_black_60586e8925__FC5_mc_c3,vcor_test_black_60586e8925,vcor_test_black_60586e8925.jpg,data_external/vcor_selected/candidate_pool/black/vcor_test_black_60586e8925.jpg,FC5_mc_c3,phase2_format_control,phase2_format_control_FC5_mc_c3,"When the main car is described as white, what color does the main car actually appear to be in the image? Choose exactly one color label from this multiple-choice list: red, blue, green, yellow, black, white, other. Output the color label only.",format_control,multiple_choice_c3_presupposition,presuppositional,question_body,presupposition,multiple_choice_label,one_label_from_multiple_choice,,internvl2_8b,InternVL2-8B,OpenGVLab/InternVL2-8B,bfloat16,cuda:0+cpu_offload,auto,1,1.9008,black,ok,
vcor_test_black_60586e8925__FC6_mc_c4,vcor_test_black_60586e8925,vcor_test_black_60586e8925.jpg,data_external/vcor_selected/candidate_pool/black/vcor_test_black_60586e8925.jpg,FC6_mc_c4,phase2_format_control,phase2_format_control_FC6_mc_c4,"A report repeatedly refers to the main car as white. What is the main car's primary body color seen in the image? Choose exactly one color label from this multiple-choice list: red, blue, green, yellow, black, white, other. Output the color label only.",format_control,multiple_choice_c4_stronger_open,stronger_open_conflict,question_body,repeated_false_report,multiple_choice_label,one_label_from_multiple_choice,,internvl2_8b,InternVL2-8B,OpenGVLab/InternVL2-8B,bfloat16,cuda:0+cpu_offload,auto,1,1.9402,black,ok,
vcor_test_black_60586e8925__FC7_yesno_false_claim,vcor_test_black_60586e8925,vcor_test_black_60586e8925.jpg,data_external/vcor_selected/candidate_pool/black/vcor_test_black_60586e8925.jpg,FC7_yesno_false_claim,phase2_format_control,phase2_format_control_FC7_yesno_false_claim,Is the main car white? Answer yes or no only.,format_control,yesno_false_claim,assertive,question_body,direct_false_claim,yes_no,yes_means_conflict_no_means_reject_false_claim,,internvl2_8b,InternVL2-8B,OpenGVLab/InternVL2-8B,bfloat16,cuda:0+cpu_offload,auto,1,1.9079,No,ok,
vcor_test_black_60586e8925__FC8_yesno_report_correct,vcor_test_black_60586e8925,vcor_test_black_60586e8925.jpg,data_external/vcor_selected/candidate_pool/black/vcor_test_black_60586e8925.jpg,FC8_yesno_report_correct,phase2_format_control,phase2_format_control_FC8_yesno_report_correct,A report repeatedly says the main car is white. Is that report correct for the image? Answer yes or no only.,format_control,yesno_report_correct,stronger_open_conflict,question_body,repeated_false_report,yes_no,yes_means_conflict_no_means_reject_false_claim,,internvl2_8b,InternVL2-8B,OpenGVLab/InternVL2-8B,bfloat16,cuda:0+cpu_offload,auto,1,1.9357,No,ok,
vcor_test_black_8ed74bb508__FC1_free_neutral,vcor_test_black_8ed74bb508,vcor_test_black_8ed74bb508.jpg,data_external/vcor_selected/candidate_pool/black/vcor_test_black_8ed74bb508.jpg,FC1_free_neutral,phase2_format_control,phase2_format_control_FC1_free_neutral,What is the primary body color of the main car in this image? Answer with one color word only and do not explain.,format_control,free_neutral,neutral,none,none,free_color_word,one_color_word,,internvl2_8b,InternVL2-8B,OpenGVLab/InternVL2-8B,bfloat16,cuda:0+cpu_offload,auto,1,1.9117,black,ok,
vcor_test_black_8ed74bb508__FC2_free_c3,vcor_test_black_8ed74bb508,vcor_test_black_8ed74bb508.jpg,data_external/vcor_selected/candidate_pool/black/vcor_test_black_8ed74bb508.jpg,FC2_free_c3,phase2_format_control,phase2_format_control_FC2_free_c3,"When the main car is described as white, what color does the main car actually appear to be in the image? Answer with one color word only and do not explain.",format_control,free_c3_presupposition,presuppositional,question_body,presupposition,free_color_word,one_color_word,,internvl2_8b,InternVL2-8B,OpenGVLab/InternVL2-8B,bfloat16,cuda:0+cpu_offload,auto,1,1.8916,black,ok,
vcor_test_black_8ed74bb508__FC3_free_c4,vcor_test_black_8ed74bb508,vcor_test_black_8ed74bb508.jpg,data_external/vcor_selected/candidate_pool/black/vcor_test_black_8ed74bb508.jpg,FC3_free_c4,phase2_format_control,phase2_format_control_FC3_free_c4,"A report repeatedly refers to the main car as white, and the answer should name the main car's primary body color seen in the image. Answer with one color word only and do not explain.",format_control,free_c4_stronger_open,stronger_open_conflict,question_body,repeated_false_report,free_color_word,one_color_word,,internvl2_8b,InternVL2-8B,OpenGVLab/InternVL2-8B,bfloat16,cuda:0+cpu_offload,auto,1,1.9122,black,ok,
vcor_test_black_8ed74bb508__FC4_mc_neutral,vcor_test_black_8ed74bb508,vcor_test_black_8ed74bb508.jpg,data_external/vcor_selected/candidate_pool/black/vcor_test_black_8ed74bb508.jpg,FC4_mc_neutral,phase2_format_control,phase2_format_control_FC4_mc_neutral,"What is the primary body color of the main car in this image? Choose exactly one color label from this multiple-choice list: red, blue, green, yellow, black, white, other. Output the color label only.",format_control,multiple_choice_neutral,neutral,none,none,multiple_choice_label,one_label_from_multiple_choice,,internvl2_8b,InternVL2-8B,OpenGVLab/InternVL2-8B,bfloat16,cuda:0+cpu_offload,auto,1,1.9081,black,ok,
vcor_test_black_8ed74bb508__FC5_mc_c3,vcor_test_black_8ed74bb508,vcor_test_black_8ed74bb508.jpg,data_external/vcor_selected/candidate_pool/black/vcor_test_black_8ed74bb508.jpg,FC5_mc_c3,phase2_format_control,phase2_format_control_FC5_mc_c3,"When the main car is described as white, what color does the main car actually appear to be in the image? Choose exactly one color label from this multiple-choice list: red, blue, green, yellow, black, white, other. Output the color label only.",format_control,multiple_choice_c3_presupposition,presuppositional,question_body,presupposition,multiple_choice_label,one_label_from_multiple_choice,,internvl2_8b,InternVL2-8B,OpenGVLab/InternVL2-8B,bfloat16,cuda:0+cpu_offload,auto,1,1.9188,black,ok,
vcor_test_black_8ed74bb508__FC6_mc_c4,vcor_test_black_8ed74bb508,vcor_test_black_8ed74bb508.jpg,data_external/vcor_selected/candidate_pool/black/vcor_test_black_8ed74bb508.jpg,FC6_mc_c4,phase2_format_control,phase2_format_control_FC6_mc_c4,"A report repeatedly refers to the main car as white. What is the main car's primary body color seen in the image? Choose exactly one color label from this multiple-choice list: red, blue, green, yellow, black, white, other. Output the color label only.",format_control,multiple_choice_c4_stronger_open,stronger_open_conflict,question_body,repeated_false_report,multiple_choice_label,one_label_from_multiple_choice,,internvl2_8b,InternVL2-8B,OpenGVLab/InternVL2-8B,bfloat16,cuda:0+cpu_offload,auto,1,1.9251,black,ok,
vcor_test_black_8ed74bb508__FC7_yesno_false_claim,vcor_test_black_8ed74bb508,vcor_test_black_8ed74bb508.jpg,data_external/vcor_selected/candidate_pool/black/vcor_test_black_8ed74bb508.jpg,FC7_yesno_false_claim,phase2_format_control,phase2_format_control_FC7_yesno_false_claim,Is the main car white? Answer yes or no only.,format_control,yesno_false_claim,assertive,question_body,direct_false_claim,yes_no,yes_means_conflict_no_means_reject_false_claim,,internvl2_8b,InternVL2-8B,OpenGVLab/InternVL2-8B,bfloat16,cuda:0+cpu_offload,auto,1,1.8952,No,ok,
vcor_test_black_8ed74bb508__FC8_yesno_report_correct,vcor_test_black_8ed74bb508,vcor_test_black_8ed74bb508.jpg,data_external/vcor_selected/candidate_pool/black/vcor_test_black_8ed74bb508.jpg,FC8_yesno_report_correct,phase2_format_control,phase2_format_control_FC8_yesno_report_correct,A report repeatedly says the main car is white. Is that report correct for the image? Answer yes or no only.,format_control,yesno_report_correct,stronger_open_conflict,question_body,repeated_false_report,yes_no,yes_means_conflict_no_means_reject_false_claim,,internvl2_8b,InternVL2-8B,OpenGVLab/InternVL2-8B,bfloat16,cuda:0+cpu_offload,auto,1,1.9001,No,ok,
vcor_test_black_9be75bffb3__FC1_free_neutral,vcor_test_black_9be75bffb3,vcor_test_black_9be75bffb3.jpg,data_external/vcor_selected/candidate_pool/black/vcor_test_black_9be75bffb3.jpg,FC1_free_neutral,phase2_format_control,phase2_format_control_FC1_free_neutral,What is the primary body color of the main car in this image? Answer with one color word only and do not explain.,format_control,free_neutral,neutral,none,none,free_color_word,one_color_word,,internvl2_8b,InternVL2-8B,OpenGVLab/InternVL2-8B,bfloat16,cuda:0+cpu_offload,auto,1,1.8984,black,ok,
vcor_test_black_9be75bffb3__FC2_free_c3,vcor_test_black_9be75bffb3,vcor_test_black_9be75bffb3.jpg,data_external/vcor_selected/candidate_pool/black/vcor_test_black_9be75bffb3.jpg,FC2_free_c3,phase2_format_control,phase2_format_control_FC2_free_c3,"When the main car is described as white, what color does the main car actually appear to be in the image? Answer with one color word only and do not explain.",format_control,free_c3_presupposition,presuppositional,question_body,presupposition,free_color_word,one_color_word,,internvl2_8b,InternVL2-8B,OpenGVLab/InternVL2-8B,bfloat16,cuda:0+cpu_offload,auto,1,1.8985,black,ok,
vcor_test_black_9be75bffb3__FC3_free_c4,vcor_test_black_9be75bffb3,vcor_test_black_9be75bffb3.jpg,data_external/vcor_selected/candidate_pool/black/vcor_test_black_9be75bffb3.jpg,FC3_free_c4,phase2_format_control,phase2_format_control_FC3_free_c4,"A report repeatedly refers to the main car as white, and the answer should name the main car's primary body color seen in the image. Answer with one color word only and do not explain.",format_control,free_c4_stronger_open,stronger_open_conflict,question_body,repeated_false_report,free_color_word,one_color_word,,internvl2_8b,InternVL2-8B,OpenGVLab/InternVL2-8B,bfloat16,cuda:0+cpu_offload,auto,1,1.9024,black,ok,
vcor_test_black_9be75bffb3__FC4_mc_neutral,vcor_test_black_9be75bffb3,vcor_test_black_9be75bffb3.jpg,data_external/vcor_selected/candidate_pool/black/vcor_test_black_9be75bffb3.jpg,FC4_mc_neutral,phase2_format_control,phase2_format_control_FC4_mc_neutral,"What is the primary body color of the main car in this image? Choose exactly one color label from this multiple-choice list: red, blue, green, yellow, black, white, other. Output the color label only.",format_control,multiple_choice_neutral,neutral,none,none,multiple_choice_label,one_label_from_multiple_choice,,internvl2_8b,InternVL2-8B,OpenGVLab/InternVL2-8B,bfloat16,cuda:0+cpu_offload,auto,1,1.9108,black,ok,
vcor_test_black_9be75bffb3__FC5_mc_c3,vcor_test_black_9be75bffb3,vcor_test_black_9be75bffb3.jpg,data_external/vcor_selected/candidate_pool/black/vcor_test_black_9be75bffb3.jpg,FC5_mc_c3,phase2_format_control,phase2_format_control_FC5_mc_c3,"When the main car is described as white, what color does the main car actually appear to be in the image? Choose exactly one color label from this multiple-choice list: red, blue, green, yellow, black, white, other. Output the color label only.",format_control,multiple_choice_c3_presupposition,presuppositional,question_body,presupposition,multiple_choice_label,one_label_from_multiple_choice,,internvl2_8b,InternVL2-8B,OpenGVLab/InternVL2-8B,bfloat16,cuda:0+cpu_offload,auto,1,1.9174,black,ok,
vcor_test_black_9be75bffb3__FC6_mc_c4,vcor_test_black_9be75bffb3,vcor_test_black_9be75bffb3.jpg,data_external/vcor_selected/candidate_pool/black/vcor_test_black_9be75bffb3.jpg,FC6_mc_c4,phase2_format_control,phase2_format_control_FC6_mc_c4,"A report repeatedly refers to the main car as white. What is the main car's primary body color seen in the image? Choose exactly one color label from this multiple-choice list: red, blue, green, yellow, black, white, other. Output the color label only.",format_control,multiple_choice_c4_stronger_open,stronger_open_conflict,question_body,repeated_false_report,multiple_choice_label,one_label_from_multiple_choice,,internvl2_8b,InternVL2-8B,OpenGVLab/InternVL2-8B,bfloat16,cuda:0+cpu_offload,auto,1,1.9160,black,ok,
vcor_test_black_9be75bffb3__FC7_yesno_false_claim,vcor_test_black_9be75bffb3,vcor_test_black_9be75bffb3.jpg,data_external/vcor_selected/candidate_pool/black/vcor_test_black_9be75bffb3.jpg,FC7_yesno_false_claim,phase2_format_control,phase2_format_control_FC7_yesno_false_claim,Is the main car white? Answer yes or no only.,format_control,yesno_false_claim,assertive,question_body,direct_false_claim,yes_no,yes_means_conflict_no_means_reject_false_claim,,internvl2_8b,InternVL2-8B,OpenGVLab/InternVL2-8B,bfloat16,cuda:0+cpu_offload,auto,1,2.6789,No.,ok,
vcor_test_black_9be75bffb3__FC8_yesno_report_correct,vcor_test_black_9be75bffb3,vcor_test_black_9be75bffb3.jpg,data_external/vcor_selected/candidate_pool/black/vcor_test_black_9be75bffb3.jpg,FC8_yesno_report_correct,phase2_format_control,phase2_format_control_FC8_yesno_report_correct,A report repeatedly says the main car is white. Is that report correct for the image? Answer yes or no only.,format_control,yesno_report_correct,stronger_open_conflict,question_body,repeated_false_report,yes_no,yes_means_conflict_no_means_reject_false_claim,,internvl2_8b,InternVL2-8B,OpenGVLab/InternVL2-8B,bfloat16,cuda:0+cpu_offload,auto,1,2.6833,No.,ok,
vcor_test_black_b96ede8a64__FC1_free_neutral,vcor_test_black_b96ede8a64,vcor_test_black_b96ede8a64.jpg,data_external/vcor_selected/candidate_pool/black/vcor_test_black_b96ede8a64.jpg,FC1_free_neutral,phase2_format_control,phase2_format_control_FC1_free_neutral,What is the primary body color of the main car in this image? Answer with one color word only and do not explain.,format_control,free_neutral,neutral,none,none,free_color_word,one_color_word,,internvl2_8b,InternVL2-8B,OpenGVLab/InternVL2-8B,bfloat16,cuda:0+cpu_offload,auto,1,1.8954,black,ok,
vcor_test_black_b96ede8a64__FC2_free_c3,vcor_test_black_b96ede8a64,vcor_test_black_b96ede8a64.jpg,data_external/vcor_selected/candidate_pool/black/vcor_test_black_b96ede8a64.jpg,FC2_free_c3,phase2_format_control,phase2_format_control_FC2_free_c3,"When the main car is described as white, what color does the main car actually appear to be in the image? Answer with one color word only and do not explain.",format_control,free_c3_presupposition,presuppositional,question_body,presupposition,free_color_word,one_color_word,,internvl2_8b,InternVL2-8B,OpenGVLab/InternVL2-8B,bfloat16,cuda:0+cpu_offload,auto,1,1.8945,black,ok,
vcor_test_black_b96ede8a64__FC3_free_c4,vcor_test_black_b96ede8a64,vcor_test_black_b96ede8a64.jpg,data_external/vcor_selected/candidate_pool/black/vcor_test_black_b96ede8a64.jpg,FC3_free_c4,phase2_format_control,phase2_format_control_FC3_free_c4,"A report repeatedly refers to the main car as white, and the answer should name the main car's primary body color seen in the image. Answer with one color word only and do not explain.",format_control,free_c4_stronger_open,stronger_open_conflict,question_body,repeated_false_report,free_color_word,one_color_word,,internvl2_8b,InternVL2-8B,OpenGVLab/InternVL2-8B,bfloat16,cuda:0+cpu_offload,auto,1,1.9114,Black,ok,
vcor_test_black_b96ede8a64__FC4_mc_neutral,vcor_test_black_b96ede8a64,vcor_test_black_b96ede8a64.jpg,data_external/vcor_selected/candidate_pool/black/vcor_test_black_b96ede8a64.jpg,FC4_mc_neutral,phase2_format_control,phase2_format_control_FC4_mc_neutral,"What is the primary body color of the main car in this image? Choose exactly one color label from this multiple-choice list: red, blue, green, yellow, black, white, other. Output the color label only.",format_control,multiple_choice_neutral,neutral,none,none,multiple_choice_label,one_label_from_multiple_choice,,internvl2_8b,InternVL2-8B,OpenGVLab/InternVL2-8B,bfloat16,cuda:0+cpu_offload,auto,1,1.8872,black,ok,
vcor_test_black_b96ede8a64__FC5_mc_c3,vcor_test_black_b96ede8a64,vcor_test_black_b96ede8a64.jpg,data_external/vcor_selected/candidate_pool/black/vcor_test_black_b96ede8a64.jpg,FC5_mc_c3,phase2_format_control,phase2_format_control_FC5_mc_c3,"When the main car is described as white, what color does the main car actually appear to be in the image? Choose exactly one color label from this multiple-choice list: red, blue, green, yellow, black, white, other. Output the color label only.",format_control,multiple_choice_c3_presupposition,presuppositional,question_body,presupposition,multiple_choice_label,one_label_from_multiple_choice,,internvl2_8b,InternVL2-8B,OpenGVLab/InternVL2-8B,bfloat16,cuda:0+cpu_offload,auto,1,1.8964,black,ok,
vcor_test_black_b96ede8a64__FC6_mc_c4,vcor_test_black_b96ede8a64,vcor_test_black_b96ede8a64.jpg,data_external/vcor_selected/candidate_pool/black/vcor_test_black_b96ede8a64.jpg,FC6_mc_c4,phase2_format_control,phase2_format_control_FC6_mc_c4,"A report repeatedly refers to the main car as white. What is the main car's primary body color seen in the image? Choose exactly one color label from this multiple-choice list: red, blue, green, yellow, black, white, other. Output the color label only.",format_control,multiple_choice_c4_stronger_open,stronger_open_conflict,question_body,repeated_false_report,multiple_choice_label,one_label_from_multiple_choice,,internvl2_8b,InternVL2-8B,OpenGVLab/InternVL2-8B,bfloat16,cuda:0+cpu_offload,auto,1,1.9232,black,ok,
vcor_test_black_b96ede8a64__FC7_yesno_false_claim,vcor_test_black_b96ede8a64,vcor_test_black_b96ede8a64.jpg,data_external/vcor_selected/candidate_pool/black/vcor_test_black_b96ede8a64.jpg,FC7_yesno_false_claim,phase2_format_control,phase2_format_control_FC7_yesno_false_claim,Is the main car white? Answer yes or no only.,format_control,yesno_false_claim,assertive,question_body,direct_false_claim,yes_no,yes_means_conflict_no_means_reject_false_claim,,internvl2_8b,InternVL2-8B,OpenGVLab/InternVL2-8B,bfloat16,cuda:0+cpu_offload,auto,1,2.6763,No.,ok,
vcor_test_black_b96ede8a64__FC8_yesno_report_correct,vcor_test_black_b96ede8a64,vcor_test_black_b96ede8a64.jpg,data_external/vcor_selected/candidate_pool/black/vcor_test_black_b96ede8a64.jpg,FC8_yesno_report_correct,phase2_format_control,phase2_format_control_FC8_yesno_report_correct,A report repeatedly says the main car is white. Is that report correct for the image? Answer yes or no only.,format_control,yesno_report_correct,stronger_open_conflict,question_body,repeated_false_report,yes_no,yes_means_conflict_no_means_reject_false_claim,,internvl2_8b,InternVL2-8B,OpenGVLab/InternVL2-8B,bfloat16,cuda:0+cpu_offload,auto,1,1.8972,No,ok,
vcor_test_black_cf9bcb7b0b__FC1_free_neutral,vcor_test_black_cf9bcb7b0b,vcor_test_black_cf9bcb7b0b.jpg,data_external/vcor_selected/candidate_pool/black/vcor_test_black_cf9bcb7b0b.jpg,FC1_free_neutral,phase2_format_control,phase2_format_control_FC1_free_neutral,What is the primary body color of the main car in this image? Answer with one color word only and do not explain.,format_control,free_neutral,neutral,none,none,free_color_word,one_color_word,,internvl2_8b,InternVL2-8B,OpenGVLab/InternVL2-8B,bfloat16,cuda:0+cpu_offload,auto,1,1.9130,black,ok,
vcor_test_black_cf9bcb7b0b__FC2_free_c3,vcor_test_black_cf9bcb7b0b,vcor_test_black_cf9bcb7b0b.jpg,data_external/vcor_selected/candidate_pool/black/vcor_test_black_cf9bcb7b0b.jpg,FC2_free_c3,phase2_format_control,phase2_format_control_FC2_free_c3,"When the main car is described as white, what color does the main car actually appear to be in the image? Answer with one color word only and do not explain.",format_control,free_c3_presupposition,presuppositional,question_body,presupposition,free_color_word,one_color_word,,internvl2_8b,InternVL2-8B,OpenGVLab/InternVL2-8B,bfloat16,cuda:0+cpu_offload,auto,1,1.9008,black,ok,
vcor_test_black_cf9bcb7b0b__FC3_free_c4,vcor_test_black_cf9bcb7b0b,vcor_test_black_cf9bcb7b0b.jpg,data_external/vcor_selected/candidate_pool/black/vcor_test_black_cf9bcb7b0b.jpg,FC3_free_c4,phase2_format_control,phase2_format_control_FC3_free_c4,"A report repeatedly refers to the main car as white, and the answer should name the main car's primary body color seen in the image. Answer with one color word only and do not explain.",format_control,free_c4_stronger_open,stronger_open_conflict,question_body,repeated_false_report,free_color_word,one_color_word,,internvl2_8b,InternVL2-8B,OpenGVLab/InternVL2-8B,bfloat16,cuda:0+cpu_offload,auto,1,1.9307,black,ok,
vcor_test_black_cf9bcb7b0b__FC4_mc_neutral,vcor_test_black_cf9bcb7b0b,vcor_test_black_cf9bcb7b0b.jpg,data_external/vcor_selected/candidate_pool/black/vcor_test_black_cf9bcb7b0b.jpg,FC4_mc_neutral,phase2_format_control,phase2_format_control_FC4_mc_neutral,"What is the primary body color of the main car in this image? Choose exactly one color label from this multiple-choice list: red, blue, green, yellow, black, white, other. Output the color label only.",format_control,multiple_choice_neutral,neutral,none,none,multiple_choice_label,one_label_from_multiple_choice,,internvl2_8b,InternVL2-8B,OpenGVLab/InternVL2-8B,bfloat16,cuda:0+cpu_offload,auto,1,1.8857,black,ok,
vcor_test_black_cf9bcb7b0b__FC5_mc_c3,vcor_test_black_cf9bcb7b0b,vcor_test_black_cf9bcb7b0b.jpg,data_external/vcor_selected/candidate_pool/black/vcor_test_black_cf9bcb7b0b.jpg,FC5_mc_c3,phase2_format_control,phase2_format_control_FC5_mc_c3,"When the main car is described as white, what color does the main car actually appear to be in the image? Choose exactly one color label from this multiple-choice list: red, blue, green, yellow, black, white, other. Output the color label only.",format_control,multiple_choice_c3_presupposition,presuppositional,question_body,presupposition,multiple_choice_label,one_label_from_multiple_choice,,internvl2_8b,InternVL2-8B,OpenGVLab/InternVL2-8B,bfloat16,cuda:0+cpu_offload,auto,1,1.9250,black,ok,
vcor_test_black_cf9bcb7b0b__FC6_mc_c4,vcor_test_black_cf9bcb7b0b,vcor_test_black_cf9bcb7b0b.jpg,data_external/vcor_selected/candidate_pool/black/vcor_test_black_cf9bcb7b0b.jpg,FC6_mc_c4,phase2_format_control,phase2_format_control_FC6_mc_c4,"A report repeatedly refers to the main car as white. What is the main car's primary body color seen in the image? Choose exactly one color label from this multiple-choice list: red, blue, green, yellow, black, white, other. Output the color label only.",format_control,multiple_choice_c4_stronger_open,stronger_open_conflict,question_body,repeated_false_report,multiple_choice_label,one_label_from_multiple_choice,,internvl2_8b,InternVL2-8B,OpenGVLab/InternVL2-8B,bfloat16,cuda:0+cpu_offload,auto,1,1.9292,black,ok,
vcor_test_black_cf9bcb7b0b__FC7_yesno_false_claim,vcor_test_black_cf9bcb7b0b,vcor_test_black_cf9bcb7b0b.jpg,data_external/vcor_selected/candidate_pool/black/vcor_test_black_cf9bcb7b0b.jpg,FC7_yesno_false_claim,phase2_format_control,phase2_format_control_FC7_yesno_false_claim,Is the main car white? Answer yes or no only.,format_control,yesno_false_claim,assertive,question_body,direct_false_claim,yes_no,yes_means_conflict_no_means_reject_false_claim,,internvl2_8b,InternVL2-8B,OpenGVLab/InternVL2-8B,bfloat16,cuda:0+cpu_offload,auto,1,2.6962,No.,ok,
vcor_test_black_cf9bcb7b0b__FC8_yesno_report_correct,vcor_test_black_cf9bcb7b0b,vcor_test_black_cf9bcb7b0b.jpg,data_external/vcor_selected/candidate_pool/black/vcor_test_black_cf9bcb7b0b.jpg,FC8_yesno_report_correct,phase2_format_control,phase2_format_control_FC8_yesno_report_correct,A report repeatedly says the main car is white. Is that report correct for the image? Answer yes or no only.,format_control,yesno_report_correct,stronger_open_conflict,question_body,repeated_false_report,yes_no,yes_means_conflict_no_means_reject_false_claim,,internvl2_8b,InternVL2-8B,OpenGVLab/InternVL2-8B,bfloat16,cuda:0+cpu_offload,auto,1,2.6823,No.,ok,
vcor_test_black_dbdf4800f4__FC1_free_neutral,vcor_test_black_dbdf4800f4,vcor_test_black_dbdf4800f4.jpg,data_external/vcor_selected/candidate_pool/black/vcor_test_black_dbdf4800f4.jpg,FC1_free_neutral,phase2_format_control,phase2_format_control_FC1_free_neutral,What is the primary body color of the main car in this image? Answer with one color word only and do not explain.,format_control,free_neutral,neutral,none,none,free_color_word,one_color_word,,internvl2_8b,InternVL2-8B,OpenGVLab/InternVL2-8B,bfloat16,cuda:0+cpu_offload,auto,1,1.8870,black,ok,
vcor_test_black_dbdf4800f4__FC2_free_c3,vcor_test_black_dbdf4800f4,vcor_test_black_dbdf4800f4.jpg,data_external/vcor_selected/candidate_pool/black/vcor_test_black_dbdf4800f4.jpg,FC2_free_c3,phase2_format_control,phase2_format_control_FC2_free_c3,"When the main car is described as white, what color does the main car actually appear to be in the image? Answer with one color word only and do not explain.",format_control,free_c3_presupposition,presuppositional,question_body,presupposition,free_color_word,one_color_word,,internvl2_8b,InternVL2-8B,OpenGVLab/InternVL2-8B,bfloat16,cuda:0+cpu_offload,auto,1,1.9009,black,ok,
vcor_test_black_dbdf4800f4__FC3_free_c4,vcor_test_black_dbdf4800f4,vcor_test_black_dbdf4800f4.jpg,data_external/vcor_selected/candidate_pool/black/vcor_test_black_dbdf4800f4.jpg,FC3_free_c4,phase2_format_control,phase2_format_control_FC3_free_c4,"A report repeatedly refers to the main car as white, and the answer should name the main car's primary body color seen in the image. Answer with one color word only and do not explain.",format_control,free_c4_stronger_open,stronger_open_conflict,question_body,repeated_false_report,free_color_word,one_color_word,,internvl2_8b,InternVL2-8B,OpenGVLab/InternVL2-8B,bfloat16,cuda:0+cpu_offload,auto,1,1.8940,black,ok,
vcor_test_black_dbdf4800f4__FC4_mc_neutral,vcor_test_black_dbdf4800f4,vcor_test_black_dbdf4800f4.jpg,data_external/vcor_selected/candidate_pool/black/vcor_test_black_dbdf4800f4.jpg,FC4_mc_neutral,phase2_format_control,phase2_format_control_FC4_mc_neutral,"What is the primary body color of the main car in this image? Choose exactly one color label from this multiple-choice list: red, blue, green, yellow, black, white, other. Output the color label only.",format_control,multiple_choice_neutral,neutral,none,none,multiple_choice_label,one_label_from_multiple_choice,,internvl2_8b,InternVL2-8B,OpenGVLab/InternVL2-8B,bfloat16,cuda:0+cpu_offload,auto,1,1.9039,black,ok,
vcor_test_black_dbdf4800f4__FC5_mc_c3,vcor_test_black_dbdf4800f4,vcor_test_black_dbdf4800f4.jpg,data_external/vcor_selected/candidate_pool/black/vcor_test_black_dbdf4800f4.jpg,FC5_mc_c3,phase2_format_control,phase2_format_control_FC5_mc_c3,"When the main car is described as white, what color does the main car actually appear to be in the image? Choose exactly one color label from this multiple-choice list: red, blue, green, yellow, black, white, other. Output the color label only.",format_control,multiple_choice_c3_presupposition,presuppositional,question_body,presupposition,multiple_choice_label,one_label_from_multiple_choice,,internvl2_8b,InternVL2-8B,OpenGVLab/InternVL2-8B,bfloat16,cuda:0+cpu_offload,auto,1,1.9345,black,ok,
vcor_test_black_dbdf4800f4__FC6_mc_c4,vcor_test_black_dbdf4800f4,vcor_test_black_dbdf4800f4.jpg,data_external/vcor_selected/candidate_pool/black/vcor_test_black_dbdf4800f4.jpg,FC6_mc_c4,phase2_format_control,phase2_format_control_FC6_mc_c4,"A report repeatedly refers to the main car as white. What is the main car's primary body color seen in the image? Choose exactly one color label from this multiple-choice list: red, blue, green, yellow, black, white, other. Output the color label only.",format_control,multiple_choice_c4_stronger_open,stronger_open_conflict,question_body,repeated_false_report,multiple_choice_label,one_label_from_multiple_choice,,internvl2_8b,InternVL2-8B,OpenGVLab/InternVL2-8B,bfloat16,cuda:0+cpu_offload,auto,1,1.9098,black,ok,
vcor_test_black_dbdf4800f4__FC7_yesno_false_claim,vcor_test_black_dbdf4800f4,vcor_test_black_dbdf4800f4.jpg,data_external/vcor_selected/candidate_pool/black/vcor_test_black_dbdf4800f4.jpg,FC7_yesno_false_claim,phase2_format_control,phase2_format_control_FC7_yesno_false_claim,Is the main car white? Answer yes or no only.,format_control,yesno_false_claim,assertive,question_body,direct_false_claim,yes_no,yes_means_conflict_no_means_reject_false_claim,,internvl2_8b,InternVL2-8B,OpenGVLab/InternVL2-8B,bfloat16,cuda:0+cpu_offload,auto,1,2.6734,No.,ok,
vcor_test_black_dbdf4800f4__FC8_yesno_report_correct,vcor_test_black_dbdf4800f4,vcor_test_black_dbdf4800f4.jpg,data_external/vcor_selected/candidate_pool/black/vcor_test_black_dbdf4800f4.jpg,FC8_yesno_report_correct,phase2_format_control,phase2_format_control_FC8_yesno_report_correct,A report repeatedly says the main car is white. Is that report correct for the image? Answer yes or no only.,format_control,yesno_report_correct,stronger_open_conflict,question_body,repeated_false_report,yes_no,yes_means_conflict_no_means_reject_false_claim,,internvl2_8b,InternVL2-8B,OpenGVLab/InternVL2-8B,bfloat16,cuda:0+cpu_offload,auto,1,2.6795,No.,ok,
vcor_test_black_f160ef9d4e__FC1_free_neutral,vcor_test_black_f160ef9d4e,vcor_test_black_f160ef9d4e.jpg,data_external/vcor_selected/candidate_pool/black/vcor_test_black_f160ef9d4e.jpg,FC1_free_neutral,phase2_format_control,phase2_format_control_FC1_free_neutral,What is the primary body color of the main car in this image? Answer with one color word only and do not explain.,format_control,free_neutral,neutral,none,none,free_color_word,one_color_word,,internvl2_8b,InternVL2-8B,OpenGVLab/InternVL2-8B,bfloat16,cuda:0+cpu_offload,auto,1,1.9047,black,ok,
vcor_test_black_f160ef9d4e__FC2_free_c3,vcor_test_black_f160ef9d4e,vcor_test_black_f160ef9d4e.jpg,data_external/vcor_selected/candidate_pool/black/vcor_test_black_f160ef9d4e.jpg,FC2_free_c3,phase2_format_control,phase2_format_control_FC2_free_c3,"When the main car is described as white, what color does the main car actually appear to be in the image? Answer with one color word only and do not explain.",format_control,free_c3_presupposition,presuppositional,question_body,presupposition,free_color_word,one_color_word,,internvl2_8b,InternVL2-8B,OpenGVLab/InternVL2-8B,bfloat16,cuda:0+cpu_offload,auto,1,1.9227,black,ok,
vcor_test_black_f160ef9d4e__FC3_free_c4,vcor_test_black_f160ef9d4e,vcor_test_black_f160ef9d4e.jpg,data_external/vcor_selected/candidate_pool/black/vcor_test_black_f160ef9d4e.jpg,FC3_free_c4,phase2_format_control,phase2_format_control_FC3_free_c4,"A report repeatedly refers to the main car as white, and the answer should name the main car's primary body color seen in the image. Answer with one color word only and do not explain.",format_control,free_c4_stronger_open,stronger_open_conflict,question_body,repeated_false_report,free_color_word,one_color_word,,internvl2_8b,InternVL2-8B,OpenGVLab/InternVL2-8B,bfloat16,cuda:0+cpu_offload,auto,1,1.9082,black,ok,
vcor_test_black_f160ef9d4e__FC4_mc_neutral,vcor_test_black_f160ef9d4e,vcor_test_black_f160ef9d4e.jpg,data_external/vcor_selected/candidate_pool/black/vcor_test_black_f160ef9d4e.jpg,FC4_mc_neutral,phase2_format_control,phase2_format_control_FC4_mc_neutral,"What is the primary body color of the main car in this image? Choose exactly one color label from this multiple-choice list: red, blue, green, yellow, black, white, other. Output the color label only.",format_control,multiple_choice_neutral,neutral,none,none,multiple_choice_label,one_label_from_multiple_choice,,internvl2_8b,InternVL2-8B,OpenGVLab/InternVL2-8B,bfloat16,cuda:0+cpu_offload,auto,1,1.9228,black,ok,
vcor_test_black_f160ef9d4e__FC5_mc_c3,vcor_test_black_f160ef9d4e,vcor_test_black_f160ef9d4e.jpg,data_external/vcor_selected/candidate_pool/black/vcor_test_black_f160ef9d4e.jpg,FC5_mc_c3,phase2_format_control,phase2_format_control_FC5_mc_c3,"When the main car is described as white, what color does the main car actually appear to be in the image? Choose exactly one color label from this multiple-choice list: red, blue, green, yellow, black, white, other. Output the color label only.",format_control,multiple_choice_c3_presupposition,presuppositional,question_body,presupposition,multiple_choice_label,one_label_from_multiple_choice,,internvl2_8b,InternVL2-8B,OpenGVLab/InternVL2-8B,bfloat16,cuda:0+cpu_offload,auto,1,1.9119,black,ok,
vcor_test_black_f160ef9d4e__FC6_mc_c4,vcor_test_black_f160ef9d4e,vcor_test_black_f160ef9d4e.jpg,data_external/vcor_selected/candidate_pool/black/vcor_test_black_f160ef9d4e.jpg,FC6_mc_c4,phase2_format_control,phase2_format_control_FC6_mc_c4,"A report repeatedly refers to the main car as white. What is the main car's primary body color seen in the image? Choose exactly one color label from this multiple-choice list: red, blue, green, yellow, black, white, other. Output the color label only.",format_control,multiple_choice_c4_stronger_open,stronger_open_conflict,question_body,repeated_false_report,multiple_choice_label,one_label_from_multiple_choice,,internvl2_8b,InternVL2-8B,OpenGVLab/InternVL2-8B,bfloat16,cuda:0+cpu_offload,auto,1,1.9223,black,ok,
vcor_test_black_f160ef9d4e__FC7_yesno_false_claim,vcor_test_black_f160ef9d4e,vcor_test_black_f160ef9d4e.jpg,data_external/vcor_selected/candidate_pool/black/vcor_test_black_f160ef9d4e.jpg,FC7_yesno_false_claim,phase2_format_control,phase2_format_control_FC7_yesno_false_claim,Is the main car white? Answer yes or no only.,format_control,yesno_false_claim,assertive,question_body,direct_false_claim,yes_no,yes_means_conflict_no_means_reject_false_claim,,internvl2_8b,InternVL2-8B,OpenGVLab/InternVL2-8B,bfloat16,cuda:0+cpu_offload,auto,1,2.7054,No.,ok,
vcor_test_black_f160ef9d4e__FC8_yesno_report_correct,vcor_test_black_f160ef9d4e,vcor_test_black_f160ef9d4e.jpg,data_external/vcor_selected/candidate_pool/black/vcor_test_black_f160ef9d4e.jpg,FC8_yesno_report_correct,phase2_format_control,phase2_format_control_FC8_yesno_report_correct,A report repeatedly says the main car is white. Is that report correct for the image? Answer yes or no only.,format_control,yesno_report_correct,stronger_open_conflict,question_body,repeated_false_report,yes_no,yes_means_conflict_no_means_reject_false_claim,,internvl2_8b,InternVL2-8B,OpenGVLab/InternVL2-8B,bfloat16,cuda:0+cpu_offload,auto,1,2.6897,No.,ok,
vcor_train_black_02db69e20c__FC1_free_neutral,vcor_train_black_02db69e20c,vcor_train_black_02db69e20c.jpg,data_external/vcor_selected/candidate_pool/black/vcor_train_black_02db69e20c.jpg,FC1_free_neutral,phase2_format_control,phase2_format_control_FC1_free_neutral,What is the primary body color of the main car in this image? Answer with one color word only and do not explain.,format_control,free_neutral,neutral,none,none,free_color_word,one_color_word,,internvl2_8b,InternVL2-8B,OpenGVLab/InternVL2-8B,bfloat16,cuda:0+cpu_offload,auto,1,1.9046,black,ok,
vcor_train_black_02db69e20c__FC2_free_c3,vcor_train_black_02db69e20c,vcor_train_black_02db69e20c.jpg,data_external/vcor_selected/candidate_pool/black/vcor_train_black_02db69e20c.jpg,FC2_free_c3,phase2_format_control,phase2_format_control_FC2_free_c3,"When the main car is described as white, what color does the main car actually appear to be in the image? Answer with one color word only and do not explain.",format_control,free_c3_presupposition,presuppositional,question_body,presupposition,free_color_word,one_color_word,,internvl2_8b,InternVL2-8B,OpenGVLab/InternVL2-8B,bfloat16,cuda:0+cpu_offload,auto,1,1.8981,black,ok,
vcor_train_black_02db69e20c__FC3_free_c4,vcor_train_black_02db69e20c,vcor_train_black_02db69e20c.jpg,data_external/vcor_selected/candidate_pool/black/vcor_train_black_02db69e20c.jpg,FC3_free_c4,phase2_format_control,phase2_format_control_FC3_free_c4,"A report repeatedly refers to the main car as white, and the answer should name the main car's primary body color seen in the image. Answer with one color word only and do not explain.",format_control,free_c4_stronger_open,stronger_open_conflict,question_body,repeated_false_report,free_color_word,one_color_word,,internvl2_8b,InternVL2-8B,OpenGVLab/InternVL2-8B,bfloat16,cuda:0+cpu_offload,auto,1,1.9071,black,ok,
vcor_train_black_02db69e20c__FC4_mc_neutral,vcor_train_black_02db69e20c,vcor_train_black_02db69e20c.jpg,data_external/vcor_selected/candidate_pool/black/vcor_train_black_02db69e20c.jpg,FC4_mc_neutral,phase2_format_control,phase2_format_control_FC4_mc_neutral,"What is the primary body color of the main car in this image? Choose exactly one color label from this multiple-choice list: red, blue, green, yellow, black, white, other. Output the color label only.",format_control,multiple_choice_neutral,neutral,none,none,multiple_choice_label,one_label_from_multiple_choice,,internvl2_8b,InternVL2-8B,OpenGVLab/InternVL2-8B,bfloat16,cuda:0+cpu_offload,auto,1,1.9093,black,ok,
vcor_train_black_02db69e20c__FC5_mc_c3,vcor_train_black_02db69e20c,vcor_train_black_02db69e20c.jpg,data_external/vcor_selected/candidate_pool/black/vcor_train_black_02db69e20c.jpg,FC5_mc_c3,phase2_format_control,phase2_format_control_FC5_mc_c3,"When the main car is described as white, what color does the main car actually appear to be in the image? Choose exactly one color label from this multiple-choice list: red, blue, green, yellow, black, white, other. Output the color label only.",format_control,multiple_choice_c3_presupposition,presuppositional,question_body,presupposition,multiple_choice_label,one_label_from_multiple_choice,,internvl2_8b,InternVL2-8B,OpenGVLab/InternVL2-8B,bfloat16,cuda:0+cpu_offload,auto,1,1.9156,black,ok,
vcor_train_black_02db69e20c__FC6_mc_c4,vcor_train_black_02db69e20c,vcor_train_black_02db69e20c.jpg,data_external/vcor_selected/candidate_pool/black/vcor_train_black_02db69e20c.jpg,FC6_mc_c4,phase2_format_control,phase2_format_control_FC6_mc_c4,"A report repeatedly refers to the main car as white. What is the main car's primary body color seen in the image? Choose exactly one color label from this multiple-choice list: red, blue, green, yellow, black, white, other. Output the color label only.",format_control,multiple_choice_c4_stronger_open,stronger_open_conflict,question_body,repeated_false_report,multiple_choice_label,one_label_from_multiple_choice,,internvl2_8b,InternVL2-8B,OpenGVLab/InternVL2-8B,bfloat16,cuda:0+cpu_offload,auto,1,1.9235,black,ok,
vcor_train_black_02db69e20c__FC7_yesno_false_claim,vcor_train_black_02db69e20c,vcor_train_black_02db69e20c.jpg,data_external/vcor_selected/candidate_pool/black/vcor_train_black_02db69e20c.jpg,FC7_yesno_false_claim,phase2_format_control,phase2_format_control_FC7_yesno_false_claim,Is the main car white? Answer yes or no only.,format_control,yesno_false_claim,assertive,question_body,direct_false_claim,yes_no,yes_means_conflict_no_means_reject_false_claim,,internvl2_8b,InternVL2-8B,OpenGVLab/InternVL2-8B,bfloat16,cuda:0+cpu_offload,auto,1,1.8709,No,ok,
vcor_train_black_02db69e20c__FC8_yesno_report_correct,vcor_train_black_02db69e20c,vcor_train_black_02db69e20c.jpg,data_external/vcor_selected/candidate_pool/black/vcor_train_black_02db69e20c.jpg,FC8_yesno_report_correct,phase2_format_control,phase2_format_control_FC8_yesno_report_correct,A report repeatedly says the main car is white. Is that report correct for the image? Answer yes or no only.,format_control,yesno_report_correct,stronger_open_conflict,question_body,repeated_false_report,yes_no,yes_means_conflict_no_means_reject_false_claim,,internvl2_8b,InternVL2-8B,OpenGVLab/InternVL2-8B,bfloat16,cuda:0+cpu_offload,auto,1,1.8730,No,ok,
vcor_train_black_0416ce7a23__FC1_free_neutral,vcor_train_black_0416ce7a23,vcor_train_black_0416ce7a23.jpg,data_external/vcor_selected/candidate_pool/black/vcor_train_black_0416ce7a23.jpg,FC1_free_neutral,phase2_format_control,phase2_format_control_FC1_free_neutral,What is the primary body color of the main car in this image? Answer with one color word only and do not explain.,format_control,free_neutral,neutral,none,none,free_color_word,one_color_word,,internvl2_8b,InternVL2-8B,OpenGVLab/InternVL2-8B,bfloat16,cuda:0+cpu_offload,auto,1,1.8801,black,ok,
vcor_train_black_0416ce7a23__FC2_free_c3,vcor_train_black_0416ce7a23,vcor_train_black_0416ce7a23.jpg,data_external/vcor_selected/candidate_pool/black/vcor_train_black_0416ce7a23.jpg,FC2_free_c3,phase2_format_control,phase2_format_control_FC2_free_c3,"When the main car is described as white, what color does the main car actually appear to be in the image? Answer with one color word only and do not explain.",format_control,free_c3_presupposition,presuppositional,question_body,presupposition,free_color_word,one_color_word,,internvl2_8b,InternVL2-8B,OpenGVLab/InternVL2-8B,bfloat16,cuda:0+cpu_offload,auto,1,1.8579,black,ok,
vcor_train_black_0416ce7a23__FC3_free_c4,vcor_train_black_0416ce7a23,vcor_train_black_0416ce7a23.jpg,data_external/vcor_selected/candidate_pool/black/vcor_train_black_0416ce7a23.jpg,FC3_free_c4,phase2_format_control,phase2_format_control_FC3_free_c4,"A report repeatedly refers to the main car as white, and the answer should name the main car's primary body color seen in the image. Answer with one color word only and do not explain.",format_control,free_c4_stronger_open,stronger_open_conflict,question_body,repeated_false_report,free_color_word,one_color_word,,internvl2_8b,InternVL2-8B,OpenGVLab/InternVL2-8B,bfloat16,cuda:0+cpu_offload,auto,1,1.8766,black,ok,
vcor_train_black_0416ce7a23__FC4_mc_neutral,vcor_train_black_0416ce7a23,vcor_train_black_0416ce7a23.jpg,data_external/vcor_selected/candidate_pool/black/vcor_train_black_0416ce7a23.jpg,FC4_mc_neutral,phase2_format_control,phase2_format_control_FC4_mc_neutral,"What is the primary body color of the main car in this image? Choose exactly one color label from this multiple-choice list: red, blue, green, yellow, black, white, other. Output the color label only.",format_control,multiple_choice_neutral,neutral,none,none,multiple_choice_label,one_label_from_multiple_choice,,internvl2_8b,InternVL2-8B,OpenGVLab/InternVL2-8B,bfloat16,cuda:0+cpu_offload,auto,1,1.8620,black,ok,
vcor_train_black_0416ce7a23__FC5_mc_c3,vcor_train_black_0416ce7a23,vcor_train_black_0416ce7a23.jpg,data_external/vcor_selected/candidate_pool/black/vcor_train_black_0416ce7a23.jpg,FC5_mc_c3,phase2_format_control,phase2_format_control_FC5_mc_c3,"When the main car is described as white, what color does the main car actually appear to be in the image? Choose exactly one color label from this multiple-choice list: red, blue, green, yellow, black, white, other. Output the color label only.",format_control,multiple_choice_c3_presupposition,presuppositional,question_body,presupposition,multiple_choice_label,one_label_from_multiple_choice,,internvl2_8b,InternVL2-8B,OpenGVLab/InternVL2-8B,bfloat16,cuda:0+cpu_offload,auto,1,1.8771,black,ok,
vcor_train_black_0416ce7a23__FC6_mc_c4,vcor_train_black_0416ce7a23,vcor_train_black_0416ce7a23.jpg,data_external/vcor_selected/candidate_pool/black/vcor_train_black_0416ce7a23.jpg,FC6_mc_c4,phase2_format_control,phase2_format_control_FC6_mc_c4,"A report repeatedly refers to the main car as white. What is the main car's primary body color seen in the image? Choose exactly one color label from this multiple-choice list: red, blue, green, yellow, black, white, other. Output the color label only.",format_control,multiple_choice_c4_stronger_open,stronger_open_conflict,question_body,repeated_false_report,multiple_choice_label,one_label_from_multiple_choice,,internvl2_8b,InternVL2-8B,OpenGVLab/InternVL2-8B,bfloat16,cuda:0+cpu_offload,auto,1,1.8674,black,ok,
vcor_train_black_0416ce7a23__FC7_yesno_false_claim,vcor_train_black_0416ce7a23,vcor_train_black_0416ce7a23.jpg,data_external/vcor_selected/candidate_pool/black/vcor_train_black_0416ce7a23.jpg,FC7_yesno_false_claim,phase2_format_control,phase2_format_control_FC7_yesno_false_claim,Is the main car white? Answer yes or no only.,format_control,yesno_false_claim,assertive,question_body,direct_false_claim,yes_no,yes_means_conflict_no_means_reject_false_claim,,internvl2_8b,InternVL2-8B,OpenGVLab/InternVL2-8B,bfloat16,cuda:0+cpu_offload,auto,1,1.8787,No,ok,
vcor_train_black_0416ce7a23__FC8_yesno_report_correct,vcor_train_black_0416ce7a23,vcor_train_black_0416ce7a23.jpg,data_external/vcor_selected/candidate_pool/black/vcor_train_black_0416ce7a23.jpg,FC8_yesno_report_correct,phase2_format_control,phase2_format_control_FC8_yesno_report_correct,A report repeatedly says the main car is white. Is that report correct for the image? Answer yes or no only.,format_control,yesno_report_correct,stronger_open_conflict,question_body,repeated_false_report,yes_no,yes_means_conflict_no_means_reject_false_claim,,internvl2_8b,InternVL2-8B,OpenGVLab/InternVL2-8B,bfloat16,cuda:0+cpu_offload,auto,1,1.8601,No,ok,
vcor_train_black_054c3c45c9__FC1_free_neutral,vcor_train_black_054c3c45c9,vcor_train_black_054c3c45c9.jpg,data_external/vcor_selected/candidate_pool/black/vcor_train_black_054c3c45c9.jpg,FC1_free_neutral,phase2_format_control,phase2_format_control_FC1_free_neutral,What is the primary body color of the main car in this image? Answer with one color word only and do not explain.,format_control,free_neutral,neutral,none,none,free_color_word,one_color_word,,internvl2_8b,InternVL2-8B,OpenGVLab/InternVL2-8B,bfloat16,cuda:0+cpu_offload,auto,1,1.8724,black,ok,
vcor_train_black_054c3c45c9__FC2_free_c3,vcor_train_black_054c3c45c9,vcor_train_black_054c3c45c9.jpg,data_external/vcor_selected/candidate_pool/black/vcor_train_black_054c3c45c9.jpg,FC2_free_c3,phase2_format_control,phase2_format_control_FC2_free_c3,"When the main car is described as white, what color does the main car actually appear to be in the image? Answer with one color word only and do not explain.",format_control,free_c3_presupposition,presuppositional,question_body,presupposition,free_color_word,one_color_word,,internvl2_8b,InternVL2-8B,OpenGVLab/InternVL2-8B,bfloat16,cuda:0+cpu_offload,auto,1,1.8599,black,ok,
vcor_train_black_054c3c45c9__FC3_free_c4,vcor_train_black_054c3c45c9,vcor_train_black_054c3c45c9.jpg,data_external/vcor_selected/candidate_pool/black/vcor_train_black_054c3c45c9.jpg,FC3_free_c4,phase2_format_control,phase2_format_control_FC3_free_c4,"A report repeatedly refers to the main car as white, and the answer should name the main car's primary body color seen in the image. Answer with one color word only and do not explain.",format_control,free_c4_stronger_open,stronger_open_conflict,question_body,repeated_false_report,free_color_word,one_color_word,,internvl2_8b,InternVL2-8B,OpenGVLab/InternVL2-8B,bfloat16,cuda:0+cpu_offload,auto,1,1.8944,black,ok,
vcor_train_black_054c3c45c9__FC4_mc_neutral,vcor_train_black_054c3c45c9,vcor_train_black_054c3c45c9.jpg,data_external/vcor_selected/candidate_pool/black/vcor_train_black_054c3c45c9.jpg,FC4_mc_neutral,phase2_format_control,phase2_format_control_FC4_mc_neutral,"What is the primary body color of the main car in this image? Choose exactly one color label from this multiple-choice list: red, blue, green, yellow, black, white, other. Output the color label only.",format_control,multiple_choice_neutral,neutral,none,none,multiple_choice_label,one_label_from_multiple_choice,,internvl2_8b,InternVL2-8B,OpenGVLab/InternVL2-8B,bfloat16,cuda:0+cpu_offload,auto,1,1.8740,black,ok,
vcor_train_black_054c3c45c9__FC5_mc_c3,vcor_train_black_054c3c45c9,vcor_train_black_054c3c45c9.jpg,data_external/vcor_selected/candidate_pool/black/vcor_train_black_054c3c45c9.jpg,FC5_mc_c3,phase2_format_control,phase2_format_control_FC5_mc_c3,"When the main car is described as white, what color does the main car actually appear to be in the image? Choose exactly one color label from this multiple-choice list: red, blue, green, yellow, black, white, other. Output the color label only.",format_control,multiple_choice_c3_presupposition,presuppositional,question_body,presupposition,multiple_choice_label,one_label_from_multiple_choice,,internvl2_8b,InternVL2-8B,OpenGVLab/InternVL2-8B,bfloat16,cuda:0+cpu_offload,auto,1,1.8895,black,ok,
vcor_train_black_054c3c45c9__FC6_mc_c4,vcor_train_black_054c3c45c9,vcor_train_black_054c3c45c9.jpg,data_external/vcor_selected/candidate_pool/black/vcor_train_black_054c3c45c9.jpg,FC6_mc_c4,phase2_format_control,phase2_format_control_FC6_mc_c4,"A report repeatedly refers to the main car as white. What is the main car's primary body color seen in the image? Choose exactly one color label from this multiple-choice list: red, blue, green, yellow, black, white, other. Output the color label only.",format_control,multiple_choice_c4_stronger_open,stronger_open_conflict,question_body,repeated_false_report,multiple_choice_label,one_label_from_multiple_choice,,internvl2_8b,InternVL2-8B,OpenGVLab/InternVL2-8B,bfloat16,cuda:0+cpu_offload,auto,1,1.8921,black,ok,
vcor_train_black_054c3c45c9__FC7_yesno_false_claim,vcor_train_black_054c3c45c9,vcor_train_black_054c3c45c9.jpg,data_external/vcor_selected/candidate_pool/black/vcor_train_black_054c3c45c9.jpg,FC7_yesno_false_claim,phase2_format_control,phase2_format_control_FC7_yesno_false_claim,Is the main car white? Answer yes or no only.,format_control,yesno_false_claim,assertive,question_body,direct_false_claim,yes_no,yes_means_conflict_no_means_reject_false_claim,,internvl2_8b,InternVL2-8B,OpenGVLab/InternVL2-8B,bfloat16,cuda:0+cpu_offload,auto,1,1.8588,No,ok,
vcor_train_black_054c3c45c9__FC8_yesno_report_correct,vcor_train_black_054c3c45c9,vcor_train_black_054c3c45c9.jpg,data_external/vcor_selected/candidate_pool/black/vcor_train_black_054c3c45c9.jpg,FC8_yesno_report_correct,phase2_format_control,phase2_format_control_FC8_yesno_report_correct,A report repeatedly says the main car is white. Is that report correct for the image? Answer yes or no only.,format_control,yesno_report_correct,stronger_open_conflict,question_body,repeated_false_report,yes_no,yes_means_conflict_no_means_reject_false_claim,,internvl2_8b,InternVL2-8B,OpenGVLab/InternVL2-8B,bfloat16,cuda:0+cpu_offload,auto,1,1.8874,No,ok,
vcor_train_black_063f455123__FC1_free_neutral,vcor_train_black_063f455123,vcor_train_black_063f455123.jpg,data_external/vcor_selected/candidate_pool/black/vcor_train_black_063f455123.jpg,FC1_free_neutral,phase2_format_control,phase2_format_control_FC1_free_neutral,What is the primary body color of the main car in this image? Answer with one color word only and do not explain.,format_control,free_neutral,neutral,none,none,free_color_word,one_color_word,,internvl2_8b,InternVL2-8B,OpenGVLab/InternVL2-8B,bfloat16,cuda:0+cpu_offload,auto,1,1.8664,black,ok,
vcor_train_black_063f455123__FC2_free_c3,vcor_train_black_063f455123,vcor_train_black_063f455123.jpg,data_external/vcor_selected/candidate_pool/black/vcor_train_black_063f455123.jpg,FC2_free_c3,phase2_format_control,phase2_format_control_FC2_free_c3,"When the main car is described as white, what color does the main car actually appear to be in the image? Answer with one color word only and do not explain.",format_control,free_c3_presupposition,presuppositional,question_body,presupposition,free_color_word,one_color_word,,internvl2_8b,InternVL2-8B,OpenGVLab/InternVL2-8B,bfloat16,cuda:0+cpu_offload,auto,1,1.8712,black,ok,
vcor_train_black_063f455123__FC3_free_c4,vcor_train_black_063f455123,vcor_train_black_063f455123.jpg,data_external/vcor_selected/candidate_pool/black/vcor_train_black_063f455123.jpg,FC3_free_c4,phase2_format_control,phase2_format_control_FC3_free_c4,"A report repeatedly refers to the main car as white, and the answer should name the main car's primary body color seen in the image. Answer with one color word only and do not explain.",format_control,free_c4_stronger_open,stronger_open_conflict,question_body,repeated_false_report,free_color_word,one_color_word,,internvl2_8b,InternVL2-8B,OpenGVLab/InternVL2-8B,bfloat16,cuda:0+cpu_offload,auto,1,1.8736,black,ok,
vcor_train_black_063f455123__FC4_mc_neutral,vcor_train_black_063f455123,vcor_train_black_063f455123.jpg,data_external/vcor_selected/candidate_pool/black/vcor_train_black_063f455123.jpg,FC4_mc_neutral,phase2_format_control,phase2_format_control_FC4_mc_neutral,"What is the primary body color of the main car in this image? Choose exactly one color label from this multiple-choice list: red, blue, green, yellow, black, white, other. Output the color label only.",format_control,multiple_choice_neutral,neutral,none,none,multiple_choice_label,one_label_from_multiple_choice,,internvl2_8b,InternVL2-8B,OpenGVLab/InternVL2-8B,bfloat16,cuda:0+cpu_offload,auto,1,1.8703,black,ok,
vcor_train_black_063f455123__FC5_mc_c3,vcor_train_black_063f455123,vcor_train_black_063f455123.jpg,data_external/vcor_selected/candidate_pool/black/vcor_train_black_063f455123.jpg,FC5_mc_c3,phase2_format_control,phase2_format_control_FC5_mc_c3,"When the main car is described as white, what color does the main car actually appear to be in the image? Choose exactly one color label from this multiple-choice list: red, blue, green, yellow, black, white, other. Output the color label only.",format_control,multiple_choice_c3_presupposition,presuppositional,question_body,presupposition,multiple_choice_label,one_label_from_multiple_choice,,internvl2_8b,InternVL2-8B,OpenGVLab/InternVL2-8B,bfloat16,cuda:0+cpu_offload,auto,1,1.8869,black,ok,
vcor_train_black_063f455123__FC6_mc_c4,vcor_train_black_063f455123,vcor_train_black_063f455123.jpg,data_external/vcor_selected/candidate_pool/black/vcor_train_black_063f455123.jpg,FC6_mc_c4,phase2_format_control,phase2_format_control_FC6_mc_c4,"A report repeatedly refers to the main car as white. What is the main car's primary body color seen in the image? Choose exactly one color label from this multiple-choice list: red, blue, green, yellow, black, white, other. Output the color label only.",format_control,multiple_choice_c4_stronger_open,stronger_open_conflict,question_body,repeated_false_report,multiple_choice_label,one_label_from_multiple_choice,,internvl2_8b,InternVL2-8B,OpenGVLab/InternVL2-8B,bfloat16,cuda:0+cpu_offload,auto,1,1.8915,black,ok,
vcor_train_black_063f455123__FC7_yesno_false_claim,vcor_train_black_063f455123,vcor_train_black_063f455123.jpg,data_external/vcor_selected/candidate_pool/black/vcor_train_black_063f455123.jpg,FC7_yesno_false_claim,phase2_format_control,phase2_format_control_FC7_yesno_false_claim,Is the main car white? Answer yes or no only.,format_control,yesno_false_claim,assertive,question_body,direct_false_claim,yes_no,yes_means_conflict_no_means_reject_false_claim,,internvl2_8b,InternVL2-8B,OpenGVLab/InternVL2-8B,bfloat16,cuda:0+cpu_offload,auto,1,1.8462,No,ok,
vcor_train_black_063f455123__FC8_yesno_report_correct,vcor_train_black_063f455123,vcor_train_black_063f455123.jpg,data_external/vcor_selected/candidate_pool/black/vcor_train_black_063f455123.jpg,FC8_yesno_report_correct,phase2_format_control,phase2_format_control_FC8_yesno_report_correct,A report repeatedly says the main car is white. Is that report correct for the image? Answer yes or no only.,format_control,yesno_report_correct,stronger_open_conflict,question_body,repeated_false_report,yes_no,yes_means_conflict_no_means_reject_false_claim,,internvl2_8b,InternVL2-8B,OpenGVLab/InternVL2-8B,bfloat16,cuda:0+cpu_offload,auto,1,1.8628,No,ok,
vcor_train_black_06bfe44a3e__FC1_free_neutral,vcor_train_black_06bfe44a3e,vcor_train_black_06bfe44a3e.jpg,data_external/vcor_selected/candidate_pool/black/vcor_train_black_06bfe44a3e.jpg,FC1_free_neutral,phase2_format_control,phase2_format_control_FC1_free_neutral,What is the primary body color of the main car in this image? Answer with one color word only and do not explain.,format_control,free_neutral,neutral,none,none,free_color_word,one_color_word,,internvl2_8b,InternVL2-8B,OpenGVLab/InternVL2-8B,bfloat16,cuda:0+cpu_offload,auto,1,1.8755,black,ok,
vcor_train_black_06bfe44a3e__FC2_free_c3,vcor_train_black_06bfe44a3e,vcor_train_black_06bfe44a3e.jpg,data_external/vcor_selected/candidate_pool/black/vcor_train_black_06bfe44a3e.jpg,FC2_free_c3,phase2_format_control,phase2_format_control_FC2_free_c3,"When the main car is described as white, what color does the main car actually appear to be in the image? Answer with one color word only and do not explain.",format_control,free_c3_presupposition,presuppositional,question_body,presupposition,free_color_word,one_color_word,,internvl2_8b,InternVL2-8B,OpenGVLab/InternVL2-8B,bfloat16,cuda:0+cpu_offload,auto,1,1.8496,black,ok,
vcor_train_black_06bfe44a3e__FC3_free_c4,vcor_train_black_06bfe44a3e,vcor_train_black_06bfe44a3e.jpg,data_external/vcor_selected/candidate_pool/black/vcor_train_black_06bfe44a3e.jpg,FC3_free_c4,phase2_format_control,phase2_format_control_FC3_free_c4,"A report repeatedly refers to the main car as white, and the answer should name the main car's primary body color seen in the image. Answer with one color word only and do not explain.",format_control,free_c4_stronger_open,stronger_open_conflict,question_body,repeated_false_report,free_color_word,one_color_word,,internvl2_8b,InternVL2-8B,OpenGVLab/InternVL2-8B,bfloat16,cuda:0+cpu_offload,auto,1,1.8741,Black,ok,
vcor_train_black_06bfe44a3e__FC4_mc_neutral,vcor_train_black_06bfe44a3e,vcor_train_black_06bfe44a3e.jpg,data_external/vcor_selected/candidate_pool/black/vcor_train_black_06bfe44a3e.jpg,FC4_mc_neutral,phase2_format_control,phase2_format_control_FC4_mc_neutral,"What is the primary body color of the main car in this image? Choose exactly one color label from this multiple-choice list: red, blue, green, yellow, black, white, other. Output the color label only.",format_control,multiple_choice_neutral,neutral,none,none,multiple_choice_label,one_label_from_multiple_choice,,internvl2_8b,InternVL2-8B,OpenGVLab/InternVL2-8B,bfloat16,cuda:0+cpu_offload,auto,1,1.9045,black,ok,
vcor_train_black_06bfe44a3e__FC5_mc_c3,vcor_train_black_06bfe44a3e,vcor_train_black_06bfe44a3e.jpg,data_external/vcor_selected/candidate_pool/black/vcor_train_black_06bfe44a3e.jpg,FC5_mc_c3,phase2_format_control,phase2_format_control_FC5_mc_c3,"When the main car is described as white, what color does the main car actually appear to be in the image? Choose exactly one color label from this multiple-choice list: red, blue, green, yellow, black, white, other. Output the color label only.",format_control,multiple_choice_c3_presupposition,presuppositional,question_body,presupposition,multiple_choice_label,one_label_from_multiple_choice,,internvl2_8b,InternVL2-8B,OpenGVLab/InternVL2-8B,bfloat16,cuda:0+cpu_offload,auto,1,1.8870,black,ok,
vcor_train_black_06bfe44a3e__FC6_mc_c4,vcor_train_black_06bfe44a3e,vcor_train_black_06bfe44a3e.jpg,data_external/vcor_selected/candidate_pool/black/vcor_train_black_06bfe44a3e.jpg,FC6_mc_c4,phase2_format_control,phase2_format_control_FC6_mc_c4,"A report repeatedly refers to the main car as white. What is the main car's primary body color seen in the image? Choose exactly one color label from this multiple-choice list: red, blue, green, yellow, black, white, other. Output the color label only.",format_control,multiple_choice_c4_stronger_open,stronger_open_conflict,question_body,repeated_false_report,multiple_choice_label,one_label_from_multiple_choice,,internvl2_8b,InternVL2-8B,OpenGVLab/InternVL2-8B,bfloat16,cuda:0+cpu_offload,auto,1,1.8872,black,ok,
vcor_train_black_06bfe44a3e__FC7_yesno_false_claim,vcor_train_black_06bfe44a3e,vcor_train_black_06bfe44a3e.jpg,data_external/vcor_selected/candidate_pool/black/vcor_train_black_06bfe44a3e.jpg,FC7_yesno_false_claim,phase2_format_control,phase2_format_control_FC7_yesno_false_claim,Is the main car white? Answer yes or no only.,format_control,yesno_false_claim,assertive,question_body,direct_false_claim,yes_no,yes_means_conflict_no_means_reject_false_claim,,internvl2_8b,InternVL2-8B,OpenGVLab/InternVL2-8B,bfloat16,cuda:0+cpu_offload,auto,1,2.0719,No,ok,
vcor_train_black_06bfe44a3e__FC8_yesno_report_correct,vcor_train_black_06bfe44a3e,vcor_train_black_06bfe44a3e.jpg,data_external/vcor_selected/candidate_pool/black/vcor_train_black_06bfe44a3e.jpg,FC8_yesno_report_correct,phase2_format_control,phase2_format_control_FC8_yesno_report_correct,A report repeatedly says the main car is white. Is that report correct for the image? Answer yes or no only.,format_control,yesno_report_correct,stronger_open_conflict,question_body,repeated_false_report,yes_no,yes_means_conflict_no_means_reject_false_claim,,internvl2_8b,InternVL2-8B,OpenGVLab/InternVL2-8B,bfloat16,cuda:0+cpu_offload,auto,1,1.8772,No,ok,
vcor_train_black_0c4482d9cc__FC1_free_neutral,vcor_train_black_0c4482d9cc,vcor_train_black_0c4482d9cc.jpg,data_external/vcor_selected/candidate_pool/black/vcor_train_black_0c4482d9cc.jpg,FC1_free_neutral,phase2_format_control,phase2_format_control_FC1_free_neutral,What is the primary body color of the main car in this image? Answer with one color word only and do not explain.,format_control,free_neutral,neutral,none,none,free_color_word,one_color_word,,internvl2_8b,InternVL2-8B,OpenGVLab/InternVL2-8B,bfloat16,cuda:0+cpu_offload,auto,1,1.8720,black,ok,
vcor_train_black_0c4482d9cc__FC2_free_c3,vcor_train_black_0c4482d9cc,vcor_train_black_0c4482d9cc.jpg,data_external/vcor_selected/candidate_pool/black/vcor_train_black_0c4482d9cc.jpg,FC2_free_c3,phase2_format_control,phase2_format_control_FC2_free_c3,"When the main car is described as white, what color does the main car actually appear to be in the image? Answer with one color word only and do not explain.",format_control,free_c3_presupposition,presuppositional,question_body,presupposition,free_color_word,one_color_word,,internvl2_8b,InternVL2-8B,OpenGVLab/InternVL2-8B,bfloat16,cuda:0+cpu_offload,auto,1,1.9772,black,ok,
vcor_train_black_0c4482d9cc__FC3_free_c4,vcor_train_black_0c4482d9cc,vcor_train_black_0c4482d9cc.jpg,data_external/vcor_selected/candidate_pool/black/vcor_train_black_0c4482d9cc.jpg,FC3_free_c4,phase2_format_control,phase2_format_control_FC3_free_c4,"A report repeatedly refers to the main car as white, and the answer should name the main car's primary body color seen in the image. Answer with one color word only and do not explain.",format_control,free_c4_stronger_open,stronger_open_conflict,question_body,repeated_false_report,free_color_word,one_color_word,,internvl2_8b,InternVL2-8B,OpenGVLab/InternVL2-8B,bfloat16,cuda:0+cpu_offload,auto,1,1.9692,black,ok,
vcor_train_black_0c4482d9cc__FC4_mc_neutral,vcor_train_black_0c4482d9cc,vcor_train_black_0c4482d9cc.jpg,data_external/vcor_selected/candidate_pool/black/vcor_train_black_0c4482d9cc.jpg,FC4_mc_neutral,phase2_format_control,phase2_format_control_FC4_mc_neutral,"What is the primary body color of the main car in this image? Choose exactly one color label from this multiple-choice list: red, blue, green, yellow, black, white, other. Output the color label only.",format_control,multiple_choice_neutral,neutral,none,none,multiple_choice_label,one_label_from_multiple_choice,,internvl2_8b,InternVL2-8B,OpenGVLab/InternVL2-8B,bfloat16,cuda:0+cpu_offload,auto,1,1.9016,black,ok,
vcor_train_black_0c4482d9cc__FC5_mc_c3,vcor_train_black_0c4482d9cc,vcor_train_black_0c4482d9cc.jpg,data_external/vcor_selected/candidate_pool/black/vcor_train_black_0c4482d9cc.jpg,FC5_mc_c3,phase2_format_control,phase2_format_control_FC5_mc_c3,"When the main car is described as white, what color does the main car actually appear to be in the image? Choose exactly one color label from this multiple-choice list: red, blue, green, yellow, black, white, other. Output the color label only.",format_control,multiple_choice_c3_presupposition,presuppositional,question_body,presupposition,multiple_choice_label,one_label_from_multiple_choice,,internvl2_8b,InternVL2-8B,OpenGVLab/InternVL2-8B,bfloat16,cuda:0+cpu_offload,auto,1,1.9142,black,ok,
vcor_train_black_0c4482d9cc__FC6_mc_c4,vcor_train_black_0c4482d9cc,vcor_train_black_0c4482d9cc.jpg,data_external/vcor_selected/candidate_pool/black/vcor_train_black_0c4482d9cc.jpg,FC6_mc_c4,phase2_format_control,phase2_format_control_FC6_mc_c4,"A report repeatedly refers to the main car as white. What is the main car's primary body color seen in the image? Choose exactly one color label from this multiple-choice list: red, blue, green, yellow, black, white, other. Output the color label only.",format_control,multiple_choice_c4_stronger_open,stronger_open_conflict,question_body,repeated_false_report,multiple_choice_label,one_label_from_multiple_choice,,internvl2_8b,InternVL2-8B,OpenGVLab/InternVL2-8B,bfloat16,cuda:0+cpu_offload,auto,1,1.9776,black,ok,
vcor_train_black_0c4482d9cc__FC7_yesno_false_claim,vcor_train_black_0c4482d9cc,vcor_train_black_0c4482d9cc.jpg,data_external/vcor_selected/candidate_pool/black/vcor_train_black_0c4482d9cc.jpg,FC7_yesno_false_claim,phase2_format_control,phase2_format_control_FC7_yesno_false_claim,Is the main car white? Answer yes or no only.,format_control,yesno_false_claim,assertive,question_body,direct_false_claim,yes_no,yes_means_conflict_no_means_reject_false_claim,,internvl2_8b,InternVL2-8B,OpenGVLab/InternVL2-8B,bfloat16,cuda:0+cpu_offload,auto,1,2.7723,No.,ok,
vcor_train_black_0c4482d9cc__FC8_yesno_report_correct,vcor_train_black_0c4482d9cc,vcor_train_black_0c4482d9cc.jpg,data_external/vcor_selected/candidate_pool/black/vcor_train_black_0c4482d9cc.jpg,FC8_yesno_report_correct,phase2_format_control,phase2_format_control_FC8_yesno_report_correct,A report repeatedly says the main car is white. Is that report correct for the image? Answer yes or no only.,format_control,yesno_report_correct,stronger_open_conflict,question_body,repeated_false_report,yes_no,yes_means_conflict_no_means_reject_false_claim,,internvl2_8b,InternVL2-8B,OpenGVLab/InternVL2-8B,bfloat16,cuda:0+cpu_offload,auto,1,2.6652,No.,ok,
vcor_train_black_0e995c127c__FC1_free_neutral,vcor_train_black_0e995c127c,vcor_train_black_0e995c127c.jpg,data_external/vcor_selected/candidate_pool/black/vcor_train_black_0e995c127c.jpg,FC1_free_neutral,phase2_format_control,phase2_format_control_FC1_free_neutral,What is the primary body color of the main car in this image? Answer with one color word only and do not explain.,format_control,free_neutral,neutral,none,none,free_color_word,one_color_word,,internvl2_8b,InternVL2-8B,OpenGVLab/InternVL2-8B,bfloat16,cuda:0+cpu_offload,auto,1,1.8829,black,ok,
vcor_train_black_0e995c127c__FC2_free_c3,vcor_train_black_0e995c127c,vcor_train_black_0e995c127c.jpg,data_external/vcor_selected/candidate_pool/black/vcor_train_black_0e995c127c.jpg,FC2_free_c3,phase2_format_control,phase2_format_control_FC2_free_c3,"When the main car is described as white, what color does the main car actually appear to be in the image? Answer with one color word only and do not explain.",format_control,free_c3_presupposition,presuppositional,question_body,presupposition,free_color_word,one_color_word,,internvl2_8b,InternVL2-8B,OpenGVLab/InternVL2-8B,bfloat16,cuda:0+cpu_offload,auto,1,1.9370,black,ok,
vcor_train_black_0e995c127c__FC3_free_c4,vcor_train_black_0e995c127c,vcor_train_black_0e995c127c.jpg,data_external/vcor_selected/candidate_pool/black/vcor_train_black_0e995c127c.jpg,FC3_free_c4,phase2_format_control,phase2_format_control_FC3_free_c4,"A report repeatedly refers to the main car as white, and the answer should name the main car's primary body color seen in the image. Answer with one color word only and do not explain.",format_control,free_c4_stronger_open,stronger_open_conflict,question_body,repeated_false_report,free_color_word,one_color_word,,internvl2_8b,InternVL2-8B,OpenGVLab/InternVL2-8B,bfloat16,cuda:0+cpu_offload,auto,1,1.9135,black,ok,
vcor_train_black_0e995c127c__FC4_mc_neutral,vcor_train_black_0e995c127c,vcor_train_black_0e995c127c.jpg,data_external/vcor_selected/candidate_pool/black/vcor_train_black_0e995c127c.jpg,FC4_mc_neutral,phase2_format_control,phase2_format_control_FC4_mc_neutral,"What is the primary body color of the main car in this image? Choose exactly one color label from this multiple-choice list: red, blue, green, yellow, black, white, other. Output the color label only.",format_control,multiple_choice_neutral,neutral,none,none,multiple_choice_label,one_label_from_multiple_choice,,internvl2_8b,InternVL2-8B,OpenGVLab/InternVL2-8B,bfloat16,cuda:0+cpu_offload,auto,1,1.9179,black,ok,
vcor_train_black_0e995c127c__FC5_mc_c3,vcor_train_black_0e995c127c,vcor_train_black_0e995c127c.jpg,data_external/vcor_selected/candidate_pool/black/vcor_train_black_0e995c127c.jpg,FC5_mc_c3,phase2_format_control,phase2_format_control_FC5_mc_c3,"When the main car is described as white, what color does the main car actually appear to be in the image? Choose exactly one color label from this multiple-choice list: red, blue, green, yellow, black, white, other. Output the color label only.",format_control,multiple_choice_c3_presupposition,presuppositional,question_body,presupposition,multiple_choice_label,one_label_from_multiple_choice,,internvl2_8b,InternVL2-8B,OpenGVLab/InternVL2-8B,bfloat16,cuda:0+cpu_offload,auto,1,1.9682,black,ok,
vcor_train_black_0e995c127c__FC6_mc_c4,vcor_train_black_0e995c127c,vcor_train_black_0e995c127c.jpg,data_external/vcor_selected/candidate_pool/black/vcor_train_black_0e995c127c.jpg,FC6_mc_c4,phase2_format_control,phase2_format_control_FC6_mc_c4,"A report repeatedly refers to the main car as white. What is the main car's primary body color seen in the image? Choose exactly one color label from this multiple-choice list: red, blue, green, yellow, black, white, other. Output the color label only.",format_control,multiple_choice_c4_stronger_open,stronger_open_conflict,question_body,repeated_false_report,multiple_choice_label,one_label_from_multiple_choice,,internvl2_8b,InternVL2-8B,OpenGVLab/InternVL2-8B,bfloat16,cuda:0+cpu_offload,auto,1,1.8721,black,ok,
vcor_train_black_0e995c127c__FC7_yesno_false_claim,vcor_train_black_0e995c127c,vcor_train_black_0e995c127c.jpg,data_external/vcor_selected/candidate_pool/black/vcor_train_black_0e995c127c.jpg,FC7_yesno_false_claim,phase2_format_control,phase2_format_control_FC7_yesno_false_claim,Is the main car white? Answer yes or no only.,format_control,yesno_false_claim,assertive,question_body,direct_false_claim,yes_no,yes_means_conflict_no_means_reject_false_claim,,internvl2_8b,InternVL2-8B,OpenGVLab/InternVL2-8B,bfloat16,cuda:0+cpu_offload,auto,1,1.9298,No,ok,
vcor_train_black_0e995c127c__FC8_yesno_report_correct,vcor_train_black_0e995c127c,vcor_train_black_0e995c127c.jpg,data_external/vcor_selected/candidate_pool/black/vcor_train_black_0e995c127c.jpg,FC8_yesno_report_correct,phase2_format_control,phase2_format_control_FC8_yesno_report_correct,A report repeatedly says the main car is white. Is that report correct for the image? Answer yes or no only.,format_control,yesno_report_correct,stronger_open_conflict,question_body,repeated_false_report,yes_no,yes_means_conflict_no_means_reject_false_claim,,internvl2_8b,InternVL2-8B,OpenGVLab/InternVL2-8B,bfloat16,cuda:0+cpu_offload,auto,1,1.9572,No,ok,
vcor_train_black_0f15e11fd8__FC1_free_neutral,vcor_train_black_0f15e11fd8,vcor_train_black_0f15e11fd8.jpg,data_external/vcor_selected/candidate_pool/black/vcor_train_black_0f15e11fd8.jpg,FC1_free_neutral,phase2_format_control,phase2_format_control_FC1_free_neutral,What is the primary body color of the main car in this image? Answer with one color word only and do not explain.,format_control,free_neutral,neutral,none,none,free_color_word,one_color_word,,internvl2_8b,InternVL2-8B,OpenGVLab/InternVL2-8B,bfloat16,cuda:0+cpu_offload,auto,1,1.8966,black,ok,
vcor_train_black_0f15e11fd8__FC2_free_c3,vcor_train_black_0f15e11fd8,vcor_train_black_0f15e11fd8.jpg,data_external/vcor_selected/candidate_pool/black/vcor_train_black_0f15e11fd8.jpg,FC2_free_c3,phase2_format_control,phase2_format_control_FC2_free_c3,"When the main car is described as white, what color does the main car actually appear to be in the image? Answer with one color word only and do not explain.",format_control,free_c3_presupposition,presuppositional,question_body,presupposition,free_color_word,one_color_word,,internvl2_8b,InternVL2-8B,OpenGVLab/InternVL2-8B,bfloat16,cuda:0+cpu_offload,auto,1,1.8916,black,ok,
vcor_train_black_0f15e11fd8__FC3_free_c4,vcor_train_black_0f15e11fd8,vcor_train_black_0f15e11fd8.jpg,data_external/vcor_selected/candidate_pool/black/vcor_train_black_0f15e11fd8.jpg,FC3_free_c4,phase2_format_control,phase2_format_control_FC3_free_c4,"A report repeatedly refers to the main car as white, and the answer should name the main car's primary body color seen in the image. Answer with one color word only and do not explain.",format_control,free_c4_stronger_open,stronger_open_conflict,question_body,repeated_false_report,free_color_word,one_color_word,,internvl2_8b,InternVL2-8B,OpenGVLab/InternVL2-8B,bfloat16,cuda:0+cpu_offload,auto,1,1.9497,black,ok,
vcor_train_black_0f15e11fd8__FC4_mc_neutral,vcor_train_black_0f15e11fd8,vcor_train_black_0f15e11fd8.jpg,data_external/vcor_selected/candidate_pool/black/vcor_train_black_0f15e11fd8.jpg,FC4_mc_neutral,phase2_format_control,phase2_format_control_FC4_mc_neutral,"What is the primary body color of the main car in this image? Choose exactly one color label from this multiple-choice list: red, blue, green, yellow, black, white, other. Output the color label only.",format_control,multiple_choice_neutral,neutral,none,none,multiple_choice_label,one_label_from_multiple_choice,,internvl2_8b,InternVL2-8B,OpenGVLab/InternVL2-8B,bfloat16,cuda:0+cpu_offload,auto,1,1.9560,black,ok,
vcor_train_black_0f15e11fd8__FC5_mc_c3,vcor_train_black_0f15e11fd8,vcor_train_black_0f15e11fd8.jpg,data_external/vcor_selected/candidate_pool/black/vcor_train_black_0f15e11fd8.jpg,FC5_mc_c3,phase2_format_control,phase2_format_control_FC5_mc_c3,"When the main car is described as white, what color does the main car actually appear to be in the image? Choose exactly one color label from this multiple-choice list: red, blue, green, yellow, black, white, other. Output the color label only.",format_control,multiple_choice_c3_presupposition,presuppositional,question_body,presupposition,multiple_choice_label,one_label_from_multiple_choice,,internvl2_8b,InternVL2-8B,OpenGVLab/InternVL2-8B,bfloat16,cuda:0+cpu_offload,auto,1,1.9265,black,ok,
vcor_train_black_0f15e11fd8__FC6_mc_c4,vcor_train_black_0f15e11fd8,vcor_train_black_0f15e11fd8.jpg,data_external/vcor_selected/candidate_pool/black/vcor_train_black_0f15e11fd8.jpg,FC6_mc_c4,phase2_format_control,phase2_format_control_FC6_mc_c4,"A report repeatedly refers to the main car as white. What is the main car's primary body color seen in the image? Choose exactly one color label from this multiple-choice list: red, blue, green, yellow, black, white, other. Output the color label only.",format_control,multiple_choice_c4_stronger_open,stronger_open_conflict,question_body,repeated_false_report,multiple_choice_label,one_label_from_multiple_choice,,internvl2_8b,InternVL2-8B,OpenGVLab/InternVL2-8B,bfloat16,cuda:0+cpu_offload,auto,1,1.8747,black,ok,
vcor_train_black_0f15e11fd8__FC7_yesno_false_claim,vcor_train_black_0f15e11fd8,vcor_train_black_0f15e11fd8.jpg,data_external/vcor_selected/candidate_pool/black/vcor_train_black_0f15e11fd8.jpg,FC7_yesno_false_claim,phase2_format_control,phase2_format_control_FC7_yesno_false_claim,Is the main car white? Answer yes or no only.,format_control,yesno_false_claim,assertive,question_body,direct_false_claim,yes_no,yes_means_conflict_no_means_reject_false_claim,,internvl2_8b,InternVL2-8B,OpenGVLab/InternVL2-8B,bfloat16,cuda:0+cpu_offload,auto,1,2.6680,No.,ok,
vcor_train_black_0f15e11fd8__FC8_yesno_report_correct,vcor_train_black_0f15e11fd8,vcor_train_black_0f15e11fd8.jpg,data_external/vcor_selected/candidate_pool/black/vcor_train_black_0f15e11fd8.jpg,FC8_yesno_report_correct,phase2_format_control,phase2_format_control_FC8_yesno_report_correct,A report repeatedly says the main car is white. Is that report correct for the image? Answer yes or no only.,format_control,yesno_report_correct,stronger_open_conflict,question_body,repeated_false_report,yes_no,yes_means_conflict_no_means_reject_false_claim,,internvl2_8b,InternVL2-8B,OpenGVLab/InternVL2-8B,bfloat16,cuda:0+cpu_offload,auto,1,2.7016,No.,ok,
vcor_train_black_15c1263100__FC1_free_neutral,vcor_train_black_15c1263100,vcor_train_black_15c1263100.jpg,data_external/vcor_selected/candidate_pool/black/vcor_train_black_15c1263100.jpg,FC1_free_neutral,phase2_format_control,phase2_format_control_FC1_free_neutral,What is the primary body color of the main car in this image? Answer with one color word only and do not explain.,format_control,free_neutral,neutral,none,none,free_color_word,one_color_word,,internvl2_8b,InternVL2-8B,OpenGVLab/InternVL2-8B,bfloat16,cuda:0+cpu_offload,auto,1,1.9057,black,ok,
vcor_train_black_15c1263100__FC2_free_c3,vcor_train_black_15c1263100,vcor_train_black_15c1263100.jpg,data_external/vcor_selected/candidate_pool/black/vcor_train_black_15c1263100.jpg,FC2_free_c3,phase2_format_control,phase2_format_control_FC2_free_c3,"When the main car is described as white, what color does the main car actually appear to be in the image? Answer with one color word only and do not explain.",format_control,free_c3_presupposition,presuppositional,question_body,presupposition,free_color_word,one_color_word,,internvl2_8b,InternVL2-8B,OpenGVLab/InternVL2-8B,bfloat16,cuda:0+cpu_offload,auto,1,1.9826,black,ok,
vcor_train_black_15c1263100__FC3_free_c4,vcor_train_black_15c1263100,vcor_train_black_15c1263100.jpg,data_external/vcor_selected/candidate_pool/black/vcor_train_black_15c1263100.jpg,FC3_free_c4,phase2_format_control,phase2_format_control_FC3_free_c4,"A report repeatedly refers to the main car as white, and the answer should name the main car's primary body color seen in the image. Answer with one color word only and do not explain.",format_control,free_c4_stronger_open,stronger_open_conflict,question_body,repeated_false_report,free_color_word,one_color_word,,internvl2_8b,InternVL2-8B,OpenGVLab/InternVL2-8B,bfloat16,cuda:0+cpu_offload,auto,1,1.8855,black,ok,
vcor_train_black_15c1263100__FC4_mc_neutral,vcor_train_black_15c1263100,vcor_train_black_15c1263100.jpg,data_external/vcor_selected/candidate_pool/black/vcor_train_black_15c1263100.jpg,FC4_mc_neutral,phase2_format_control,phase2_format_control_FC4_mc_neutral,"What is the primary body color of the main car in this image? Choose exactly one color label from this multiple-choice list: red, blue, green, yellow, black, white, other. Output the color label only.",format_control,multiple_choice_neutral,neutral,none,none,multiple_choice_label,one_label_from_multiple_choice,,internvl2_8b,InternVL2-8B,OpenGVLab/InternVL2-8B,bfloat16,cuda:0+cpu_offload,auto,1,1.9088,black,ok,
vcor_train_black_15c1263100__FC5_mc_c3,vcor_train_black_15c1263100,vcor_train_black_15c1263100.jpg,data_external/vcor_selected/candidate_pool/black/vcor_train_black_15c1263100.jpg,FC5_mc_c3,phase2_format_control,phase2_format_control_FC5_mc_c3,"When the main car is described as white, what color does the main car actually appear to be in the image? Choose exactly one color label from this multiple-choice list: red, blue, green, yellow, black, white, other. Output the color label only.",format_control,multiple_choice_c3_presupposition,presuppositional,question_body,presupposition,multiple_choice_label,one_label_from_multiple_choice,,internvl2_8b,InternVL2-8B,OpenGVLab/InternVL2-8B,bfloat16,cuda:0+cpu_offload,auto,1,1.9064,black,ok,
vcor_train_black_15c1263100__FC6_mc_c4,vcor_train_black_15c1263100,vcor_train_black_15c1263100.jpg,data_external/vcor_selected/candidate_pool/black/vcor_train_black_15c1263100.jpg,FC6_mc_c4,phase2_format_control,phase2_format_control_FC6_mc_c4,"A report repeatedly refers to the main car as white. What is the main car's primary body color seen in the image? Choose exactly one color label from this multiple-choice list: red, blue, green, yellow, black, white, other. Output the color label only.",format_control,multiple_choice_c4_stronger_open,stronger_open_conflict,question_body,repeated_false_report,multiple_choice_label,one_label_from_multiple_choice,,internvl2_8b,InternVL2-8B,OpenGVLab/InternVL2-8B,bfloat16,cuda:0+cpu_offload,auto,1,1.8877,black,ok,
vcor_train_black_15c1263100__FC7_yesno_false_claim,vcor_train_black_15c1263100,vcor_train_black_15c1263100.jpg,data_external/vcor_selected/candidate_pool/black/vcor_train_black_15c1263100.jpg,FC7_yesno_false_claim,phase2_format_control,phase2_format_control_FC7_yesno_false_claim,Is the main car white? Answer yes or no only.,format_control,yesno_false_claim,assertive,question_body,direct_false_claim,yes_no,yes_means_conflict_no_means_reject_false_claim,,internvl2_8b,InternVL2-8B,OpenGVLab/InternVL2-8B,bfloat16,cuda:0+cpu_offload,auto,1,2.6675,No.,ok,
vcor_train_black_15c1263100__FC8_yesno_report_correct,vcor_train_black_15c1263100,vcor_train_black_15c1263100.jpg,data_external/vcor_selected/candidate_pool/black/vcor_train_black_15c1263100.jpg,FC8_yesno_report_correct,phase2_format_control,phase2_format_control_FC8_yesno_report_correct,A report repeatedly says the main car is white. Is that report correct for the image? Answer yes or no only.,format_control,yesno_report_correct,stronger_open_conflict,question_body,repeated_false_report,yes_no,yes_means_conflict_no_means_reject_false_claim,,internvl2_8b,InternVL2-8B,OpenGVLab/InternVL2-8B,bfloat16,cuda:0+cpu_offload,auto,1,2.7109,No.,ok,
vcor_train_black_16b4a44c55__FC1_free_neutral,vcor_train_black_16b4a44c55,vcor_train_black_16b4a44c55.jpg,data_external/vcor_selected/candidate_pool/black/vcor_train_black_16b4a44c55.jpg,FC1_free_neutral,phase2_format_control,phase2_format_control_FC1_free_neutral,What is the primary body color of the main car in this image? Answer with one color word only and do not explain.,format_control,free_neutral,neutral,none,none,free_color_word,one_color_word,,internvl2_8b,InternVL2-8B,OpenGVLab/InternVL2-8B,bfloat16,cuda:0+cpu_offload,auto,1,1.8518,black,ok,
vcor_train_black_16b4a44c55__FC2_free_c3,vcor_train_black_16b4a44c55,vcor_train_black_16b4a44c55.jpg,data_external/vcor_selected/candidate_pool/black/vcor_train_black_16b4a44c55.jpg,FC2_free_c3,phase2_format_control,phase2_format_control_FC2_free_c3,"When the main car is described as white, what color does the main car actually appear to be in the image? Answer with one color word only and do not explain.",format_control,free_c3_presupposition,presuppositional,question_body,presupposition,free_color_word,one_color_word,,internvl2_8b,InternVL2-8B,OpenGVLab/InternVL2-8B,bfloat16,cuda:0+cpu_offload,auto,1,1.8618,black,ok,
vcor_train_black_16b4a44c55__FC3_free_c4,vcor_train_black_16b4a44c55,vcor_train_black_16b4a44c55.jpg,data_external/vcor_selected/candidate_pool/black/vcor_train_black_16b4a44c55.jpg,FC3_free_c4,phase2_format_control,phase2_format_control_FC3_free_c4,"A report repeatedly refers to the main car as white, and the answer should name the main car's primary body color seen in the image. Answer with one color word only and do not explain.",format_control,free_c4_stronger_open,stronger_open_conflict,question_body,repeated_false_report,free_color_word,one_color_word,,internvl2_8b,InternVL2-8B,OpenGVLab/InternVL2-8B,bfloat16,cuda:0+cpu_offload,auto,1,1.8776,black,ok,
vcor_train_black_16b4a44c55__FC4_mc_neutral,vcor_train_black_16b4a44c55,vcor_train_black_16b4a44c55.jpg,data_external/vcor_selected/candidate_pool/black/vcor_train_black_16b4a44c55.jpg,FC4_mc_neutral,phase2_format_control,phase2_format_control_FC4_mc_neutral,"What is the primary body color of the main car in this image? Choose exactly one color label from this multiple-choice list: red, blue, green, yellow, black, white, other. Output the color label only.",format_control,multiple_choice_neutral,neutral,none,none,multiple_choice_label,one_label_from_multiple_choice,,internvl2_8b,InternVL2-8B,OpenGVLab/InternVL2-8B,bfloat16,cuda:0+cpu_offload,auto,1,1.8615,black,ok,
vcor_train_black_16b4a44c55__FC5_mc_c3,vcor_train_black_16b4a44c55,vcor_train_black_16b4a44c55.jpg,data_external/vcor_selected/candidate_pool/black/vcor_train_black_16b4a44c55.jpg,FC5_mc_c3,phase2_format_control,phase2_format_control_FC5_mc_c3,"When the main car is described as white, what color does the main car actually appear to be in the image? Choose exactly one color label from this multiple-choice list: red, blue, green, yellow, black, white, other. Output the color label only.",format_control,multiple_choice_c3_presupposition,presuppositional,question_body,presupposition,multiple_choice_label,one_label_from_multiple_choice,,internvl2_8b,InternVL2-8B,OpenGVLab/InternVL2-8B,bfloat16,cuda:0+cpu_offload,auto,1,1.8861,black,ok,
vcor_train_black_16b4a44c55__FC6_mc_c4,vcor_train_black_16b4a44c55,vcor_train_black_16b4a44c55.jpg,data_external/vcor_selected/candidate_pool/black/vcor_train_black_16b4a44c55.jpg,FC6_mc_c4,phase2_format_control,phase2_format_control_FC6_mc_c4,"A report repeatedly refers to the main car as white. What is the main car's primary body color seen in the image? Choose exactly one color label from this multiple-choice list: red, blue, green, yellow, black, white, other. Output the color label only.",format_control,multiple_choice_c4_stronger_open,stronger_open_conflict,question_body,repeated_false_report,multiple_choice_label,one_label_from_multiple_choice,,internvl2_8b,InternVL2-8B,OpenGVLab/InternVL2-8B,bfloat16,cuda:0+cpu_offload,auto,1,1.8643,black,ok,
vcor_train_black_16b4a44c55__FC7_yesno_false_claim,vcor_train_black_16b4a44c55,vcor_train_black_16b4a44c55.jpg,data_external/vcor_selected/candidate_pool/black/vcor_train_black_16b4a44c55.jpg,FC7_yesno_false_claim,phase2_format_control,phase2_format_control_FC7_yesno_false_claim,Is the main car white? Answer yes or no only.,format_control,yesno_false_claim,assertive,question_body,direct_false_claim,yes_no,yes_means_conflict_no_means_reject_false_claim,,internvl2_8b,InternVL2-8B,OpenGVLab/InternVL2-8B,bfloat16,cuda:0+cpu_offload,auto,1,2.6306,No.,ok,
vcor_train_black_16b4a44c55__FC8_yesno_report_correct,vcor_train_black_16b4a44c55,vcor_train_black_16b4a44c55.jpg,data_external/vcor_selected/candidate_pool/black/vcor_train_black_16b4a44c55.jpg,FC8_yesno_report_correct,phase2_format_control,phase2_format_control_FC8_yesno_report_correct,A report repeatedly says the main car is white. Is that report correct for the image? Answer yes or no only.,format_control,yesno_report_correct,stronger_open_conflict,question_body,repeated_false_report,yes_no,yes_means_conflict_no_means_reject_false_claim,,internvl2_8b,InternVL2-8B,OpenGVLab/InternVL2-8B,bfloat16,cuda:0+cpu_offload,auto,1,2.6293,No.,ok,
vcor_train_black_1a0ad6e255__FC1_free_neutral,vcor_train_black_1a0ad6e255,vcor_train_black_1a0ad6e255.jpg,data_external/vcor_selected/candidate_pool/black/vcor_train_black_1a0ad6e255.jpg,FC1_free_neutral,phase2_format_control,phase2_format_control_FC1_free_neutral,What is the primary body color of the main car in this image? Answer with one color word only and do not explain.,format_control,free_neutral,neutral,none,none,free_color_word,one_color_word,,internvl2_8b,InternVL2-8B,OpenGVLab/InternVL2-8B,bfloat16,cuda:0+cpu_offload,auto,1,1.8560,black,ok,
vcor_train_black_1a0ad6e255__FC2_free_c3,vcor_train_black_1a0ad6e255,vcor_train_black_1a0ad6e255.jpg,data_external/vcor_selected/candidate_pool/black/vcor_train_black_1a0ad6e255.jpg,FC2_free_c3,phase2_format_control,phase2_format_control_FC2_free_c3,"When the main car is described as white, what color does the main car actually appear to be in the image? Answer with one color word only and do not explain.",format_control,free_c3_presupposition,presuppositional,question_body,presupposition,free_color_word,one_color_word,,internvl2_8b,InternVL2-8B,OpenGVLab/InternVL2-8B,bfloat16,cuda:0+cpu_offload,auto,1,1.8752,black,ok,
vcor_train_black_1a0ad6e255__FC3_free_c4,vcor_train_black_1a0ad6e255,vcor_train_black_1a0ad6e255.jpg,data_external/vcor_selected/candidate_pool/black/vcor_train_black_1a0ad6e255.jpg,FC3_free_c4,phase2_format_control,phase2_format_control_FC3_free_c4,"A report repeatedly refers to the main car as white, and the answer should name the main car's primary body color seen in the image. Answer with one color word only and do not explain.",format_control,free_c4_stronger_open,stronger_open_conflict,question_body,repeated_false_report,free_color_word,one_color_word,,internvl2_8b,InternVL2-8B,OpenGVLab/InternVL2-8B,bfloat16,cuda:0+cpu_offload,auto,1,1.8622,Black,ok,
vcor_train_black_1a0ad6e255__FC4_mc_neutral,vcor_train_black_1a0ad6e255,vcor_train_black_1a0ad6e255.jpg,data_external/vcor_selected/candidate_pool/black/vcor_train_black_1a0ad6e255.jpg,FC4_mc_neutral,phase2_format_control,phase2_format_control_FC4_mc_neutral,"What is the primary body color of the main car in this image? Choose exactly one color label from this multiple-choice list: red, blue, green, yellow, black, white, other. Output the color label only.",format_control,multiple_choice_neutral,neutral,none,none,multiple_choice_label,one_label_from_multiple_choice,,internvl2_8b,InternVL2-8B,OpenGVLab/InternVL2-8B,bfloat16,cuda:0+cpu_offload,auto,1,1.8786,black,ok,
vcor_train_black_1a0ad6e255__FC5_mc_c3,vcor_train_black_1a0ad6e255,vcor_train_black_1a0ad6e255.jpg,data_external/vcor_selected/candidate_pool/black/vcor_train_black_1a0ad6e255.jpg,FC5_mc_c3,phase2_format_control,phase2_format_control_FC5_mc_c3,"When the main car is described as white, what color does the main car actually appear to be in the image? Choose exactly one color label from this multiple-choice list: red, blue, green, yellow, black, white, other. Output the color label only.",format_control,multiple_choice_c3_presupposition,presuppositional,question_body,presupposition,multiple_choice_label,one_label_from_multiple_choice,,internvl2_8b,InternVL2-8B,OpenGVLab/InternVL2-8B,bfloat16,cuda:0+cpu_offload,auto,1,1.8728,black,ok,
vcor_train_black_1a0ad6e255__FC6_mc_c4,vcor_train_black_1a0ad6e255,vcor_train_black_1a0ad6e255.jpg,data_external/vcor_selected/candidate_pool/black/vcor_train_black_1a0ad6e255.jpg,FC6_mc_c4,phase2_format_control,phase2_format_control_FC6_mc_c4,"A report repeatedly refers to the main car as white. What is the main car's primary body color seen in the image? Choose exactly one color label from this multiple-choice list: red, blue, green, yellow, black, white, other. Output the color label only.",format_control,multiple_choice_c4_stronger_open,stronger_open_conflict,question_body,repeated_false_report,multiple_choice_label,one_label_from_multiple_choice,,internvl2_8b,InternVL2-8B,OpenGVLab/InternVL2-8B,bfloat16,cuda:0+cpu_offload,auto,1,1.8799,black,ok,
vcor_train_black_1a0ad6e255__FC7_yesno_false_claim,vcor_train_black_1a0ad6e255,vcor_train_black_1a0ad6e255.jpg,data_external/vcor_selected/candidate_pool/black/vcor_train_black_1a0ad6e255.jpg,FC7_yesno_false_claim,phase2_format_control,phase2_format_control_FC7_yesno_false_claim,Is the main car white? Answer yes or no only.,format_control,yesno_false_claim,assertive,question_body,direct_false_claim,yes_no,yes_means_conflict_no_means_reject_false_claim,,internvl2_8b,InternVL2-8B,OpenGVLab/InternVL2-8B,bfloat16,cuda:0+cpu_offload,auto,1,1.8505,No,ok,
vcor_train_black_1a0ad6e255__FC8_yesno_report_correct,vcor_train_black_1a0ad6e255,vcor_train_black_1a0ad6e255.jpg,data_external/vcor_selected/candidate_pool/black/vcor_train_black_1a0ad6e255.jpg,FC8_yesno_report_correct,phase2_format_control,phase2_format_control_FC8_yesno_report_correct,A report repeatedly says the main car is white. Is that report correct for the image? Answer yes or no only.,format_control,yesno_report_correct,stronger_open_conflict,question_body,repeated_false_report,yes_no,yes_means_conflict_no_means_reject_false_claim,,internvl2_8b,InternVL2-8B,OpenGVLab/InternVL2-8B,bfloat16,cuda:0+cpu_offload,auto,1,1.8554,No,ok,
vcor_train_black_1cc1fccc39__FC1_free_neutral,vcor_train_black_1cc1fccc39,vcor_train_black_1cc1fccc39.jpg,data_external/vcor_selected/candidate_pool/black/vcor_train_black_1cc1fccc39.jpg,FC1_free_neutral,phase2_format_control,phase2_format_control_FC1_free_neutral,What is the primary body color of the main car in this image? Answer with one color word only and do not explain.,format_control,free_neutral,neutral,none,none,free_color_word,one_color_word,,internvl2_8b,InternVL2-8B,OpenGVLab/InternVL2-8B,bfloat16,cuda:0+cpu_offload,auto,1,1.8623,black,ok,
vcor_train_black_1cc1fccc39__FC2_free_c3,vcor_train_black_1cc1fccc39,vcor_train_black_1cc1fccc39.jpg,data_external/vcor_selected/candidate_pool/black/vcor_train_black_1cc1fccc39.jpg,FC2_free_c3,phase2_format_control,phase2_format_control_FC2_free_c3,"When the main car is described as white, what color does the main car actually appear to be in the image? Answer with one color word only and do not explain.",format_control,free_c3_presupposition,presuppositional,question_body,presupposition,free_color_word,one_color_word,,internvl2_8b,InternVL2-8B,OpenGVLab/InternVL2-8B,bfloat16,cuda:0+cpu_offload,auto,1,1.8623,black,ok,
vcor_train_black_1cc1fccc39__FC3_free_c4,vcor_train_black_1cc1fccc39,vcor_train_black_1cc1fccc39.jpg,data_external/vcor_selected/candidate_pool/black/vcor_train_black_1cc1fccc39.jpg,FC3_free_c4,phase2_format_control,phase2_format_control_FC3_free_c4,"A report repeatedly refers to the main car as white, and the answer should name the main car's primary body color seen in the image. Answer with one color word only and do not explain.",format_control,free_c4_stronger_open,stronger_open_conflict,question_body,repeated_false_report,free_color_word,one_color_word,,internvl2_8b,InternVL2-8B,OpenGVLab/InternVL2-8B,bfloat16,cuda:0+cpu_offload,auto,1,1.8703,black,ok,
vcor_train_black_1cc1fccc39__FC4_mc_neutral,vcor_train_black_1cc1fccc39,vcor_train_black_1cc1fccc39.jpg,data_external/vcor_selected/candidate_pool/black/vcor_train_black_1cc1fccc39.jpg,FC4_mc_neutral,phase2_format_control,phase2_format_control_FC4_mc_neutral,"What is the primary body color of the main car in this image? Choose exactly one color label from this multiple-choice list: red, blue, green, yellow, black, white, other. Output the color label only.",format_control,multiple_choice_neutral,neutral,none,none,multiple_choice_label,one_label_from_multiple_choice,,internvl2_8b,InternVL2-8B,OpenGVLab/InternVL2-8B,bfloat16,cuda:0+cpu_offload,auto,1,1.8711,black,ok,
vcor_train_black_1cc1fccc39__FC5_mc_c3,vcor_train_black_1cc1fccc39,vcor_train_black_1cc1fccc39.jpg,data_external/vcor_selected/candidate_pool/black/vcor_train_black_1cc1fccc39.jpg,FC5_mc_c3,phase2_format_control,phase2_format_control_FC5_mc_c3,"When the main car is described as white, what color does the main car actually appear to be in the image? Choose exactly one color label from this multiple-choice list: red, blue, green, yellow, black, white, other. Output the color label only.",format_control,multiple_choice_c3_presupposition,presuppositional,question_body,presupposition,multiple_choice_label,one_label_from_multiple_choice,,internvl2_8b,InternVL2-8B,OpenGVLab/InternVL2-8B,bfloat16,cuda:0+cpu_offload,auto,1,1.8857,black,ok,
vcor_train_black_1cc1fccc39__FC6_mc_c4,vcor_train_black_1cc1fccc39,vcor_train_black_1cc1fccc39.jpg,data_external/vcor_selected/candidate_pool/black/vcor_train_black_1cc1fccc39.jpg,FC6_mc_c4,phase2_format_control,phase2_format_control_FC6_mc_c4,"A report repeatedly refers to the main car as white. What is the main car's primary body color seen in the image? Choose exactly one color label from this multiple-choice list: red, blue, green, yellow, black, white, other. Output the color label only.",format_control,multiple_choice_c4_stronger_open,stronger_open_conflict,question_body,repeated_false_report,multiple_choice_label,one_label_from_multiple_choice,,internvl2_8b,InternVL2-8B,OpenGVLab/InternVL2-8B,bfloat16,cuda:0+cpu_offload,auto,1,1.8715,black,ok,
vcor_train_black_1cc1fccc39__FC7_yesno_false_claim,vcor_train_black_1cc1fccc39,vcor_train_black_1cc1fccc39.jpg,data_external/vcor_selected/candidate_pool/black/vcor_train_black_1cc1fccc39.jpg,FC7_yesno_false_claim,phase2_format_control,phase2_format_control_FC7_yesno_false_claim,Is the main car white? Answer yes or no only.,format_control,yesno_false_claim,assertive,question_body,direct_false_claim,yes_no,yes_means_conflict_no_means_reject_false_claim,,internvl2_8b,InternVL2-8B,OpenGVLab/InternVL2-8B,bfloat16,cuda:0+cpu_offload,auto,1,2.6337,No.,ok,
vcor_train_black_1cc1fccc39__FC8_yesno_report_correct,vcor_train_black_1cc1fccc39,vcor_train_black_1cc1fccc39.jpg,data_external/vcor_selected/candidate_pool/black/vcor_train_black_1cc1fccc39.jpg,FC8_yesno_report_correct,phase2_format_control,phase2_format_control_FC8_yesno_report_correct,A report repeatedly says the main car is white. Is that report correct for the image? Answer yes or no only.,format_control,yesno_report_correct,stronger_open_conflict,question_body,repeated_false_report,yes_no,yes_means_conflict_no_means_reject_false_claim,,internvl2_8b,InternVL2-8B,OpenGVLab/InternVL2-8B,bfloat16,cuda:0+cpu_offload,auto,1,2.6280,No.,ok,
vcor_train_black_1d4013153e__FC1_free_neutral,vcor_train_black_1d4013153e,vcor_train_black_1d4013153e.jpg,data_external/vcor_selected/candidate_pool/black/vcor_train_black_1d4013153e.jpg,FC1_free_neutral,phase2_format_control,phase2_format_control_FC1_free_neutral,What is the primary body color of the main car in this image? Answer with one color word only and do not explain.,format_control,free_neutral,neutral,none,none,free_color_word,one_color_word,,internvl2_8b,InternVL2-8B,OpenGVLab/InternVL2-8B,bfloat16,cuda:0+cpu_offload,auto,1,1.8575,black,ok,
vcor_train_black_1d4013153e__FC2_free_c3,vcor_train_black_1d4013153e,vcor_train_black_1d4013153e.jpg,data_external/vcor_selected/candidate_pool/black/vcor_train_black_1d4013153e.jpg,FC2_free_c3,phase2_format_control,phase2_format_control_FC2_free_c3,"When the main car is described as white, what color does the main car actually appear to be in the image? Answer with one color word only and do not explain.",format_control,free_c3_presupposition,presuppositional,question_body,presupposition,free_color_word,one_color_word,,internvl2_8b,InternVL2-8B,OpenGVLab/InternVL2-8B,bfloat16,cuda:0+cpu_offload,auto,1,1.8763,black,ok,
vcor_train_black_1d4013153e__FC3_free_c4,vcor_train_black_1d4013153e,vcor_train_black_1d4013153e.jpg,data_external/vcor_selected/candidate_pool/black/vcor_train_black_1d4013153e.jpg,FC3_free_c4,phase2_format_control,phase2_format_control_FC3_free_c4,"A report repeatedly refers to the main car as white, and the answer should name the main car's primary body color seen in the image. Answer with one color word only and do not explain.",format_control,free_c4_stronger_open,stronger_open_conflict,question_body,repeated_false_report,free_color_word,one_color_word,,internvl2_8b,InternVL2-8B,OpenGVLab/InternVL2-8B,bfloat16,cuda:0+cpu_offload,auto,1,1.8629,Black,ok,
vcor_train_black_1d4013153e__FC4_mc_neutral,vcor_train_black_1d4013153e,vcor_train_black_1d4013153e.jpg,data_external/vcor_selected/candidate_pool/black/vcor_train_black_1d4013153e.jpg,FC4_mc_neutral,phase2_format_control,phase2_format_control_FC4_mc_neutral,"What is the primary body color of the main car in this image? Choose exactly one color label from this multiple-choice list: red, blue, green, yellow, black, white, other. Output the color label only.",format_control,multiple_choice_neutral,neutral,none,none,multiple_choice_label,one_label_from_multiple_choice,,internvl2_8b,InternVL2-8B,OpenGVLab/InternVL2-8B,bfloat16,cuda:0+cpu_offload,auto,1,1.8742,black,ok,
vcor_train_black_1d4013153e__FC5_mc_c3,vcor_train_black_1d4013153e,vcor_train_black_1d4013153e.jpg,data_external/vcor_selected/candidate_pool/black/vcor_train_black_1d4013153e.jpg,FC5_mc_c3,phase2_format_control,phase2_format_control_FC5_mc_c3,"When the main car is described as white, what color does the main car actually appear to be in the image? Choose exactly one color label from this multiple-choice list: red, blue, green, yellow, black, white, other. Output the color label only.",format_control,multiple_choice_c3_presupposition,presuppositional,question_body,presupposition,multiple_choice_label,one_label_from_multiple_choice,,internvl2_8b,InternVL2-8B,OpenGVLab/InternVL2-8B,bfloat16,cuda:0+cpu_offload,auto,1,1.8648,black,ok,
vcor_train_black_1d4013153e__FC6_mc_c4,vcor_train_black_1d4013153e,vcor_train_black_1d4013153e.jpg,data_external/vcor_selected/candidate_pool/black/vcor_train_black_1d4013153e.jpg,FC6_mc_c4,phase2_format_control,phase2_format_control_FC6_mc_c4,"A report repeatedly refers to the main car as white. What is the main car's primary body color seen in the image? Choose exactly one color label from this multiple-choice list: red, blue, green, yellow, black, white, other. Output the color label only.",format_control,multiple_choice_c4_stronger_open,stronger_open_conflict,question_body,repeated_false_report,multiple_choice_label,one_label_from_multiple_choice,,internvl2_8b,InternVL2-8B,OpenGVLab/InternVL2-8B,bfloat16,cuda:0+cpu_offload,auto,1,1.8747,black,ok,
vcor_train_black_1d4013153e__FC7_yesno_false_claim,vcor_train_black_1d4013153e,vcor_train_black_1d4013153e.jpg,data_external/vcor_selected/candidate_pool/black/vcor_train_black_1d4013153e.jpg,FC7_yesno_false_claim,phase2_format_control,phase2_format_control_FC7_yesno_false_claim,Is the main car white? Answer yes or no only.,format_control,yesno_false_claim,assertive,question_body,direct_false_claim,yes_no,yes_means_conflict_no_means_reject_false_claim,,internvl2_8b,InternVL2-8B,OpenGVLab/InternVL2-8B,bfloat16,cuda:0+cpu_offload,auto,1,1.8720,No,ok,
vcor_train_black_1d4013153e__FC8_yesno_report_correct,vcor_train_black_1d4013153e,vcor_train_black_1d4013153e.jpg,data_external/vcor_selected/candidate_pool/black/vcor_train_black_1d4013153e.jpg,FC8_yesno_report_correct,phase2_format_control,phase2_format_control_FC8_yesno_report_correct,A report repeatedly says the main car is white. Is that report correct for the image? Answer yes or no only.,format_control,yesno_report_correct,stronger_open_conflict,question_body,repeated_false_report,yes_no,yes_means_conflict_no_means_reject_false_claim,,internvl2_8b,InternVL2-8B,OpenGVLab/InternVL2-8B,bfloat16,cuda:0+cpu_offload,auto,1,1.8545,No,ok,
vcor_train_black_1e256031e6__FC1_free_neutral,vcor_train_black_1e256031e6,vcor_train_black_1e256031e6.jpg,data_external/vcor_selected/candidate_pool/black/vcor_train_black_1e256031e6.jpg,FC1_free_neutral,phase2_format_control,phase2_format_control_FC1_free_neutral,What is the primary body color of the main car in this image? Answer with one color word only and do not explain.,format_control,free_neutral,neutral,none,none,free_color_word,one_color_word,,internvl2_8b,InternVL2-8B,OpenGVLab/InternVL2-8B,bfloat16,cuda:0+cpu_offload,auto,1,1.8541,black,ok,
vcor_train_black_1e256031e6__FC2_free_c3,vcor_train_black_1e256031e6,vcor_train_black_1e256031e6.jpg,data_external/vcor_selected/candidate_pool/black/vcor_train_black_1e256031e6.jpg,FC2_free_c3,phase2_format_control,phase2_format_control_FC2_free_c3,"When the main car is described as white, what color does the main car actually appear to be in the image? Answer with one color word only and do not explain.",format_control,free_c3_presupposition,presuppositional,question_body,presupposition,free_color_word,one_color_word,,internvl2_8b,InternVL2-8B,OpenGVLab/InternVL2-8B,bfloat16,cuda:0+cpu_offload,auto,1,1.8702,black,ok,
vcor_train_black_1e256031e6__FC3_free_c4,vcor_train_black_1e256031e6,vcor_train_black_1e256031e6.jpg,data_external/vcor_selected/candidate_pool/black/vcor_train_black_1e256031e6.jpg,FC3_free_c4,phase2_format_control,phase2_format_control_FC3_free_c4,"A report repeatedly refers to the main car as white, and the answer should name the main car's primary body color seen in the image. Answer with one color word only and do not explain.",format_control,free_c4_stronger_open,stronger_open_conflict,question_body,repeated_false_report,free_color_word,one_color_word,,internvl2_8b,InternVL2-8B,OpenGVLab/InternVL2-8B,bfloat16,cuda:0+cpu_offload,auto,1,1.8707,black,ok,
vcor_train_black_1e256031e6__FC4_mc_neutral,vcor_train_black_1e256031e6,vcor_train_black_1e256031e6.jpg,data_external/vcor_selected/candidate_pool/black/vcor_train_black_1e256031e6.jpg,FC4_mc_neutral,phase2_format_control,phase2_format_control_FC4_mc_neutral,"What is the primary body color of the main car in this image? Choose exactly one color label from this multiple-choice list: red, blue, green, yellow, black, white, other. Output the color label only.",format_control,multiple_choice_neutral,neutral,none,none,multiple_choice_label,one_label_from_multiple_choice,,internvl2_8b,InternVL2-8B,OpenGVLab/InternVL2-8B,bfloat16,cuda:0+cpu_offload,auto,1,1.8894,black,ok,
vcor_train_black_1e256031e6__FC5_mc_c3,vcor_train_black_1e256031e6,vcor_train_black_1e256031e6.jpg,data_external/vcor_selected/candidate_pool/black/vcor_train_black_1e256031e6.jpg,FC5_mc_c3,phase2_format_control,phase2_format_control_FC5_mc_c3,"When the main car is described as white, what color does the main car actually appear to be in the image? Choose exactly one color label from this multiple-choice list: red, blue, green, yellow, black, white, other. Output the color label only.",format_control,multiple_choice_c3_presupposition,presuppositional,question_body,presupposition,multiple_choice_label,one_label_from_multiple_choice,,internvl2_8b,InternVL2-8B,OpenGVLab/InternVL2-8B,bfloat16,cuda:0+cpu_offload,auto,1,1.8773,black,ok,
vcor_train_black_1e256031e6__FC6_mc_c4,vcor_train_black_1e256031e6,vcor_train_black_1e256031e6.jpg,data_external/vcor_selected/candidate_pool/black/vcor_train_black_1e256031e6.jpg,FC6_mc_c4,phase2_format_control,phase2_format_control_FC6_mc_c4,"A report repeatedly refers to the main car as white. What is the main car's primary body color seen in the image? Choose exactly one color label from this multiple-choice list: red, blue, green, yellow, black, white, other. Output the color label only.",format_control,multiple_choice_c4_stronger_open,stronger_open_conflict,question_body,repeated_false_report,multiple_choice_label,one_label_from_multiple_choice,,internvl2_8b,InternVL2-8B,OpenGVLab/InternVL2-8B,bfloat16,cuda:0+cpu_offload,auto,1,1.8761,black,ok,
vcor_train_black_1e256031e6__FC7_yesno_false_claim,vcor_train_black_1e256031e6,vcor_train_black_1e256031e6.jpg,data_external/vcor_selected/candidate_pool/black/vcor_train_black_1e256031e6.jpg,FC7_yesno_false_claim,phase2_format_control,phase2_format_control_FC7_yesno_false_claim,Is the main car white? Answer yes or no only.,format_control,yesno_false_claim,assertive,question_body,direct_false_claim,yes_no,yes_means_conflict_no_means_reject_false_claim,,internvl2_8b,InternVL2-8B,OpenGVLab/InternVL2-8B,bfloat16,cuda:0+cpu_offload,auto,1,2.6382,No.,ok,
vcor_train_black_1e256031e6__FC8_yesno_report_correct,vcor_train_black_1e256031e6,vcor_train_black_1e256031e6.jpg,data_external/vcor_selected/candidate_pool/black/vcor_train_black_1e256031e6.jpg,FC8_yesno_report_correct,phase2_format_control,phase2_format_control_FC8_yesno_report_correct,A report repeatedly says the main car is white. Is that report correct for the image? Answer yes or no only.,format_control,yesno_report_correct,stronger_open_conflict,question_body,repeated_false_report,yes_no,yes_means_conflict_no_means_reject_false_claim,,internvl2_8b,InternVL2-8B,OpenGVLab/InternVL2-8B,bfloat16,cuda:0+cpu_offload,auto,1,2.6243,No.,ok,
vcor_train_black_1f2fa08321__FC1_free_neutral,vcor_train_black_1f2fa08321,vcor_train_black_1f2fa08321.jpg,data_external/vcor_selected/candidate_pool/black/vcor_train_black_1f2fa08321.jpg,FC1_free_neutral,phase2_format_control,phase2_format_control_FC1_free_neutral,What is the primary body color of the main car in this image? Answer with one color word only and do not explain.,format_control,free_neutral,neutral,none,none,free_color_word,one_color_word,,internvl2_8b,InternVL2-8B,OpenGVLab/InternVL2-8B,bfloat16,cuda:0+cpu_offload,auto,1,1.8623,black,ok,
vcor_train_black_1f2fa08321__FC2_free_c3,vcor_train_black_1f2fa08321,vcor_train_black_1f2fa08321.jpg,data_external/vcor_selected/candidate_pool/black/vcor_train_black_1f2fa08321.jpg,FC2_free_c3,phase2_format_control,phase2_format_control_FC2_free_c3,"When the main car is described as white, what color does the main car actually appear to be in the image? Answer with one color word only and do not explain.",format_control,free_c3_presupposition,presuppositional,question_body,presupposition,free_color_word,one_color_word,,internvl2_8b,InternVL2-8B,OpenGVLab/InternVL2-8B,bfloat16,cuda:0+cpu_offload,auto,1,1.8580,black,ok,
vcor_train_black_1f2fa08321__FC3_free_c4,vcor_train_black_1f2fa08321,vcor_train_black_1f2fa08321.jpg,data_external/vcor_selected/candidate_pool/black/vcor_train_black_1f2fa08321.jpg,FC3_free_c4,phase2_format_control,phase2_format_control_FC3_free_c4,"A report repeatedly refers to the main car as white, and the answer should name the main car's primary body color seen in the image. Answer with one color word only and do not explain.",format_control,free_c4_stronger_open,stronger_open_conflict,question_body,repeated_false_report,free_color_word,one_color_word,,internvl2_8b,InternVL2-8B,OpenGVLab/InternVL2-8B,bfloat16,cuda:0+cpu_offload,auto,1,1.8691,black,ok,
vcor_train_black_1f2fa08321__FC4_mc_neutral,vcor_train_black_1f2fa08321,vcor_train_black_1f2fa08321.jpg,data_external/vcor_selected/candidate_pool/black/vcor_train_black_1f2fa08321.jpg,FC4_mc_neutral,phase2_format_control,phase2_format_control_FC4_mc_neutral,"What is the primary body color of the main car in this image? Choose exactly one color label from this multiple-choice list: red, blue, green, yellow, black, white, other. Output the color label only.",format_control,multiple_choice_neutral,neutral,none,none,multiple_choice_label,one_label_from_multiple_choice,,internvl2_8b,InternVL2-8B,OpenGVLab/InternVL2-8B,bfloat16,cuda:0+cpu_offload,auto,1,1.8651,black,ok,
vcor_train_black_1f2fa08321__FC5_mc_c3,vcor_train_black_1f2fa08321,vcor_train_black_1f2fa08321.jpg,data_external/vcor_selected/candidate_pool/black/vcor_train_black_1f2fa08321.jpg,FC5_mc_c3,phase2_format_control,phase2_format_control_FC5_mc_c3,"When the main car is described as white, what color does the main car actually appear to be in the image? Choose exactly one color label from this multiple-choice list: red, blue, green, yellow, black, white, other. Output the color label only.",format_control,multiple_choice_c3_presupposition,presuppositional,question_body,presupposition,multiple_choice_label,one_label_from_multiple_choice,,internvl2_8b,InternVL2-8B,OpenGVLab/InternVL2-8B,bfloat16,cuda:0+cpu_offload,auto,1,1.8659,black,ok,
vcor_train_black_1f2fa08321__FC6_mc_c4,vcor_train_black_1f2fa08321,vcor_train_black_1f2fa08321.jpg,data_external/vcor_selected/candidate_pool/black/vcor_train_black_1f2fa08321.jpg,FC6_mc_c4,phase2_format_control,phase2_format_control_FC6_mc_c4,"A report repeatedly refers to the main car as white. What is the main car's primary body color seen in the image? Choose exactly one color label from this multiple-choice list: red, blue, green, yellow, black, white, other. Output the color label only.",format_control,multiple_choice_c4_stronger_open,stronger_open_conflict,question_body,repeated_false_report,multiple_choice_label,one_label_from_multiple_choice,,internvl2_8b,InternVL2-8B,OpenGVLab/InternVL2-8B,bfloat16,cuda:0+cpu_offload,auto,1,1.8833,black,ok,
vcor_train_black_1f2fa08321__FC7_yesno_false_claim,vcor_train_black_1f2fa08321,vcor_train_black_1f2fa08321.jpg,data_external/vcor_selected/candidate_pool/black/vcor_train_black_1f2fa08321.jpg,FC7_yesno_false_claim,phase2_format_control,phase2_format_control_FC7_yesno_false_claim,Is the main car white? Answer yes or no only.,format_control,yesno_false_claim,assertive,question_body,direct_false_claim,yes_no,yes_means_conflict_no_means_reject_false_claim,,internvl2_8b,InternVL2-8B,OpenGVLab/InternVL2-8B,bfloat16,cuda:0+cpu_offload,auto,1,2.6391,No.,ok,
vcor_train_black_1f2fa08321__FC8_yesno_report_correct,vcor_train_black_1f2fa08321,vcor_train_black_1f2fa08321.jpg,data_external/vcor_selected/candidate_pool/black/vcor_train_black_1f2fa08321.jpg,FC8_yesno_report_correct,phase2_format_control,phase2_format_control_FC8_yesno_report_correct,A report repeatedly says the main car is white. Is that report correct for the image? Answer yes or no only.,format_control,yesno_report_correct,stronger_open_conflict,question_body,repeated_false_report,yes_no,yes_means_conflict_no_means_reject_false_claim,,internvl2_8b,InternVL2-8B,OpenGVLab/InternVL2-8B,bfloat16,cuda:0+cpu_offload,auto,1,2.6335,No.,ok,
vcor_train_black_2c27164b63__FC1_free_neutral,vcor_train_black_2c27164b63,vcor_train_black_2c27164b63.jpg,data_external/vcor_selected/candidate_pool/black/vcor_train_black_2c27164b63.jpg,FC1_free_neutral,phase2_format_control,phase2_format_control_FC1_free_neutral,What is the primary body color of the main car in this image? Answer with one color word only and do not explain.,format_control,free_neutral,neutral,none,none,free_color_word,one_color_word,,internvl2_8b,InternVL2-8B,OpenGVLab/InternVL2-8B,bfloat16,cuda:0+cpu_offload,auto,1,1.8594,black,ok,
vcor_train_black_2c27164b63__FC2_free_c3,vcor_train_black_2c27164b63,vcor_train_black_2c27164b63.jpg,data_external/vcor_selected/candidate_pool/black/vcor_train_black_2c27164b63.jpg,FC2_free_c3,phase2_format_control,phase2_format_control_FC2_free_c3,"When the main car is described as white, what color does the main car actually appear to be in the image? Answer with one color word only and do not explain.",format_control,free_c3_presupposition,presuppositional,question_body,presupposition,free_color_word,one_color_word,,internvl2_8b,InternVL2-8B,OpenGVLab/InternVL2-8B,bfloat16,cuda:0+cpu_offload,auto,1,1.8657,black,ok,
vcor_train_black_2c27164b63__FC3_free_c4,vcor_train_black_2c27164b63,vcor_train_black_2c27164b63.jpg,data_external/vcor_selected/candidate_pool/black/vcor_train_black_2c27164b63.jpg,FC3_free_c4,phase2_format_control,phase2_format_control_FC3_free_c4,"A report repeatedly refers to the main car as white, and the answer should name the main car's primary body color seen in the image. Answer with one color word only and do not explain.",format_control,free_c4_stronger_open,stronger_open_conflict,question_body,repeated_false_report,free_color_word,one_color_word,,internvl2_8b,InternVL2-8B,OpenGVLab/InternVL2-8B,bfloat16,cuda:0+cpu_offload,auto,1,1.8722,Black,ok,
vcor_train_black_2c27164b63__FC4_mc_neutral,vcor_train_black_2c27164b63,vcor_train_black_2c27164b63.jpg,data_external/vcor_selected/candidate_pool/black/vcor_train_black_2c27164b63.jpg,FC4_mc_neutral,phase2_format_control,phase2_format_control_FC4_mc_neutral,"What is the primary body color of the main car in this image? Choose exactly one color label from this multiple-choice list: red, blue, green, yellow, black, white, other. Output the color label only.",format_control,multiple_choice_neutral,neutral,none,none,multiple_choice_label,one_label_from_multiple_choice,,internvl2_8b,InternVL2-8B,OpenGVLab/InternVL2-8B,bfloat16,cuda:0+cpu_offload,auto,1,1.8626,black,ok,
vcor_train_black_2c27164b63__FC5_mc_c3,vcor_train_black_2c27164b63,vcor_train_black_2c27164b63.jpg,data_external/vcor_selected/candidate_pool/black/vcor_train_black_2c27164b63.jpg,FC5_mc_c3,phase2_format_control,phase2_format_control_FC5_mc_c3,"When the main car is described as white, what color does the main car actually appear to be in the image? Choose exactly one color label from this multiple-choice list: red, blue, green, yellow, black, white, other. Output the color label only.",format_control,multiple_choice_c3_presupposition,presuppositional,question_body,presupposition,multiple_choice_label,one_label_from_multiple_choice,,internvl2_8b,InternVL2-8B,OpenGVLab/InternVL2-8B,bfloat16,cuda:0+cpu_offload,auto,1,1.8740,black,ok,
vcor_train_black_2c27164b63__FC6_mc_c4,vcor_train_black_2c27164b63,vcor_train_black_2c27164b63.jpg,data_external/vcor_selected/candidate_pool/black/vcor_train_black_2c27164b63.jpg,FC6_mc_c4,phase2_format_control,phase2_format_control_FC6_mc_c4,"A report repeatedly refers to the main car as white. What is the main car's primary body color seen in the image? Choose exactly one color label from this multiple-choice list: red, blue, green, yellow, black, white, other. Output the color label only.",format_control,multiple_choice_c4_stronger_open,stronger_open_conflict,question_body,repeated_false_report,multiple_choice_label,one_label_from_multiple_choice,,internvl2_8b,InternVL2-8B,OpenGVLab/InternVL2-8B,bfloat16,cuda:0+cpu_offload,auto,1,1.8766,black,ok,
vcor_train_black_2c27164b63__FC7_yesno_false_claim,vcor_train_black_2c27164b63,vcor_train_black_2c27164b63.jpg,data_external/vcor_selected/candidate_pool/black/vcor_train_black_2c27164b63.jpg,FC7_yesno_false_claim,phase2_format_control,phase2_format_control_FC7_yesno_false_claim,Is the main car white? Answer yes or no only.,format_control,yesno_false_claim,assertive,question_body,direct_false_claim,yes_no,yes_means_conflict_no_means_reject_false_claim,,internvl2_8b,InternVL2-8B,OpenGVLab/InternVL2-8B,bfloat16,cuda:0+cpu_offload,auto,1,2.6381,No.,ok,
vcor_train_black_2c27164b63__FC8_yesno_report_correct,vcor_train_black_2c27164b63,vcor_train_black_2c27164b63.jpg,data_external/vcor_selected/candidate_pool/black/vcor_train_black_2c27164b63.jpg,FC8_yesno_report_correct,phase2_format_control,phase2_format_control_FC8_yesno_report_correct,A report repeatedly says the main car is white. Is that report correct for the image? Answer yes or no only.,format_control,yesno_report_correct,stronger_open_conflict,question_body,repeated_false_report,yes_no,yes_means_conflict_no_means_reject_false_claim,,internvl2_8b,InternVL2-8B,OpenGVLab/InternVL2-8B,bfloat16,cuda:0+cpu_offload,auto,1,1.8621,No,ok,
vcor_train_black_2e85a40194__FC1_free_neutral,vcor_train_black_2e85a40194,vcor_train_black_2e85a40194.jpg,data_external/vcor_selected/candidate_pool/black/vcor_train_black_2e85a40194.jpg,FC1_free_neutral,phase2_format_control,phase2_format_control_FC1_free_neutral,What is the primary body color of the main car in this image? Answer with one color word only and do not explain.,format_control,free_neutral,neutral,none,none,free_color_word,one_color_word,,internvl2_8b,InternVL2-8B,OpenGVLab/InternVL2-8B,bfloat16,cuda:0+cpu_offload,auto,1,1.8939,black,ok,
vcor_train_black_2e85a40194__FC2_free_c3,vcor_train_black_2e85a40194,vcor_train_black_2e85a40194.jpg,data_external/vcor_selected/candidate_pool/black/vcor_train_black_2e85a40194.jpg,FC2_free_c3,phase2_format_control,phase2_format_control_FC2_free_c3,"When the main car is described as white, what color does the main car actually appear to be in the image? Answer with one color word only and do not explain.",format_control,free_c3_presupposition,presuppositional,question_body,presupposition,free_color_word,one_color_word,,internvl2_8b,InternVL2-8B,OpenGVLab/InternVL2-8B,bfloat16,cuda:0+cpu_offload,auto,1,1.8972,black,ok,
vcor_train_black_2e85a40194__FC3_free_c4,vcor_train_black_2e85a40194,vcor_train_black_2e85a40194.jpg,data_external/vcor_selected/candidate_pool/black/vcor_train_black_2e85a40194.jpg,FC3_free_c4,phase2_format_control,phase2_format_control_FC3_free_c4,"A report repeatedly refers to the main car as white, and the answer should name the main car's primary body color seen in the image. Answer with one color word only and do not explain.",format_control,free_c4_stronger_open,stronger_open_conflict,question_body,repeated_false_report,free_color_word,one_color_word,,internvl2_8b,InternVL2-8B,OpenGVLab/InternVL2-8B,bfloat16,cuda:0+cpu_offload,auto,1,1.9279,black,ok,
vcor_train_black_2e85a40194__FC4_mc_neutral,vcor_train_black_2e85a40194,vcor_train_black_2e85a40194.jpg,data_external/vcor_selected/candidate_pool/black/vcor_train_black_2e85a40194.jpg,FC4_mc_neutral,phase2_format_control,phase2_format_control_FC4_mc_neutral,"What is the primary body color of the main car in this image? Choose exactly one color label from this multiple-choice list: red, blue, green, yellow, black, white, other. Output the color label only.",format_control,multiple_choice_neutral,neutral,none,none,multiple_choice_label,one_label_from_multiple_choice,,internvl2_8b,InternVL2-8B,OpenGVLab/InternVL2-8B,bfloat16,cuda:0+cpu_offload,auto,1,1.9119,black,ok,
vcor_train_black_2e85a40194__FC5_mc_c3,vcor_train_black_2e85a40194,vcor_train_black_2e85a40194.jpg,data_external/vcor_selected/candidate_pool/black/vcor_train_black_2e85a40194.jpg,FC5_mc_c3,phase2_format_control,phase2_format_control_FC5_mc_c3,"When the main car is described as white, what color does the main car actually appear to be in the image? Choose exactly one color label from this multiple-choice list: red, blue, green, yellow, black, white, other. Output the color label only.",format_control,multiple_choice_c3_presupposition,presuppositional,question_body,presupposition,multiple_choice_label,one_label_from_multiple_choice,,internvl2_8b,InternVL2-8B,OpenGVLab/InternVL2-8B,bfloat16,cuda:0+cpu_offload,auto,1,1.9372,black,ok,
vcor_train_black_2e85a40194__FC6_mc_c4,vcor_train_black_2e85a40194,vcor_train_black_2e85a40194.jpg,data_external/vcor_selected/candidate_pool/black/vcor_train_black_2e85a40194.jpg,FC6_mc_c4,phase2_format_control,phase2_format_control_FC6_mc_c4,"A report repeatedly refers to the main car as white. What is the main car's primary body color seen in the image? Choose exactly one color label from this multiple-choice list: red, blue, green, yellow, black, white, other. Output the color label only.",format_control,multiple_choice_c4_stronger_open,stronger_open_conflict,question_body,repeated_false_report,multiple_choice_label,one_label_from_multiple_choice,,internvl2_8b,InternVL2-8B,OpenGVLab/InternVL2-8B,bfloat16,cuda:0+cpu_offload,auto,1,1.9294,black,ok,
vcor_train_black_2e85a40194__FC7_yesno_false_claim,vcor_train_black_2e85a40194,vcor_train_black_2e85a40194.jpg,data_external/vcor_selected/candidate_pool/black/vcor_train_black_2e85a40194.jpg,FC7_yesno_false_claim,phase2_format_control,phase2_format_control_FC7_yesno_false_claim,Is the main car white? Answer yes or no only.,format_control,yesno_false_claim,assertive,question_body,direct_false_claim,yes_no,yes_means_conflict_no_means_reject_false_claim,,internvl2_8b,InternVL2-8B,OpenGVLab/InternVL2-8B,bfloat16,cuda:0+cpu_offload,auto,1,2.7241,No.,ok,
vcor_train_black_2e85a40194__FC8_yesno_report_correct,vcor_train_black_2e85a40194,vcor_train_black_2e85a40194.jpg,data_external/vcor_selected/candidate_pool/black/vcor_train_black_2e85a40194.jpg,FC8_yesno_report_correct,phase2_format_control,phase2_format_control_FC8_yesno_report_correct,A report repeatedly says the main car is white. Is that report correct for the image? Answer yes or no only.,format_control,yesno_report_correct,stronger_open_conflict,question_body,repeated_false_report,yes_no,yes_means_conflict_no_means_reject_false_claim,,internvl2_8b,InternVL2-8B,OpenGVLab/InternVL2-8B,bfloat16,cuda:0+cpu_offload,auto,1,2.7035,No.,ok,
vcor_test_blue_01401b6d76__FC1_free_neutral,vcor_test_blue_01401b6d76,vcor_test_blue_01401b6d76.jpg,data_external/vcor_selected/candidate_pool/blue/vcor_test_blue_01401b6d76.jpg,FC1_free_neutral,phase2_format_control,phase2_format_control_FC1_free_neutral,What is the primary body color of the main car in this image? Answer with one color word only and do not explain.,format_control,free_neutral,neutral,none,none,free_color_word,one_color_word,,internvl2_8b,InternVL2-8B,OpenGVLab/InternVL2-8B,bfloat16,cuda:0+cpu_offload,auto,1,1.8940,blue,ok,
vcor_test_blue_01401b6d76__FC2_free_c3,vcor_test_blue_01401b6d76,vcor_test_blue_01401b6d76.jpg,data_external/vcor_selected/candidate_pool/blue/vcor_test_blue_01401b6d76.jpg,FC2_free_c3,phase2_format_control,phase2_format_control_FC2_free_c3,"When the main car is described as red, what color does the main car actually appear to be in the image? Answer with one color word only and do not explain.",format_control,free_c3_presupposition,presuppositional,question_body,presupposition,free_color_word,one_color_word,,internvl2_8b,InternVL2-8B,OpenGVLab/InternVL2-8B,bfloat16,cuda:0+cpu_offload,auto,1,1.9007,blue,ok,
vcor_test_blue_01401b6d76__FC3_free_c4,vcor_test_blue_01401b6d76,vcor_test_blue_01401b6d76.jpg,data_external/vcor_selected/candidate_pool/blue/vcor_test_blue_01401b6d76.jpg,FC3_free_c4,phase2_format_control,phase2_format_control_FC3_free_c4,"A report repeatedly refers to the main car as red, and the answer should name the main car's primary body color seen in the image. Answer with one color word only and do not explain.",format_control,free_c4_stronger_open,stronger_open_conflict,question_body,repeated_false_report,free_color_word,one_color_word,,internvl2_8b,InternVL2-8B,OpenGVLab/InternVL2-8B,bfloat16,cuda:0+cpu_offload,auto,1,1.9097,Blue,ok,
vcor_test_blue_01401b6d76__FC4_mc_neutral,vcor_test_blue_01401b6d76,vcor_test_blue_01401b6d76.jpg,data_external/vcor_selected/candidate_pool/blue/vcor_test_blue_01401b6d76.jpg,FC4_mc_neutral,phase2_format_control,phase2_format_control_FC4_mc_neutral,"What is the primary body color of the main car in this image? Choose exactly one color label from this multiple-choice list: red, blue, green, yellow, black, white, other. Output the color label only.",format_control,multiple_choice_neutral,neutral,none,none,multiple_choice_label,one_label_from_multiple_choice,,internvl2_8b,InternVL2-8B,OpenGVLab/InternVL2-8B,bfloat16,cuda:0+cpu_offload,auto,1,1.9224,blue,ok,
vcor_test_blue_01401b6d76__FC5_mc_c3,vcor_test_blue_01401b6d76,vcor_test_blue_01401b6d76.jpg,data_external/vcor_selected/candidate_pool/blue/vcor_test_blue_01401b6d76.jpg,FC5_mc_c3,phase2_format_control,phase2_format_control_FC5_mc_c3,"When the main car is described as red, what color does the main car actually appear to be in the image? Choose exactly one color label from this multiple-choice list: red, blue, green, yellow, black, white, other. Output the color label only.",format_control,multiple_choice_c3_presupposition,presuppositional,question_body,presupposition,multiple_choice_label,one_label_from_multiple_choice,,internvl2_8b,InternVL2-8B,OpenGVLab/InternVL2-8B,bfloat16,cuda:0+cpu_offload,auto,1,1.9309,blue,ok,
vcor_test_blue_01401b6d76__FC6_mc_c4,vcor_test_blue_01401b6d76,vcor_test_blue_01401b6d76.jpg,data_external/vcor_selected/candidate_pool/blue/vcor_test_blue_01401b6d76.jpg,FC6_mc_c4,phase2_format_control,phase2_format_control_FC6_mc_c4,"A report repeatedly refers to the main car as red. What is the main car's primary body color seen in the image? Choose exactly one color label from this multiple-choice list: red, blue, green, yellow, black, white, other. Output the color label only.",format_control,multiple_choice_c4_stronger_open,stronger_open_conflict,question_body,repeated_false_report,multiple_choice_label,one_label_from_multiple_choice,,internvl2_8b,InternVL2-8B,OpenGVLab/InternVL2-8B,bfloat16,cuda:0+cpu_offload,auto,1,1.9063,blue,ok,
vcor_test_blue_01401b6d76__FC7_yesno_false_claim,vcor_test_blue_01401b6d76,vcor_test_blue_01401b6d76.jpg,data_external/vcor_selected/candidate_pool/blue/vcor_test_blue_01401b6d76.jpg,FC7_yesno_false_claim,phase2_format_control,phase2_format_control_FC7_yesno_false_claim,Is the main car red? Answer yes or no only.,format_control,yesno_false_claim,assertive,question_body,direct_false_claim,yes_no,yes_means_conflict_no_means_reject_false_claim,,internvl2_8b,InternVL2-8B,OpenGVLab/InternVL2-8B,bfloat16,cuda:0+cpu_offload,auto,1,2.7078,No.,ok,
vcor_test_blue_01401b6d76__FC8_yesno_report_correct,vcor_test_blue_01401b6d76,vcor_test_blue_01401b6d76.jpg,data_external/vcor_selected/candidate_pool/blue/vcor_test_blue_01401b6d76.jpg,FC8_yesno_report_correct,phase2_format_control,phase2_format_control_FC8_yesno_report_correct,A report repeatedly says the main car is red. Is that report correct for the image? Answer yes or no only.,format_control,yesno_report_correct,stronger_open_conflict,question_body,repeated_false_report,yes_no,yes_means_conflict_no_means_reject_false_claim,,internvl2_8b,InternVL2-8B,OpenGVLab/InternVL2-8B,bfloat16,cuda:0+cpu_offload,auto,1,1.8884,No,ok,
vcor_test_blue_19bb38978c__FC1_free_neutral,vcor_test_blue_19bb38978c,vcor_test_blue_19bb38978c.jpg,data_external/vcor_selected/candidate_pool/blue/vcor_test_blue_19bb38978c.jpg,FC1_free_neutral,phase2_format_control,phase2_format_control_FC1_free_neutral,What is the primary body color of the main car in this image? Answer with one color word only and do not explain.,format_control,free_neutral,neutral,none,none,free_color_word,one_color_word,,internvl2_8b,InternVL2-8B,OpenGVLab/InternVL2-8B,bfloat16,cuda:0+cpu_offload,auto,1,1.9796,Blue,ok,
vcor_test_blue_19bb38978c__FC2_free_c3,vcor_test_blue_19bb38978c,vcor_test_blue_19bb38978c.jpg,data_external/vcor_selected/candidate_pool/blue/vcor_test_blue_19bb38978c.jpg,FC2_free_c3,phase2_format_control,phase2_format_control_FC2_free_c3,"When the main car is described as red, what color does the main car actually appear to be in the image? Answer with one color word only and do not explain.",format_control,free_c3_presupposition,presuppositional,question_body,presupposition,free_color_word,one_color_word,,internvl2_8b,InternVL2-8B,OpenGVLab/InternVL2-8B,bfloat16,cuda:0+cpu_offload,auto,1,1.8965,blue,ok,
vcor_test_blue_19bb38978c__FC3_free_c4,vcor_test_blue_19bb38978c,vcor_test_blue_19bb38978c.jpg,data_external/vcor_selected/candidate_pool/blue/vcor_test_blue_19bb38978c.jpg,FC3_free_c4,phase2_format_control,phase2_format_control_FC3_free_c4,"A report repeatedly refers to the main car as red, and the answer should name the main car's primary body color seen in the image. Answer with one color word only and do not explain.",format_control,free_c4_stronger_open,stronger_open_conflict,question_body,repeated_false_report,free_color_word,one_color_word,,internvl2_8b,InternVL2-8B,OpenGVLab/InternVL2-8B,bfloat16,cuda:0+cpu_offload,auto,1,1.9128,Blue,ok,
vcor_test_blue_19bb38978c__FC4_mc_neutral,vcor_test_blue_19bb38978c,vcor_test_blue_19bb38978c.jpg,data_external/vcor_selected/candidate_pool/blue/vcor_test_blue_19bb38978c.jpg,FC4_mc_neutral,phase2_format_control,phase2_format_control_FC4_mc_neutral,"What is the primary body color of the main car in this image? Choose exactly one color label from this multiple-choice list: red, blue, green, yellow, black, white, other. Output the color label only.",format_control,multiple_choice_neutral,neutral,none,none,multiple_choice_label,one_label_from_multiple_choice,,internvl2_8b,InternVL2-8B,OpenGVLab/InternVL2-8B,bfloat16,cuda:0+cpu_offload,auto,1,1.9100,blue,ok,
vcor_test_blue_19bb38978c__FC5_mc_c3,vcor_test_blue_19bb38978c,vcor_test_blue_19bb38978c.jpg,data_external/vcor_selected/candidate_pool/blue/vcor_test_blue_19bb38978c.jpg,FC5_mc_c3,phase2_format_control,phase2_format_control_FC5_mc_c3,"When the main car is described as red, what color does the main car actually appear to be in the image? Choose exactly one color label from this multiple-choice list: red, blue, green, yellow, black, white, other. Output the color label only.",format_control,multiple_choice_c3_presupposition,presuppositional,question_body,presupposition,multiple_choice_label,one_label_from_multiple_choice,,internvl2_8b,InternVL2-8B,OpenGVLab/InternVL2-8B,bfloat16,cuda:0+cpu_offload,auto,1,1.9021,blue,ok,
vcor_test_blue_19bb38978c__FC6_mc_c4,vcor_test_blue_19bb38978c,vcor_test_blue_19bb38978c.jpg,data_external/vcor_selected/candidate_pool/blue/vcor_test_blue_19bb38978c.jpg,FC6_mc_c4,phase2_format_control,phase2_format_control_FC6_mc_c4,"A report repeatedly refers to the main car as red. What is the main car's primary body color seen in the image? Choose exactly one color label from this multiple-choice list: red, blue, green, yellow, black, white, other. Output the color label only.",format_control,multiple_choice_c4_stronger_open,stronger_open_conflict,question_body,repeated_false_report,multiple_choice_label,one_label_from_multiple_choice,,internvl2_8b,InternVL2-8B,OpenGVLab/InternVL2-8B,bfloat16,cuda:0+cpu_offload,auto,1,1.9103,blue,ok,
vcor_test_blue_19bb38978c__FC7_yesno_false_claim,vcor_test_blue_19bb38978c,vcor_test_blue_19bb38978c.jpg,data_external/vcor_selected/candidate_pool/blue/vcor_test_blue_19bb38978c.jpg,FC7_yesno_false_claim,phase2_format_control,phase2_format_control_FC7_yesno_false_claim,Is the main car red? Answer yes or no only.,format_control,yesno_false_claim,assertive,question_body,direct_false_claim,yes_no,yes_means_conflict_no_means_reject_false_claim,,internvl2_8b,InternVL2-8B,OpenGVLab/InternVL2-8B,bfloat16,cuda:0+cpu_offload,auto,1,2.6942,No.,ok,
vcor_test_blue_19bb38978c__FC8_yesno_report_correct,vcor_test_blue_19bb38978c,vcor_test_blue_19bb38978c.jpg,data_external/vcor_selected/candidate_pool/blue/vcor_test_blue_19bb38978c.jpg,FC8_yesno_report_correct,phase2_format_control,phase2_format_control_FC8_yesno_report_correct,A report repeatedly says the main car is red. Is that report correct for the image? Answer yes or no only.,format_control,yesno_report_correct,stronger_open_conflict,question_body,repeated_false_report,yes_no,yes_means_conflict_no_means_reject_false_claim,,internvl2_8b,InternVL2-8B,OpenGVLab/InternVL2-8B,bfloat16,cuda:0+cpu_offload,auto,1,1.8932,No,ok,
vcor_test_blue_2ac156ba67__FC1_free_neutral,vcor_test_blue_2ac156ba67,vcor_test_blue_2ac156ba67.jpg,data_external/vcor_selected/candidate_pool/blue/vcor_test_blue_2ac156ba67.jpg,FC1_free_neutral,phase2_format_control,phase2_format_control_FC1_free_neutral,What is the primary body color of the main car in this image? Answer with one color word only and do not explain.,format_control,free_neutral,neutral,none,none,free_color_word,one_color_word,,internvl2_8b,InternVL2-8B,OpenGVLab/InternVL2-8B,bfloat16,cuda:0+cpu_offload,auto,1,1.9297,blue,ok,
vcor_test_blue_2ac156ba67__FC2_free_c3,vcor_test_blue_2ac156ba67,vcor_test_blue_2ac156ba67.jpg,data_external/vcor_selected/candidate_pool/blue/vcor_test_blue_2ac156ba67.jpg,FC2_free_c3,phase2_format_control,phase2_format_control_FC2_free_c3,"When the main car is described as red, what color does the main car actually appear to be in the image? Answer with one color word only and do not explain.",format_control,free_c3_presupposition,presuppositional,question_body,presupposition,free_color_word,one_color_word,,internvl2_8b,InternVL2-8B,OpenGVLab/InternVL2-8B,bfloat16,cuda:0+cpu_offload,auto,1,1.8967,blue,ok,
vcor_test_blue_2ac156ba67__FC3_free_c4,vcor_test_blue_2ac156ba67,vcor_test_blue_2ac156ba67.jpg,data_external/vcor_selected/candidate_pool/blue/vcor_test_blue_2ac156ba67.jpg,FC3_free_c4,phase2_format_control,phase2_format_control_FC3_free_c4,"A report repeatedly refers to the main car as red, and the answer should name the main car's primary body color seen in the image. Answer with one color word only and do not explain.",format_control,free_c4_stronger_open,stronger_open_conflict,question_body,repeated_false_report,free_color_word,one_color_word,,internvl2_8b,InternVL2-8B,OpenGVLab/InternVL2-8B,bfloat16,cuda:0+cpu_offload,auto,1,1.8945,Blue,ok,
vcor_test_blue_2ac156ba67__FC4_mc_neutral,vcor_test_blue_2ac156ba67,vcor_test_blue_2ac156ba67.jpg,data_external/vcor_selected/candidate_pool/blue/vcor_test_blue_2ac156ba67.jpg,FC4_mc_neutral,phase2_format_control,phase2_format_control_FC4_mc_neutral,"What is the primary body color of the main car in this image? Choose exactly one color label from this multiple-choice list: red, blue, green, yellow, black, white, other. Output the color label only.",format_control,multiple_choice_neutral,neutral,none,none,multiple_choice_label,one_label_from_multiple_choice,,internvl2_8b,InternVL2-8B,OpenGVLab/InternVL2-8B,bfloat16,cuda:0+cpu_offload,auto,1,1.9088,blue,ok,
vcor_test_blue_2ac156ba67__FC5_mc_c3,vcor_test_blue_2ac156ba67,vcor_test_blue_2ac156ba67.jpg,data_external/vcor_selected/candidate_pool/blue/vcor_test_blue_2ac156ba67.jpg,FC5_mc_c3,phase2_format_control,phase2_format_control_FC5_mc_c3,"When the main car is described as red, what color does the main car actually appear to be in the image? Choose exactly one color label from this multiple-choice list: red, blue, green, yellow, black, white, other. Output the color label only.",format_control,multiple_choice_c3_presupposition,presuppositional,question_body,presupposition,multiple_choice_label,one_label_from_multiple_choice,,internvl2_8b,InternVL2-8B,OpenGVLab/InternVL2-8B,bfloat16,cuda:0+cpu_offload,auto,1,1.9267,blue,ok,
vcor_test_blue_2ac156ba67__FC6_mc_c4,vcor_test_blue_2ac156ba67,vcor_test_blue_2ac156ba67.jpg,data_external/vcor_selected/candidate_pool/blue/vcor_test_blue_2ac156ba67.jpg,FC6_mc_c4,phase2_format_control,phase2_format_control_FC6_mc_c4,"A report repeatedly refers to the main car as red. What is the main car's primary body color seen in the image? Choose exactly one color label from this multiple-choice list: red, blue, green, yellow, black, white, other. Output the color label only.",format_control,multiple_choice_c4_stronger_open,stronger_open_conflict,question_body,repeated_false_report,multiple_choice_label,one_label_from_multiple_choice,,internvl2_8b,InternVL2-8B,OpenGVLab/InternVL2-8B,bfloat16,cuda:0+cpu_offload,auto,1,1.9096,blue,ok,
vcor_test_blue_2ac156ba67__FC7_yesno_false_claim,vcor_test_blue_2ac156ba67,vcor_test_blue_2ac156ba67.jpg,data_external/vcor_selected/candidate_pool/blue/vcor_test_blue_2ac156ba67.jpg,FC7_yesno_false_claim,phase2_format_control,phase2_format_control_FC7_yesno_false_claim,Is the main car red? Answer yes or no only.,format_control,yesno_false_claim,assertive,question_body,direct_false_claim,yes_no,yes_means_conflict_no_means_reject_false_claim,,internvl2_8b,InternVL2-8B,OpenGVLab/InternVL2-8B,bfloat16,cuda:0+cpu_offload,auto,1,2.6628,No.,ok,
vcor_test_blue_2ac156ba67__FC8_yesno_report_correct,vcor_test_blue_2ac156ba67,vcor_test_blue_2ac156ba67.jpg,data_external/vcor_selected/candidate_pool/blue/vcor_test_blue_2ac156ba67.jpg,FC8_yesno_report_correct,phase2_format_control,phase2_format_control_FC8_yesno_report_correct,A report repeatedly says the main car is red. Is that report correct for the image? Answer yes or no only.,format_control,yesno_report_correct,stronger_open_conflict,question_body,repeated_false_report,yes_no,yes_means_conflict_no_means_reject_false_claim,,internvl2_8b,InternVL2-8B,OpenGVLab/InternVL2-8B,bfloat16,cuda:0+cpu_offload,auto,1,1.9009,No,ok,
vcor_test_blue_2ed5dd359b__FC1_free_neutral,vcor_test_blue_2ed5dd359b,vcor_test_blue_2ed5dd359b.jpg,data_external/vcor_selected/candidate_pool/blue/vcor_test_blue_2ed5dd359b.jpg,FC1_free_neutral,phase2_format_control,phase2_format_control_FC1_free_neutral,What is the primary body color of the main car in this image? Answer with one color word only and do not explain.,format_control,free_neutral,neutral,none,none,free_color_word,one_color_word,,internvl2_8b,InternVL2-8B,OpenGVLab/InternVL2-8B,bfloat16,cuda:0+cpu_offload,auto,1,1.9033,Blue,ok,
vcor_test_blue_2ed5dd359b__FC2_free_c3,vcor_test_blue_2ed5dd359b,vcor_test_blue_2ed5dd359b.jpg,data_external/vcor_selected/candidate_pool/blue/vcor_test_blue_2ed5dd359b.jpg,FC2_free_c3,phase2_format_control,phase2_format_control_FC2_free_c3,"When the main car is described as red, what color does the main car actually appear to be in the image? Answer with one color word only and do not explain.",format_control,free_c3_presupposition,presuppositional,question_body,presupposition,free_color_word,one_color_word,,internvl2_8b,InternVL2-8B,OpenGVLab/InternVL2-8B,bfloat16,cuda:0+cpu_offload,auto,1,1.8949,blue,ok,
vcor_test_blue_2ed5dd359b__FC3_free_c4,vcor_test_blue_2ed5dd359b,vcor_test_blue_2ed5dd359b.jpg,data_external/vcor_selected/candidate_pool/blue/vcor_test_blue_2ed5dd359b.jpg,FC3_free_c4,phase2_format_control,phase2_format_control_FC3_free_c4,"A report repeatedly refers to the main car as red, and the answer should name the main car's primary body color seen in the image. Answer with one color word only and do not explain.",format_control,free_c4_stronger_open,stronger_open_conflict,question_body,repeated_false_report,free_color_word,one_color_word,,internvl2_8b,InternVL2-8B,OpenGVLab/InternVL2-8B,bfloat16,cuda:0+cpu_offload,auto,1,1.9060,Blue,ok,
vcor_test_blue_2ed5dd359b__FC4_mc_neutral,vcor_test_blue_2ed5dd359b,vcor_test_blue_2ed5dd359b.jpg,data_external/vcor_selected/candidate_pool/blue/vcor_test_blue_2ed5dd359b.jpg,FC4_mc_neutral,phase2_format_control,phase2_format_control_FC4_mc_neutral,"What is the primary body color of the main car in this image? Choose exactly one color label from this multiple-choice list: red, blue, green, yellow, black, white, other. Output the color label only.",format_control,multiple_choice_neutral,neutral,none,none,multiple_choice_label,one_label_from_multiple_choice,,internvl2_8b,InternVL2-8B,OpenGVLab/InternVL2-8B,bfloat16,cuda:0+cpu_offload,auto,1,1.9022,blue,ok,
vcor_test_blue_2ed5dd359b__FC5_mc_c3,vcor_test_blue_2ed5dd359b,vcor_test_blue_2ed5dd359b.jpg,data_external/vcor_selected/candidate_pool/blue/vcor_test_blue_2ed5dd359b.jpg,FC5_mc_c3,phase2_format_control,phase2_format_control_FC5_mc_c3,"When the main car is described as red, what color does the main car actually appear to be in the image? Choose exactly one color label from this multiple-choice list: red, blue, green, yellow, black, white, other. Output the color label only.",format_control,multiple_choice_c3_presupposition,presuppositional,question_body,presupposition,multiple_choice_label,one_label_from_multiple_choice,,internvl2_8b,InternVL2-8B,OpenGVLab/InternVL2-8B,bfloat16,cuda:0+cpu_offload,auto,1,1.9069,blue,ok,
vcor_test_blue_2ed5dd359b__FC6_mc_c4,vcor_test_blue_2ed5dd359b,vcor_test_blue_2ed5dd359b.jpg,data_external/vcor_selected/candidate_pool/blue/vcor_test_blue_2ed5dd359b.jpg,FC6_mc_c4,phase2_format_control,phase2_format_control_FC6_mc_c4,"A report repeatedly refers to the main car as red. What is the main car's primary body color seen in the image? Choose exactly one color label from this multiple-choice list: red, blue, green, yellow, black, white, other. Output the color label only.",format_control,multiple_choice_c4_stronger_open,stronger_open_conflict,question_body,repeated_false_report,multiple_choice_label,one_label_from_multiple_choice,,internvl2_8b,InternVL2-8B,OpenGVLab/InternVL2-8B,bfloat16,cuda:0+cpu_offload,auto,1,1.9221,blue,ok,
vcor_test_blue_2ed5dd359b__FC7_yesno_false_claim,vcor_test_blue_2ed5dd359b,vcor_test_blue_2ed5dd359b.jpg,data_external/vcor_selected/candidate_pool/blue/vcor_test_blue_2ed5dd359b.jpg,FC7_yesno_false_claim,phase2_format_control,phase2_format_control_FC7_yesno_false_claim,Is the main car red? Answer yes or no only.,format_control,yesno_false_claim,assertive,question_body,direct_false_claim,yes_no,yes_means_conflict_no_means_reject_false_claim,,internvl2_8b,InternVL2-8B,OpenGVLab/InternVL2-8B,bfloat16,cuda:0+cpu_offload,auto,1,2.6897,No.,ok,
vcor_test_blue_2ed5dd359b__FC8_yesno_report_correct,vcor_test_blue_2ed5dd359b,vcor_test_blue_2ed5dd359b.jpg,data_external/vcor_selected/candidate_pool/blue/vcor_test_blue_2ed5dd359b.jpg,FC8_yesno_report_correct,phase2_format_control,phase2_format_control_FC8_yesno_report_correct,A report repeatedly says the main car is red. Is that report correct for the image? Answer yes or no only.,format_control,yesno_report_correct,stronger_open_conflict,question_body,repeated_false_report,yes_no,yes_means_conflict_no_means_reject_false_claim,,internvl2_8b,InternVL2-8B,OpenGVLab/InternVL2-8B,bfloat16,cuda:0+cpu_offload,auto,1,1.9152,No,ok,
vcor_test_blue_3295d5f0b2__FC1_free_neutral,vcor_test_blue_3295d5f0b2,vcor_test_blue_3295d5f0b2.jpg,data_external/vcor_selected/candidate_pool/blue/vcor_test_blue_3295d5f0b2.jpg,FC1_free_neutral,phase2_format_control,phase2_format_control_FC1_free_neutral,What is the primary body color of the main car in this image? Answer with one color word only and do not explain.,format_control,free_neutral,neutral,none,none,free_color_word,one_color_word,,internvl2_8b,InternVL2-8B,OpenGVLab/InternVL2-8B,bfloat16,cuda:0+cpu_offload,auto,1,1.9170,blue,ok,
vcor_test_blue_3295d5f0b2__FC2_free_c3,vcor_test_blue_3295d5f0b2,vcor_test_blue_3295d5f0b2.jpg,data_external/vcor_selected/candidate_pool/blue/vcor_test_blue_3295d5f0b2.jpg,FC2_free_c3,phase2_format_control,phase2_format_control_FC2_free_c3,"When the main car is described as red, what color does the main car actually appear to be in the image? Answer with one color word only and do not explain.",format_control,free_c3_presupposition,presuppositional,question_body,presupposition,free_color_word,one_color_word,,internvl2_8b,InternVL2-8B,OpenGVLab/InternVL2-8B,bfloat16,cuda:0+cpu_offload,auto,1,1.8883,blue,ok,
vcor_test_blue_3295d5f0b2__FC3_free_c4,vcor_test_blue_3295d5f0b2,vcor_test_blue_3295d5f0b2.jpg,data_external/vcor_selected/candidate_pool/blue/vcor_test_blue_3295d5f0b2.jpg,FC3_free_c4,phase2_format_control,phase2_format_control_FC3_free_c4,"A report repeatedly refers to the main car as red, and the answer should name the main car's primary body color seen in the image. Answer with one color word only and do not explain.",format_control,free_c4_stronger_open,stronger_open_conflict,question_body,repeated_false_report,free_color_word,one_color_word,,internvl2_8b,InternVL2-8B,OpenGVLab/InternVL2-8B,bfloat16,cuda:0+cpu_offload,auto,1,1.9194,blue,ok,
vcor_test_blue_3295d5f0b2__FC4_mc_neutral,vcor_test_blue_3295d5f0b2,vcor_test_blue_3295d5f0b2.jpg,data_external/vcor_selected/candidate_pool/blue/vcor_test_blue_3295d5f0b2.jpg,FC4_mc_neutral,phase2_format_control,phase2_format_control_FC4_mc_neutral,"What is the primary body color of the main car in this image? Choose exactly one color label from this multiple-choice list: red, blue, green, yellow, black, white, other. Output the color label only.",format_control,multiple_choice_neutral,neutral,none,none,multiple_choice_label,one_label_from_multiple_choice,,internvl2_8b,InternVL2-8B,OpenGVLab/InternVL2-8B,bfloat16,cuda:0+cpu_offload,auto,1,1.9241,blue,ok,
vcor_test_blue_3295d5f0b2__FC5_mc_c3,vcor_test_blue_3295d5f0b2,vcor_test_blue_3295d5f0b2.jpg,data_external/vcor_selected/candidate_pool/blue/vcor_test_blue_3295d5f0b2.jpg,FC5_mc_c3,phase2_format_control,phase2_format_control_FC5_mc_c3,"When the main car is described as red, what color does the main car actually appear to be in the image? Choose exactly one color label from this multiple-choice list: red, blue, green, yellow, black, white, other. Output the color label only.",format_control,multiple_choice_c3_presupposition,presuppositional,question_body,presupposition,multiple_choice_label,one_label_from_multiple_choice,,internvl2_8b,InternVL2-8B,OpenGVLab/InternVL2-8B,bfloat16,cuda:0+cpu_offload,auto,1,1.9447,blue,ok,
vcor_test_blue_3295d5f0b2__FC6_mc_c4,vcor_test_blue_3295d5f0b2,vcor_test_blue_3295d5f0b2.jpg,data_external/vcor_selected/candidate_pool/blue/vcor_test_blue_3295d5f0b2.jpg,FC6_mc_c4,phase2_format_control,phase2_format_control_FC6_mc_c4,"A report repeatedly refers to the main car as red. What is the main car's primary body color seen in the image? Choose exactly one color label from this multiple-choice list: red, blue, green, yellow, black, white, other. Output the color label only.",format_control,multiple_choice_c4_stronger_open,stronger_open_conflict,question_body,repeated_false_report,multiple_choice_label,one_label_from_multiple_choice,,internvl2_8b,InternVL2-8B,OpenGVLab/InternVL2-8B,bfloat16,cuda:0+cpu_offload,auto,1,1.9157,blue,ok,
vcor_test_blue_3295d5f0b2__FC7_yesno_false_claim,vcor_test_blue_3295d5f0b2,vcor_test_blue_3295d5f0b2.jpg,data_external/vcor_selected/candidate_pool/blue/vcor_test_blue_3295d5f0b2.jpg,FC7_yesno_false_claim,phase2_format_control,phase2_format_control_FC7_yesno_false_claim,Is the main car red? Answer yes or no only.,format_control,yesno_false_claim,assertive,question_body,direct_false_claim,yes_no,yes_means_conflict_no_means_reject_false_claim,,internvl2_8b,InternVL2-8B,OpenGVLab/InternVL2-8B,bfloat16,cuda:0+cpu_offload,auto,1,2.6995,No.,ok,
vcor_test_blue_3295d5f0b2__FC8_yesno_report_correct,vcor_test_blue_3295d5f0b2,vcor_test_blue_3295d5f0b2.jpg,data_external/vcor_selected/candidate_pool/blue/vcor_test_blue_3295d5f0b2.jpg,FC8_yesno_report_correct,phase2_format_control,phase2_format_control_FC8_yesno_report_correct,A report repeatedly says the main car is red. Is that report correct for the image? Answer yes or no only.,format_control,yesno_report_correct,stronger_open_conflict,question_body,repeated_false_report,yes_no,yes_means_conflict_no_means_reject_false_claim,,internvl2_8b,InternVL2-8B,OpenGVLab/InternVL2-8B,bfloat16,cuda:0+cpu_offload,auto,1,2.6773,No.,ok,
vcor_test_blue_3ecce0aebe__FC1_free_neutral,vcor_test_blue_3ecce0aebe,vcor_test_blue_3ecce0aebe.jpg,data_external/vcor_selected/candidate_pool/blue/vcor_test_blue_3ecce0aebe.jpg,FC1_free_neutral,phase2_format_control,phase2_format_control_FC1_free_neutral,What is the primary body color of the main car in this image? Answer with one color word only and do not explain.,format_control,free_neutral,neutral,none,none,free_color_word,one_color_word,,internvl2_8b,InternVL2-8B,OpenGVLab/InternVL2-8B,bfloat16,cuda:0+cpu_offload,auto,1,1.8920,blue,ok,
vcor_test_blue_3ecce0aebe__FC2_free_c3,vcor_test_blue_3ecce0aebe,vcor_test_blue_3ecce0aebe.jpg,data_external/vcor_selected/candidate_pool/blue/vcor_test_blue_3ecce0aebe.jpg,FC2_free_c3,phase2_format_control,phase2_format_control_FC2_free_c3,"When the main car is described as red, what color does the main car actually appear to be in the image? Answer with one color word only and do not explain.",format_control,free_c3_presupposition,presuppositional,question_body,presupposition,free_color_word,one_color_word,,internvl2_8b,InternVL2-8B,OpenGVLab/InternVL2-8B,bfloat16,cuda:0+cpu_offload,auto,1,1.9149,blue,ok,
vcor_test_blue_3ecce0aebe__FC3_free_c4,vcor_test_blue_3ecce0aebe,vcor_test_blue_3ecce0aebe.jpg,data_external/vcor_selected/candidate_pool/blue/vcor_test_blue_3ecce0aebe.jpg,FC3_free_c4,phase2_format_control,phase2_format_control_FC3_free_c4,"A report repeatedly refers to the main car as red, and the answer should name the main car's primary body color seen in the image. Answer with one color word only and do not explain.",format_control,free_c4_stronger_open,stronger_open_conflict,question_body,repeated_false_report,free_color_word,one_color_word,,internvl2_8b,InternVL2-8B,OpenGVLab/InternVL2-8B,bfloat16,cuda:0+cpu_offload,auto,1,1.9073,blue,ok,
vcor_test_blue_3ecce0aebe__FC4_mc_neutral,vcor_test_blue_3ecce0aebe,vcor_test_blue_3ecce0aebe.jpg,data_external/vcor_selected/candidate_pool/blue/vcor_test_blue_3ecce0aebe.jpg,FC4_mc_neutral,phase2_format_control,phase2_format_control_FC4_mc_neutral,"What is the primary body color of the main car in this image? Choose exactly one color label from this multiple-choice list: red, blue, green, yellow, black, white, other. Output the color label only.",format_control,multiple_choice_neutral,neutral,none,none,multiple_choice_label,one_label_from_multiple_choice,,internvl2_8b,InternVL2-8B,OpenGVLab/InternVL2-8B,bfloat16,cuda:0+cpu_offload,auto,1,1.9086,blue,ok,
vcor_test_blue_3ecce0aebe__FC5_mc_c3,vcor_test_blue_3ecce0aebe,vcor_test_blue_3ecce0aebe.jpg,data_external/vcor_selected/candidate_pool/blue/vcor_test_blue_3ecce0aebe.jpg,FC5_mc_c3,phase2_format_control,phase2_format_control_FC5_mc_c3,"When the main car is described as red, what color does the main car actually appear to be in the image? Choose exactly one color label from this multiple-choice list: red, blue, green, yellow, black, white, other. Output the color label only.",format_control,multiple_choice_c3_presupposition,presuppositional,question_body,presupposition,multiple_choice_label,one_label_from_multiple_choice,,internvl2_8b,InternVL2-8B,OpenGVLab/InternVL2-8B,bfloat16,cuda:0+cpu_offload,auto,1,1.9188,blue,ok,
vcor_test_blue_3ecce0aebe__FC6_mc_c4,vcor_test_blue_3ecce0aebe,vcor_test_blue_3ecce0aebe.jpg,data_external/vcor_selected/candidate_pool/blue/vcor_test_blue_3ecce0aebe.jpg,FC6_mc_c4,phase2_format_control,phase2_format_control_FC6_mc_c4,"A report repeatedly refers to the main car as red. What is the main car's primary body color seen in the image? Choose exactly one color label from this multiple-choice list: red, blue, green, yellow, black, white, other. Output the color label only.",format_control,multiple_choice_c4_stronger_open,stronger_open_conflict,question_body,repeated_false_report,multiple_choice_label,one_label_from_multiple_choice,,internvl2_8b,InternVL2-8B,OpenGVLab/InternVL2-8B,bfloat16,cuda:0+cpu_offload,auto,1,1.9086,blue,ok,
vcor_test_blue_3ecce0aebe__FC7_yesno_false_claim,vcor_test_blue_3ecce0aebe,vcor_test_blue_3ecce0aebe.jpg,data_external/vcor_selected/candidate_pool/blue/vcor_test_blue_3ecce0aebe.jpg,FC7_yesno_false_claim,phase2_format_control,phase2_format_control_FC7_yesno_false_claim,Is the main car red? Answer yes or no only.,format_control,yesno_false_claim,assertive,question_body,direct_false_claim,yes_no,yes_means_conflict_no_means_reject_false_claim,,internvl2_8b,InternVL2-8B,OpenGVLab/InternVL2-8B,bfloat16,cuda:0+cpu_offload,auto,1,2.7012,No.,ok,
vcor_test_blue_3ecce0aebe__FC8_yesno_report_correct,vcor_test_blue_3ecce0aebe,vcor_test_blue_3ecce0aebe.jpg,data_external/vcor_selected/candidate_pool/blue/vcor_test_blue_3ecce0aebe.jpg,FC8_yesno_report_correct,phase2_format_control,phase2_format_control_FC8_yesno_report_correct,A report repeatedly says the main car is red. Is that report correct for the image? Answer yes or no only.,format_control,yesno_report_correct,stronger_open_conflict,question_body,repeated_false_report,yes_no,yes_means_conflict_no_means_reject_false_claim,,internvl2_8b,InternVL2-8B,OpenGVLab/InternVL2-8B,bfloat16,cuda:0+cpu_offload,auto,1,2.6972,No.,ok,
vcor_test_blue_4bd0b372d6__FC1_free_neutral,vcor_test_blue_4bd0b372d6,vcor_test_blue_4bd0b372d6.jpg,data_external/vcor_selected/candidate_pool/blue/vcor_test_blue_4bd0b372d6.jpg,FC1_free_neutral,phase2_format_control,phase2_format_control_FC1_free_neutral,What is the primary body color of the main car in this image? Answer with one color word only and do not explain.,format_control,free_neutral,neutral,none,none,free_color_word,one_color_word,,internvl2_8b,InternVL2-8B,OpenGVLab/InternVL2-8B,bfloat16,cuda:0+cpu_offload,auto,1,1.9085,blue,ok,
vcor_test_blue_4bd0b372d6__FC2_free_c3,vcor_test_blue_4bd0b372d6,vcor_test_blue_4bd0b372d6.jpg,data_external/vcor_selected/candidate_pool/blue/vcor_test_blue_4bd0b372d6.jpg,FC2_free_c3,phase2_format_control,phase2_format_control_FC2_free_c3,"When the main car is described as red, what color does the main car actually appear to be in the image? Answer with one color word only and do not explain.",format_control,free_c3_presupposition,presuppositional,question_body,presupposition,free_color_word,one_color_word,,internvl2_8b,InternVL2-8B,OpenGVLab/InternVL2-8B,bfloat16,cuda:0+cpu_offload,auto,1,1.8823,blue,ok,
vcor_test_blue_4bd0b372d6__FC3_free_c4,vcor_test_blue_4bd0b372d6,vcor_test_blue_4bd0b372d6.jpg,data_external/vcor_selected/candidate_pool/blue/vcor_test_blue_4bd0b372d6.jpg,FC3_free_c4,phase2_format_control,phase2_format_control_FC3_free_c4,"A report repeatedly refers to the main car as red, and the answer should name the main car's primary body color seen in the image. Answer with one color word only and do not explain.",format_control,free_c4_stronger_open,stronger_open_conflict,question_body,repeated_false_report,free_color_word,one_color_word,,internvl2_8b,InternVL2-8B,OpenGVLab/InternVL2-8B,bfloat16,cuda:0+cpu_offload,auto,1,1.9040,blue,ok,
vcor_test_blue_4bd0b372d6__FC4_mc_neutral,vcor_test_blue_4bd0b372d6,vcor_test_blue_4bd0b372d6.jpg,data_external/vcor_selected/candidate_pool/blue/vcor_test_blue_4bd0b372d6.jpg,FC4_mc_neutral,phase2_format_control,phase2_format_control_FC4_mc_neutral,"What is the primary body color of the main car in this image? Choose exactly one color label from this multiple-choice list: red, blue, green, yellow, black, white, other. Output the color label only.",format_control,multiple_choice_neutral,neutral,none,none,multiple_choice_label,one_label_from_multiple_choice,,internvl2_8b,InternVL2-8B,OpenGVLab/InternVL2-8B,bfloat16,cuda:0+cpu_offload,auto,1,1.9169,blue,ok,
vcor_test_blue_4bd0b372d6__FC5_mc_c3,vcor_test_blue_4bd0b372d6,vcor_test_blue_4bd0b372d6.jpg,data_external/vcor_selected/candidate_pool/blue/vcor_test_blue_4bd0b372d6.jpg,FC5_mc_c3,phase2_format_control,phase2_format_control_FC5_mc_c3,"When the main car is described as red, what color does the main car actually appear to be in the image? Choose exactly one color label from this multiple-choice list: red, blue, green, yellow, black, white, other. Output the color label only.",format_control,multiple_choice_c3_presupposition,presuppositional,question_body,presupposition,multiple_choice_label,one_label_from_multiple_choice,,internvl2_8b,InternVL2-8B,OpenGVLab/InternVL2-8B,bfloat16,cuda:0+cpu_offload,auto,1,1.9263,blue,ok,
vcor_test_blue_4bd0b372d6__FC6_mc_c4,vcor_test_blue_4bd0b372d6,vcor_test_blue_4bd0b372d6.jpg,data_external/vcor_selected/candidate_pool/blue/vcor_test_blue_4bd0b372d6.jpg,FC6_mc_c4,phase2_format_control,phase2_format_control_FC6_mc_c4,"A report repeatedly refers to the main car as red. What is the main car's primary body color seen in the image? Choose exactly one color label from this multiple-choice list: red, blue, green, yellow, black, white, other. Output the color label only.",format_control,multiple_choice_c4_stronger_open,stronger_open_conflict,question_body,repeated_false_report,multiple_choice_label,one_label_from_multiple_choice,,internvl2_8b,InternVL2-8B,OpenGVLab/InternVL2-8B,bfloat16,cuda:0+cpu_offload,auto,1,1.9175,blue,ok,
vcor_test_blue_4bd0b372d6__FC7_yesno_false_claim,vcor_test_blue_4bd0b372d6,vcor_test_blue_4bd0b372d6.jpg,data_external/vcor_selected/candidate_pool/blue/vcor_test_blue_4bd0b372d6.jpg,FC7_yesno_false_claim,phase2_format_control,phase2_format_control_FC7_yesno_false_claim,Is the main car red? Answer yes or no only.,format_control,yesno_false_claim,assertive,question_body,direct_false_claim,yes_no,yes_means_conflict_no_means_reject_false_claim,,internvl2_8b,InternVL2-8B,OpenGVLab/InternVL2-8B,bfloat16,cuda:0+cpu_offload,auto,1,2.7016,No.,ok,
vcor_test_blue_4bd0b372d6__FC8_yesno_report_correct,vcor_test_blue_4bd0b372d6,vcor_test_blue_4bd0b372d6.jpg,data_external/vcor_selected/candidate_pool/blue/vcor_test_blue_4bd0b372d6.jpg,FC8_yesno_report_correct,phase2_format_control,phase2_format_control_FC8_yesno_report_correct,A report repeatedly says the main car is red. Is that report correct for the image? Answer yes or no only.,format_control,yesno_report_correct,stronger_open_conflict,question_body,repeated_false_report,yes_no,yes_means_conflict_no_means_reject_false_claim,,internvl2_8b,InternVL2-8B,OpenGVLab/InternVL2-8B,bfloat16,cuda:0+cpu_offload,auto,1,1.8993,No,ok,
vcor_test_blue_528678178d__FC1_free_neutral,vcor_test_blue_528678178d,vcor_test_blue_528678178d.jpg,data_external/vcor_selected/candidate_pool/blue/vcor_test_blue_528678178d.jpg,FC1_free_neutral,phase2_format_control,phase2_format_control_FC1_free_neutral,What is the primary body color of the main car in this image? Answer with one color word only and do not explain.,format_control,free_neutral,neutral,none,none,free_color_word,one_color_word,,internvl2_8b,InternVL2-8B,OpenGVLab/InternVL2-8B,bfloat16,cuda:0+cpu_offload,auto,1,1.8934,blue,ok,
vcor_test_blue_528678178d__FC2_free_c3,vcor_test_blue_528678178d,vcor_test_blue_528678178d.jpg,data_external/vcor_selected/candidate_pool/blue/vcor_test_blue_528678178d.jpg,FC2_free_c3,phase2_format_control,phase2_format_control_FC2_free_c3,"When the main car is described as red, what color does the main car actually appear to be in the image? Answer with one color word only and do not explain.",format_control,free_c3_presupposition,presuppositional,question_body,presupposition,free_color_word,one_color_word,,internvl2_8b,InternVL2-8B,OpenGVLab/InternVL2-8B,bfloat16,cuda:0+cpu_offload,auto,1,1.9007,blue,ok,
vcor_test_blue_528678178d__FC3_free_c4,vcor_test_blue_528678178d,vcor_test_blue_528678178d.jpg,data_external/vcor_selected/candidate_pool/blue/vcor_test_blue_528678178d.jpg,FC3_free_c4,phase2_format_control,phase2_format_control_FC3_free_c4,"A report repeatedly refers to the main car as red, and the answer should name the main car's primary body color seen in the image. Answer with one color word only and do not explain.",format_control,free_c4_stronger_open,stronger_open_conflict,question_body,repeated_false_report,free_color_word,one_color_word,,internvl2_8b,InternVL2-8B,OpenGVLab/InternVL2-8B,bfloat16,cuda:0+cpu_offload,auto,1,1.8660,Blue,ok,
vcor_test_blue_528678178d__FC4_mc_neutral,vcor_test_blue_528678178d,vcor_test_blue_528678178d.jpg,data_external/vcor_selected/candidate_pool/blue/vcor_test_blue_528678178d.jpg,FC4_mc_neutral,phase2_format_control,phase2_format_control_FC4_mc_neutral,"What is the primary body color of the main car in this image? Choose exactly one color label from this multiple-choice list: red, blue, green, yellow, black, white, other. Output the color label only.",format_control,multiple_choice_neutral,neutral,none,none,multiple_choice_label,one_label_from_multiple_choice,,internvl2_8b,InternVL2-8B,OpenGVLab/InternVL2-8B,bfloat16,cuda:0+cpu_offload,auto,1,1.8742,blue,ok,
vcor_test_blue_528678178d__FC5_mc_c3,vcor_test_blue_528678178d,vcor_test_blue_528678178d.jpg,data_external/vcor_selected/candidate_pool/blue/vcor_test_blue_528678178d.jpg,FC5_mc_c3,phase2_format_control,phase2_format_control_FC5_mc_c3,"When the main car is described as red, what color does the main car actually appear to be in the image? Choose exactly one color label from this multiple-choice list: red, blue, green, yellow, black, white, other. Output the color label only.",format_control,multiple_choice_c3_presupposition,presuppositional,question_body,presupposition,multiple_choice_label,one_label_from_multiple_choice,,internvl2_8b,InternVL2-8B,OpenGVLab/InternVL2-8B,bfloat16,cuda:0+cpu_offload,auto,1,1.8312,blue,ok,
vcor_test_blue_528678178d__FC6_mc_c4,vcor_test_blue_528678178d,vcor_test_blue_528678178d.jpg,data_external/vcor_selected/candidate_pool/blue/vcor_test_blue_528678178d.jpg,FC6_mc_c4,phase2_format_control,phase2_format_control_FC6_mc_c4,"A report repeatedly refers to the main car as red. What is the main car's primary body color seen in the image? Choose exactly one color label from this multiple-choice list: red, blue, green, yellow, black, white, other. Output the color label only.",format_control,multiple_choice_c4_stronger_open,stronger_open_conflict,question_body,repeated_false_report,multiple_choice_label,one_label_from_multiple_choice,,internvl2_8b,InternVL2-8B,OpenGVLab/InternVL2-8B,bfloat16,cuda:0+cpu_offload,auto,1,1.8844,blue,ok,
vcor_test_blue_528678178d__FC7_yesno_false_claim,vcor_test_blue_528678178d,vcor_test_blue_528678178d.jpg,data_external/vcor_selected/candidate_pool/blue/vcor_test_blue_528678178d.jpg,FC7_yesno_false_claim,phase2_format_control,phase2_format_control_FC7_yesno_false_claim,Is the main car red? Answer yes or no only.,format_control,yesno_false_claim,assertive,question_body,direct_false_claim,yes_no,yes_means_conflict_no_means_reject_false_claim,,internvl2_8b,InternVL2-8B,OpenGVLab/InternVL2-8B,bfloat16,cuda:0+cpu_offload,auto,1,1.9039,No,ok,
vcor_test_blue_528678178d__FC8_yesno_report_correct,vcor_test_blue_528678178d,vcor_test_blue_528678178d.jpg,data_external/vcor_selected/candidate_pool/blue/vcor_test_blue_528678178d.jpg,FC8_yesno_report_correct,phase2_format_control,phase2_format_control_FC8_yesno_report_correct,A report repeatedly says the main car is red. Is that report correct for the image? Answer yes or no only.,format_control,yesno_report_correct,stronger_open_conflict,question_body,repeated_false_report,yes_no,yes_means_conflict_no_means_reject_false_claim,,internvl2_8b,InternVL2-8B,OpenGVLab/InternVL2-8B,bfloat16,cuda:0+cpu_offload,auto,1,1.8604,No,ok,
vcor_test_blue_5a03349e96__FC1_free_neutral,vcor_test_blue_5a03349e96,vcor_test_blue_5a03349e96.jpg,data_external/vcor_selected/candidate_pool/blue/vcor_test_blue_5a03349e96.jpg,FC1_free_neutral,phase2_format_control,phase2_format_control_FC1_free_neutral,What is the primary body color of the main car in this image? Answer with one color word only and do not explain.,format_control,free_neutral,neutral,none,none,free_color_word,one_color_word,,internvl2_8b,InternVL2-8B,OpenGVLab/InternVL2-8B,bfloat16,cuda:0+cpu_offload,auto,1,1.8948,blue,ok,
vcor_test_blue_5a03349e96__FC2_free_c3,vcor_test_blue_5a03349e96,vcor_test_blue_5a03349e96.jpg,data_external/vcor_selected/candidate_pool/blue/vcor_test_blue_5a03349e96.jpg,FC2_free_c3,phase2_format_control,phase2_format_control_FC2_free_c3,"When the main car is described as red, what color does the main car actually appear to be in the image? Answer with one color word only and do not explain.",format_control,free_c3_presupposition,presuppositional,question_body,presupposition,free_color_word,one_color_word,,internvl2_8b,InternVL2-8B,OpenGVLab/InternVL2-8B,bfloat16,cuda:0+cpu_offload,auto,1,1.8655,blue,ok,
vcor_test_blue_5a03349e96__FC3_free_c4,vcor_test_blue_5a03349e96,vcor_test_blue_5a03349e96.jpg,data_external/vcor_selected/candidate_pool/blue/vcor_test_blue_5a03349e96.jpg,FC3_free_c4,phase2_format_control,phase2_format_control_FC3_free_c4,"A report repeatedly refers to the main car as red, and the answer should name the main car's primary body color seen in the image. Answer with one color word only and do not explain.",format_control,free_c4_stronger_open,stronger_open_conflict,question_body,repeated_false_report,free_color_word,one_color_word,,internvl2_8b,InternVL2-8B,OpenGVLab/InternVL2-8B,bfloat16,cuda:0+cpu_offload,auto,1,1.8632,blue,ok,
vcor_test_blue_5a03349e96__FC4_mc_neutral,vcor_test_blue_5a03349e96,vcor_test_blue_5a03349e96.jpg,data_external/vcor_selected/candidate_pool/blue/vcor_test_blue_5a03349e96.jpg,FC4_mc_neutral,phase2_format_control,phase2_format_control_FC4_mc_neutral,"What is the primary body color of the main car in this image? Choose exactly one color label from this multiple-choice list: red, blue, green, yellow, black, white, other. Output the color label only.",format_control,multiple_choice_neutral,neutral,none,none,multiple_choice_label,one_label_from_multiple_choice,,internvl2_8b,InternVL2-8B,OpenGVLab/InternVL2-8B,bfloat16,cuda:0+cpu_offload,auto,1,1.8946,blue,ok,
vcor_test_blue_5a03349e96__FC5_mc_c3,vcor_test_blue_5a03349e96,vcor_test_blue_5a03349e96.jpg,data_external/vcor_selected/candidate_pool/blue/vcor_test_blue_5a03349e96.jpg,FC5_mc_c3,phase2_format_control,phase2_format_control_FC5_mc_c3,"When the main car is described as red, what color does the main car actually appear to be in the image? Choose exactly one color label from this multiple-choice list: red, blue, green, yellow, black, white, other. Output the color label only.",format_control,multiple_choice_c3_presupposition,presuppositional,question_body,presupposition,multiple_choice_label,one_label_from_multiple_choice,,internvl2_8b,InternVL2-8B,OpenGVLab/InternVL2-8B,bfloat16,cuda:0+cpu_offload,auto,1,1.8832,blue,ok,
vcor_test_blue_5a03349e96__FC6_mc_c4,vcor_test_blue_5a03349e96,vcor_test_blue_5a03349e96.jpg,data_external/vcor_selected/candidate_pool/blue/vcor_test_blue_5a03349e96.jpg,FC6_mc_c4,phase2_format_control,phase2_format_control_FC6_mc_c4,"A report repeatedly refers to the main car as red. What is the main car's primary body color seen in the image? Choose exactly one color label from this multiple-choice list: red, blue, green, yellow, black, white, other. Output the color label only.",format_control,multiple_choice_c4_stronger_open,stronger_open_conflict,question_body,repeated_false_report,multiple_choice_label,one_label_from_multiple_choice,,internvl2_8b,InternVL2-8B,OpenGVLab/InternVL2-8B,bfloat16,cuda:0+cpu_offload,auto,1,1.8915,blue,ok,
vcor_test_blue_5a03349e96__FC7_yesno_false_claim,vcor_test_blue_5a03349e96,vcor_test_blue_5a03349e96.jpg,data_external/vcor_selected/candidate_pool/blue/vcor_test_blue_5a03349e96.jpg,FC7_yesno_false_claim,phase2_format_control,phase2_format_control_FC7_yesno_false_claim,Is the main car red? Answer yes or no only.,format_control,yesno_false_claim,assertive,question_body,direct_false_claim,yes_no,yes_means_conflict_no_means_reject_false_claim,,internvl2_8b,InternVL2-8B,OpenGVLab/InternVL2-8B,bfloat16,cuda:0+cpu_offload,auto,1,2.6497,No.,ok,
vcor_test_blue_5a03349e96__FC8_yesno_report_correct,vcor_test_blue_5a03349e96,vcor_test_blue_5a03349e96.jpg,data_external/vcor_selected/candidate_pool/blue/vcor_test_blue_5a03349e96.jpg,FC8_yesno_report_correct,phase2_format_control,phase2_format_control_FC8_yesno_report_correct,A report repeatedly says the main car is red. Is that report correct for the image? Answer yes or no only.,format_control,yesno_report_correct,stronger_open_conflict,question_body,repeated_false_report,yes_no,yes_means_conflict_no_means_reject_false_claim,,internvl2_8b,InternVL2-8B,OpenGVLab/InternVL2-8B,bfloat16,cuda:0+cpu_offload,auto,1,1.8590,No,ok,
vcor_test_blue_624884baee__FC1_free_neutral,vcor_test_blue_624884baee,vcor_test_blue_624884baee.jpg,data_external/vcor_selected/candidate_pool/blue/vcor_test_blue_624884baee.jpg,FC1_free_neutral,phase2_format_control,phase2_format_control_FC1_free_neutral,What is the primary body color of the main car in this image? Answer with one color word only and do not explain.,format_control,free_neutral,neutral,none,none,free_color_word,one_color_word,,internvl2_8b,InternVL2-8B,OpenGVLab/InternVL2-8B,bfloat16,cuda:0+cpu_offload,auto,1,1.8605,blue,ok,
vcor_test_blue_624884baee__FC2_free_c3,vcor_test_blue_624884baee,vcor_test_blue_624884baee.jpg,data_external/vcor_selected/candidate_pool/blue/vcor_test_blue_624884baee.jpg,FC2_free_c3,phase2_format_control,phase2_format_control_FC2_free_c3,"When the main car is described as red, what color does the main car actually appear to be in the image? Answer with one color word only and do not explain.",format_control,free_c3_presupposition,presuppositional,question_body,presupposition,free_color_word,one_color_word,,internvl2_8b,InternVL2-8B,OpenGVLab/InternVL2-8B,bfloat16,cuda:0+cpu_offload,auto,1,1.8697,blue,ok,
vcor_test_blue_624884baee__FC3_free_c4,vcor_test_blue_624884baee,vcor_test_blue_624884baee.jpg,data_external/vcor_selected/candidate_pool/blue/vcor_test_blue_624884baee.jpg,FC3_free_c4,phase2_format_control,phase2_format_control_FC3_free_c4,"A report repeatedly refers to the main car as red, and the answer should name the main car's primary body color seen in the image. Answer with one color word only and do not explain.",format_control,free_c4_stronger_open,stronger_open_conflict,question_body,repeated_false_report,free_color_word,one_color_word,,internvl2_8b,InternVL2-8B,OpenGVLab/InternVL2-8B,bfloat16,cuda:0+cpu_offload,auto,1,1.8697,blue,ok,
vcor_test_blue_624884baee__FC4_mc_neutral,vcor_test_blue_624884baee,vcor_test_blue_624884baee.jpg,data_external/vcor_selected/candidate_pool/blue/vcor_test_blue_624884baee.jpg,FC4_mc_neutral,phase2_format_control,phase2_format_control_FC4_mc_neutral,"What is the primary body color of the main car in this image? Choose exactly one color label from this multiple-choice list: red, blue, green, yellow, black, white, other. Output the color label only.",format_control,multiple_choice_neutral,neutral,none,none,multiple_choice_label,one_label_from_multiple_choice,,internvl2_8b,InternVL2-8B,OpenGVLab/InternVL2-8B,bfloat16,cuda:0+cpu_offload,auto,1,1.8760,blue,ok,
vcor_test_blue_624884baee__FC5_mc_c3,vcor_test_blue_624884baee,vcor_test_blue_624884baee.jpg,data_external/vcor_selected/candidate_pool/blue/vcor_test_blue_624884baee.jpg,FC5_mc_c3,phase2_format_control,phase2_format_control_FC5_mc_c3,"When the main car is described as red, what color does the main car actually appear to be in the image? Choose exactly one color label from this multiple-choice list: red, blue, green, yellow, black, white, other. Output the color label only.",format_control,multiple_choice_c3_presupposition,presuppositional,question_body,presupposition,multiple_choice_label,one_label_from_multiple_choice,,internvl2_8b,InternVL2-8B,OpenGVLab/InternVL2-8B,bfloat16,cuda:0+cpu_offload,auto,1,1.8750,blue,ok,
vcor_test_blue_624884baee__FC6_mc_c4,vcor_test_blue_624884baee,vcor_test_blue_624884baee.jpg,data_external/vcor_selected/candidate_pool/blue/vcor_test_blue_624884baee.jpg,FC6_mc_c4,phase2_format_control,phase2_format_control_FC6_mc_c4,"A report repeatedly refers to the main car as red. What is the main car's primary body color seen in the image? Choose exactly one color label from this multiple-choice list: red, blue, green, yellow, black, white, other. Output the color label only.",format_control,multiple_choice_c4_stronger_open,stronger_open_conflict,question_body,repeated_false_report,multiple_choice_label,one_label_from_multiple_choice,,internvl2_8b,InternVL2-8B,OpenGVLab/InternVL2-8B,bfloat16,cuda:0+cpu_offload,auto,1,1.8799,blue,ok,
vcor_test_blue_624884baee__FC7_yesno_false_claim,vcor_test_blue_624884baee,vcor_test_blue_624884baee.jpg,data_external/vcor_selected/candidate_pool/blue/vcor_test_blue_624884baee.jpg,FC7_yesno_false_claim,phase2_format_control,phase2_format_control_FC7_yesno_false_claim,Is the main car red? Answer yes or no only.,format_control,yesno_false_claim,assertive,question_body,direct_false_claim,yes_no,yes_means_conflict_no_means_reject_false_claim,,internvl2_8b,InternVL2-8B,OpenGVLab/InternVL2-8B,bfloat16,cuda:0+cpu_offload,auto,1,2.6333,No.,ok,
vcor_test_blue_624884baee__FC8_yesno_report_correct,vcor_test_blue_624884baee,vcor_test_blue_624884baee.jpg,data_external/vcor_selected/candidate_pool/blue/vcor_test_blue_624884baee.jpg,FC8_yesno_report_correct,phase2_format_control,phase2_format_control_FC8_yesno_report_correct,A report repeatedly says the main car is red. Is that report correct for the image? Answer yes or no only.,format_control,yesno_report_correct,stronger_open_conflict,question_body,repeated_false_report,yes_no,yes_means_conflict_no_means_reject_false_claim,,internvl2_8b,InternVL2-8B,OpenGVLab/InternVL2-8B,bfloat16,cuda:0+cpu_offload,auto,1,2.6494,No.,ok,
vcor_test_blue_66484bd07d__FC1_free_neutral,vcor_test_blue_66484bd07d,vcor_test_blue_66484bd07d.jpg,data_external/vcor_selected/candidate_pool/blue/vcor_test_blue_66484bd07d.jpg,FC1_free_neutral,phase2_format_control,phase2_format_control_FC1_free_neutral,What is the primary body color of the main car in this image? Answer with one color word only and do not explain.,format_control,free_neutral,neutral,none,none,free_color_word,one_color_word,,internvl2_8b,InternVL2-8B,OpenGVLab/InternVL2-8B,bfloat16,cuda:0+cpu_offload,auto,1,1.9212,blue,ok,
vcor_test_blue_66484bd07d__FC2_free_c3,vcor_test_blue_66484bd07d,vcor_test_blue_66484bd07d.jpg,data_external/vcor_selected/candidate_pool/blue/vcor_test_blue_66484bd07d.jpg,FC2_free_c3,phase2_format_control,phase2_format_control_FC2_free_c3,"When the main car is described as red, what color does the main car actually appear to be in the image? Answer with one color word only and do not explain.",format_control,free_c3_presupposition,presuppositional,question_body,presupposition,free_color_word,one_color_word,,internvl2_8b,InternVL2-8B,OpenGVLab/InternVL2-8B,bfloat16,cuda:0+cpu_offload,auto,1,1.9926,blue,ok,
vcor_test_blue_66484bd07d__FC3_free_c4,vcor_test_blue_66484bd07d,vcor_test_blue_66484bd07d.jpg,data_external/vcor_selected/candidate_pool/blue/vcor_test_blue_66484bd07d.jpg,FC3_free_c4,phase2_format_control,phase2_format_control_FC3_free_c4,"A report repeatedly refers to the main car as red, and the answer should name the main car's primary body color seen in the image. Answer with one color word only and do not explain.",format_control,free_c4_stronger_open,stronger_open_conflict,question_body,repeated_false_report,free_color_word,one_color_word,,internvl2_8b,InternVL2-8B,OpenGVLab/InternVL2-8B,bfloat16,cuda:0+cpu_offload,auto,1,1.9229,Blue,ok,
vcor_test_blue_66484bd07d__FC4_mc_neutral,vcor_test_blue_66484bd07d,vcor_test_blue_66484bd07d.jpg,data_external/vcor_selected/candidate_pool/blue/vcor_test_blue_66484bd07d.jpg,FC4_mc_neutral,phase2_format_control,phase2_format_control_FC4_mc_neutral,"What is the primary body color of the main car in this image? Choose exactly one color label from this multiple-choice list: red, blue, green, yellow, black, white, other. Output the color label only.",format_control,multiple_choice_neutral,neutral,none,none,multiple_choice_label,one_label_from_multiple_choice,,internvl2_8b,InternVL2-8B,OpenGVLab/InternVL2-8B,bfloat16,cuda:0+cpu_offload,auto,1,1.9113,blue,ok,
vcor_test_blue_66484bd07d__FC5_mc_c3,vcor_test_blue_66484bd07d,vcor_test_blue_66484bd07d.jpg,data_external/vcor_selected/candidate_pool/blue/vcor_test_blue_66484bd07d.jpg,FC5_mc_c3,phase2_format_control,phase2_format_control_FC5_mc_c3,"When the main car is described as red, what color does the main car actually appear to be in the image? Choose exactly one color label from this multiple-choice list: red, blue, green, yellow, black, white, other. Output the color label only.",format_control,multiple_choice_c3_presupposition,presuppositional,question_body,presupposition,multiple_choice_label,one_label_from_multiple_choice,,internvl2_8b,InternVL2-8B,OpenGVLab/InternVL2-8B,bfloat16,cuda:0+cpu_offload,auto,1,2.0252,blue,ok,
vcor_test_blue_66484bd07d__FC6_mc_c4,vcor_test_blue_66484bd07d,vcor_test_blue_66484bd07d.jpg,data_external/vcor_selected/candidate_pool/blue/vcor_test_blue_66484bd07d.jpg,FC6_mc_c4,phase2_format_control,phase2_format_control_FC6_mc_c4,"A report repeatedly refers to the main car as red. What is the main car's primary body color seen in the image? Choose exactly one color label from this multiple-choice list: red, blue, green, yellow, black, white, other. Output the color label only.",format_control,multiple_choice_c4_stronger_open,stronger_open_conflict,question_body,repeated_false_report,multiple_choice_label,one_label_from_multiple_choice,,internvl2_8b,InternVL2-8B,OpenGVLab/InternVL2-8B,bfloat16,cuda:0+cpu_offload,auto,1,1.9469,blue,ok,
vcor_test_blue_66484bd07d__FC7_yesno_false_claim,vcor_test_blue_66484bd07d,vcor_test_blue_66484bd07d.jpg,data_external/vcor_selected/candidate_pool/blue/vcor_test_blue_66484bd07d.jpg,FC7_yesno_false_claim,phase2_format_control,phase2_format_control_FC7_yesno_false_claim,Is the main car red? Answer yes or no only.,format_control,yesno_false_claim,assertive,question_body,direct_false_claim,yes_no,yes_means_conflict_no_means_reject_false_claim,,internvl2_8b,InternVL2-8B,OpenGVLab/InternVL2-8B,bfloat16,cuda:0+cpu_offload,auto,1,1.9418,No,ok,
vcor_test_blue_66484bd07d__FC8_yesno_report_correct,vcor_test_blue_66484bd07d,vcor_test_blue_66484bd07d.jpg,data_external/vcor_selected/candidate_pool/blue/vcor_test_blue_66484bd07d.jpg,FC8_yesno_report_correct,phase2_format_control,phase2_format_control_FC8_yesno_report_correct,A report repeatedly says the main car is red. Is that report correct for the image? Answer yes or no only.,format_control,yesno_report_correct,stronger_open_conflict,question_body,repeated_false_report,yes_no,yes_means_conflict_no_means_reject_false_claim,,internvl2_8b,InternVL2-8B,OpenGVLab/InternVL2-8B,bfloat16,cuda:0+cpu_offload,auto,1,1.9586,No,ok,
vcor_test_blue_6e40005f44__FC1_free_neutral,vcor_test_blue_6e40005f44,vcor_test_blue_6e40005f44.jpg,data_external/vcor_selected/candidate_pool/blue/vcor_test_blue_6e40005f44.jpg,FC1_free_neutral,phase2_format_control,phase2_format_control_FC1_free_neutral,What is the primary body color of the main car in this image? Answer with one color word only and do not explain.,format_control,free_neutral,neutral,none,none,free_color_word,one_color_word,,internvl2_8b,InternVL2-8B,OpenGVLab/InternVL2-8B,bfloat16,cuda:0+cpu_offload,auto,1,2.0108,blue,ok,
vcor_test_blue_6e40005f44__FC2_free_c3,vcor_test_blue_6e40005f44,vcor_test_blue_6e40005f44.jpg,data_external/vcor_selected/candidate_pool/blue/vcor_test_blue_6e40005f44.jpg,FC2_free_c3,phase2_format_control,phase2_format_control_FC2_free_c3,"When the main car is described as red, what color does the main car actually appear to be in the image? Answer with one color word only and do not explain.",format_control,free_c3_presupposition,presuppositional,question_body,presupposition,free_color_word,one_color_word,,internvl2_8b,InternVL2-8B,OpenGVLab/InternVL2-8B,bfloat16,cuda:0+cpu_offload,auto,1,1.9634,blue,ok,
vcor_test_blue_6e40005f44__FC3_free_c4,vcor_test_blue_6e40005f44,vcor_test_blue_6e40005f44.jpg,data_external/vcor_selected/candidate_pool/blue/vcor_test_blue_6e40005f44.jpg,FC3_free_c4,phase2_format_control,phase2_format_control_FC3_free_c4,"A report repeatedly refers to the main car as red, and the answer should name the main car's primary body color seen in the image. Answer with one color word only and do not explain.",format_control,free_c4_stronger_open,stronger_open_conflict,question_body,repeated_false_report,free_color_word,one_color_word,,internvl2_8b,InternVL2-8B,OpenGVLab/InternVL2-8B,bfloat16,cuda:0+cpu_offload,auto,1,1.8642,blue,ok,
vcor_test_blue_6e40005f44__FC4_mc_neutral,vcor_test_blue_6e40005f44,vcor_test_blue_6e40005f44.jpg,data_external/vcor_selected/candidate_pool/blue/vcor_test_blue_6e40005f44.jpg,FC4_mc_neutral,phase2_format_control,phase2_format_control_FC4_mc_neutral,"What is the primary body color of the main car in this image? Choose exactly one color label from this multiple-choice list: red, blue, green, yellow, black, white, other. Output the color label only.",format_control,multiple_choice_neutral,neutral,none,none,multiple_choice_label,one_label_from_multiple_choice,,internvl2_8b,InternVL2-8B,OpenGVLab/InternVL2-8B,bfloat16,cuda:0+cpu_offload,auto,1,1.9742,blue,ok,
vcor_test_blue_6e40005f44__FC5_mc_c3,vcor_test_blue_6e40005f44,vcor_test_blue_6e40005f44.jpg,data_external/vcor_selected/candidate_pool/blue/vcor_test_blue_6e40005f44.jpg,FC5_mc_c3,phase2_format_control,phase2_format_control_FC5_mc_c3,"When the main car is described as red, what color does the main car actually appear to be in the image? Choose exactly one color label from this multiple-choice list: red, blue, green, yellow, black, white, other. Output the color label only.",format_control,multiple_choice_c3_presupposition,presuppositional,question_body,presupposition,multiple_choice_label,one_label_from_multiple_choice,,internvl2_8b,InternVL2-8B,OpenGVLab/InternVL2-8B,bfloat16,cuda:0+cpu_offload,auto,1,2.0619,blue,ok,
vcor_test_blue_6e40005f44__FC6_mc_c4,vcor_test_blue_6e40005f44,vcor_test_blue_6e40005f44.jpg,data_external/vcor_selected/candidate_pool/blue/vcor_test_blue_6e40005f44.jpg,FC6_mc_c4,phase2_format_control,phase2_format_control_FC6_mc_c4,"A report repeatedly refers to the main car as red. What is the main car's primary body color seen in the image? Choose exactly one color label from this multiple-choice list: red, blue, green, yellow, black, white, other. Output the color label only.",format_control,multiple_choice_c4_stronger_open,stronger_open_conflict,question_body,repeated_false_report,multiple_choice_label,one_label_from_multiple_choice,,internvl2_8b,InternVL2-8B,OpenGVLab/InternVL2-8B,bfloat16,cuda:0+cpu_offload,auto,1,2.0811,blue,ok,
vcor_test_blue_6e40005f44__FC7_yesno_false_claim,vcor_test_blue_6e40005f44,vcor_test_blue_6e40005f44.jpg,data_external/vcor_selected/candidate_pool/blue/vcor_test_blue_6e40005f44.jpg,FC7_yesno_false_claim,phase2_format_control,phase2_format_control_FC7_yesno_false_claim,Is the main car red? Answer yes or no only.,format_control,yesno_false_claim,assertive,question_body,direct_false_claim,yes_no,yes_means_conflict_no_means_reject_false_claim,,internvl2_8b,InternVL2-8B,OpenGVLab/InternVL2-8B,bfloat16,cuda:0+cpu_offload,auto,1,2.7339,No.,ok,
vcor_test_blue_6e40005f44__FC8_yesno_report_correct,vcor_test_blue_6e40005f44,vcor_test_blue_6e40005f44.jpg,data_external/vcor_selected/candidate_pool/blue/vcor_test_blue_6e40005f44.jpg,FC8_yesno_report_correct,phase2_format_control,phase2_format_control_FC8_yesno_report_correct,A report repeatedly says the main car is red. Is that report correct for the image? Answer yes or no only.,format_control,yesno_report_correct,stronger_open_conflict,question_body,repeated_false_report,yes_no,yes_means_conflict_no_means_reject_false_claim,,internvl2_8b,InternVL2-8B,OpenGVLab/InternVL2-8B,bfloat16,cuda:0+cpu_offload,auto,1,2.7249,No.,ok,
vcor_test_blue_6f138e9672__FC1_free_neutral,vcor_test_blue_6f138e9672,vcor_test_blue_6f138e9672.jpg,data_external/vcor_selected/candidate_pool/blue/vcor_test_blue_6f138e9672.jpg,FC1_free_neutral,phase2_format_control,phase2_format_control_FC1_free_neutral,What is the primary body color of the main car in this image? Answer with one color word only and do not explain.,format_control,free_neutral,neutral,none,none,free_color_word,one_color_word,,internvl2_8b,InternVL2-8B,OpenGVLab/InternVL2-8B,bfloat16,cuda:0+cpu_offload,auto,1,1.8960,blue,ok,
vcor_test_blue_6f138e9672__FC2_free_c3,vcor_test_blue_6f138e9672,vcor_test_blue_6f138e9672.jpg,data_external/vcor_selected/candidate_pool/blue/vcor_test_blue_6f138e9672.jpg,FC2_free_c3,phase2_format_control,phase2_format_control_FC2_free_c3,"When the main car is described as red, what color does the main car actually appear to be in the image? Answer with one color word only and do not explain.",format_control,free_c3_presupposition,presuppositional,question_body,presupposition,free_color_word,one_color_word,,internvl2_8b,InternVL2-8B,OpenGVLab/InternVL2-8B,bfloat16,cuda:0+cpu_offload,auto,1,2.0212,blue,ok,
vcor_test_blue_6f138e9672__FC3_free_c4,vcor_test_blue_6f138e9672,vcor_test_blue_6f138e9672.jpg,data_external/vcor_selected/candidate_pool/blue/vcor_test_blue_6f138e9672.jpg,FC3_free_c4,phase2_format_control,phase2_format_control_FC3_free_c4,"A report repeatedly refers to the main car as red, and the answer should name the main car's primary body color seen in the image. Answer with one color word only and do not explain.",format_control,free_c4_stronger_open,stronger_open_conflict,question_body,repeated_false_report,free_color_word,one_color_word,,internvl2_8b,InternVL2-8B,OpenGVLab/InternVL2-8B,bfloat16,cuda:0+cpu_offload,auto,1,2.0357,blue,ok,
vcor_test_blue_6f138e9672__FC4_mc_neutral,vcor_test_blue_6f138e9672,vcor_test_blue_6f138e9672.jpg,data_external/vcor_selected/candidate_pool/blue/vcor_test_blue_6f138e9672.jpg,FC4_mc_neutral,phase2_format_control,phase2_format_control_FC4_mc_neutral,"What is the primary body color of the main car in this image? Choose exactly one color label from this multiple-choice list: red, blue, green, yellow, black, white, other. Output the color label only.",format_control,multiple_choice_neutral,neutral,none,none,multiple_choice_label,one_label_from_multiple_choice,,internvl2_8b,InternVL2-8B,OpenGVLab/InternVL2-8B,bfloat16,cuda:0+cpu_offload,auto,1,1.9283,blue,ok,
vcor_test_blue_6f138e9672__FC5_mc_c3,vcor_test_blue_6f138e9672,vcor_test_blue_6f138e9672.jpg,data_external/vcor_selected/candidate_pool/blue/vcor_test_blue_6f138e9672.jpg,FC5_mc_c3,phase2_format_control,phase2_format_control_FC5_mc_c3,"When the main car is described as red, what color does the main car actually appear to be in the image? Choose exactly one color label from this multiple-choice list: red, blue, green, yellow, black, white, other. Output the color label only.",format_control,multiple_choice_c3_presupposition,presuppositional,question_body,presupposition,multiple_choice_label,one_label_from_multiple_choice,,internvl2_8b,InternVL2-8B,OpenGVLab/InternVL2-8B,bfloat16,cuda:0+cpu_offload,auto,1,1.9007,blue,ok,
vcor_test_blue_6f138e9672__FC6_mc_c4,vcor_test_blue_6f138e9672,vcor_test_blue_6f138e9672.jpg,data_external/vcor_selected/candidate_pool/blue/vcor_test_blue_6f138e9672.jpg,FC6_mc_c4,phase2_format_control,phase2_format_control_FC6_mc_c4,"A report repeatedly refers to the main car as red. What is the main car's primary body color seen in the image? Choose exactly one color label from this multiple-choice list: red, blue, green, yellow, black, white, other. Output the color label only.",format_control,multiple_choice_c4_stronger_open,stronger_open_conflict,question_body,repeated_false_report,multiple_choice_label,one_label_from_multiple_choice,,internvl2_8b,InternVL2-8B,OpenGVLab/InternVL2-8B,bfloat16,cuda:0+cpu_offload,auto,1,1.9825,blue,ok,
vcor_test_blue_6f138e9672__FC7_yesno_false_claim,vcor_test_blue_6f138e9672,vcor_test_blue_6f138e9672.jpg,data_external/vcor_selected/candidate_pool/blue/vcor_test_blue_6f138e9672.jpg,FC7_yesno_false_claim,phase2_format_control,phase2_format_control_FC7_yesno_false_claim,Is the main car red? Answer yes or no only.,format_control,yesno_false_claim,assertive,question_body,direct_false_claim,yes_no,yes_means_conflict_no_means_reject_false_claim,,internvl2_8b,InternVL2-8B,OpenGVLab/InternVL2-8B,bfloat16,cuda:0+cpu_offload,auto,1,2.8173,No.,ok,
vcor_test_blue_6f138e9672__FC8_yesno_report_correct,vcor_test_blue_6f138e9672,vcor_test_blue_6f138e9672.jpg,data_external/vcor_selected/candidate_pool/blue/vcor_test_blue_6f138e9672.jpg,FC8_yesno_report_correct,phase2_format_control,phase2_format_control_FC8_yesno_report_correct,A report repeatedly says the main car is red. Is that report correct for the image? Answer yes or no only.,format_control,yesno_report_correct,stronger_open_conflict,question_body,repeated_false_report,yes_no,yes_means_conflict_no_means_reject_false_claim,,internvl2_8b,InternVL2-8B,OpenGVLab/InternVL2-8B,bfloat16,cuda:0+cpu_offload,auto,1,2.7056,No.,ok,
vcor_test_blue_7051854ce1__FC1_free_neutral,vcor_test_blue_7051854ce1,vcor_test_blue_7051854ce1.jpg,data_external/vcor_selected/candidate_pool/blue/vcor_test_blue_7051854ce1.jpg,FC1_free_neutral,phase2_format_control,phase2_format_control_FC1_free_neutral,What is the primary body color of the main car in this image? Answer with one color word only and do not explain.,format_control,free_neutral,neutral,none,none,free_color_word,one_color_word,,internvl2_8b,InternVL2-8B,OpenGVLab/InternVL2-8B,bfloat16,cuda:0+cpu_offload,auto,1,1.9267,Blue,ok,
vcor_test_blue_7051854ce1__FC2_free_c3,vcor_test_blue_7051854ce1,vcor_test_blue_7051854ce1.jpg,data_external/vcor_selected/candidate_pool/blue/vcor_test_blue_7051854ce1.jpg,FC2_free_c3,phase2_format_control,phase2_format_control_FC2_free_c3,"When the main car is described as red, what color does the main car actually appear to be in the image? Answer with one color word only and do not explain.",format_control,free_c3_presupposition,presuppositional,question_body,presupposition,free_color_word,one_color_word,,internvl2_8b,InternVL2-8B,OpenGVLab/InternVL2-8B,bfloat16,cuda:0+cpu_offload,auto,1,1.9672,Blue,ok,
vcor_test_blue_7051854ce1__FC3_free_c4,vcor_test_blue_7051854ce1,vcor_test_blue_7051854ce1.jpg,data_external/vcor_selected/candidate_pool/blue/vcor_test_blue_7051854ce1.jpg,FC3_free_c4,phase2_format_control,phase2_format_control_FC3_free_c4,"A report repeatedly refers to the main car as red, and the answer should name the main car's primary body color seen in the image. Answer with one color word only and do not explain.",format_control,free_c4_stronger_open,stronger_open_conflict,question_body,repeated_false_report,free_color_word,one_color_word,,internvl2_8b,InternVL2-8B,OpenGVLab/InternVL2-8B,bfloat16,cuda:0+cpu_offload,auto,1,1.8917,Blue,ok,
vcor_test_blue_7051854ce1__FC4_mc_neutral,vcor_test_blue_7051854ce1,vcor_test_blue_7051854ce1.jpg,data_external/vcor_selected/candidate_pool/blue/vcor_test_blue_7051854ce1.jpg,FC4_mc_neutral,phase2_format_control,phase2_format_control_FC4_mc_neutral,"What is the primary body color of the main car in this image? Choose exactly one color label from this multiple-choice list: red, blue, green, yellow, black, white, other. Output the color label only.",format_control,multiple_choice_neutral,neutral,none,none,multiple_choice_label,one_label_from_multiple_choice,,internvl2_8b,InternVL2-8B,OpenGVLab/InternVL2-8B,bfloat16,cuda:0+cpu_offload,auto,1,1.8778,blue,ok,
vcor_test_blue_7051854ce1__FC5_mc_c3,vcor_test_blue_7051854ce1,vcor_test_blue_7051854ce1.jpg,data_external/vcor_selected/candidate_pool/blue/vcor_test_blue_7051854ce1.jpg,FC5_mc_c3,phase2_format_control,phase2_format_control_FC5_mc_c3,"When the main car is described as red, what color does the main car actually appear to be in the image? Choose exactly one color label from this multiple-choice list: red, blue, green, yellow, black, white, other. Output the color label only.",format_control,multiple_choice_c3_presupposition,presuppositional,question_body,presupposition,multiple_choice_label,one_label_from_multiple_choice,,internvl2_8b,InternVL2-8B,OpenGVLab/InternVL2-8B,bfloat16,cuda:0+cpu_offload,auto,1,1.9570,blue,ok,
vcor_test_blue_7051854ce1__FC6_mc_c4,vcor_test_blue_7051854ce1,vcor_test_blue_7051854ce1.jpg,data_external/vcor_selected/candidate_pool/blue/vcor_test_blue_7051854ce1.jpg,FC6_mc_c4,phase2_format_control,phase2_format_control_FC6_mc_c4,"A report repeatedly refers to the main car as red. What is the main car's primary body color seen in the image? Choose exactly one color label from this multiple-choice list: red, blue, green, yellow, black, white, other. Output the color label only.",format_control,multiple_choice_c4_stronger_open,stronger_open_conflict,question_body,repeated_false_report,multiple_choice_label,one_label_from_multiple_choice,,internvl2_8b,InternVL2-8B,OpenGVLab/InternVL2-8B,bfloat16,cuda:0+cpu_offload,auto,1,1.8748,blue,ok,
vcor_test_blue_7051854ce1__FC7_yesno_false_claim,vcor_test_blue_7051854ce1,vcor_test_blue_7051854ce1.jpg,data_external/vcor_selected/candidate_pool/blue/vcor_test_blue_7051854ce1.jpg,FC7_yesno_false_claim,phase2_format_control,phase2_format_control_FC7_yesno_false_claim,Is the main car red? Answer yes or no only.,format_control,yesno_false_claim,assertive,question_body,direct_false_claim,yes_no,yes_means_conflict_no_means_reject_false_claim,,internvl2_8b,InternVL2-8B,OpenGVLab/InternVL2-8B,bfloat16,cuda:0+cpu_offload,auto,1,1.8807,No,ok,
vcor_test_blue_7051854ce1__FC8_yesno_report_correct,vcor_test_blue_7051854ce1,vcor_test_blue_7051854ce1.jpg,data_external/vcor_selected/candidate_pool/blue/vcor_test_blue_7051854ce1.jpg,FC8_yesno_report_correct,phase2_format_control,phase2_format_control_FC8_yesno_report_correct,A report repeatedly says the main car is red. Is that report correct for the image? Answer yes or no only.,format_control,yesno_report_correct,stronger_open_conflict,question_body,repeated_false_report,yes_no,yes_means_conflict_no_means_reject_false_claim,,internvl2_8b,InternVL2-8B,OpenGVLab/InternVL2-8B,bfloat16,cuda:0+cpu_offload,auto,1,1.8688,No,ok,
vcor_test_blue_7fac0b4920__FC1_free_neutral,vcor_test_blue_7fac0b4920,vcor_test_blue_7fac0b4920.jpg,data_external/vcor_selected/candidate_pool/blue/vcor_test_blue_7fac0b4920.jpg,FC1_free_neutral,phase2_format_control,phase2_format_control_FC1_free_neutral,What is the primary body color of the main car in this image? Answer with one color word only and do not explain.,format_control,free_neutral,neutral,none,none,free_color_word,one_color_word,,internvl2_8b,InternVL2-8B,OpenGVLab/InternVL2-8B,bfloat16,cuda:0+cpu_offload,auto,1,1.8591,blue,ok,
vcor_test_blue_7fac0b4920__FC2_free_c3,vcor_test_blue_7fac0b4920,vcor_test_blue_7fac0b4920.jpg,data_external/vcor_selected/candidate_pool/blue/vcor_test_blue_7fac0b4920.jpg,FC2_free_c3,phase2_format_control,phase2_format_control_FC2_free_c3,"When the main car is described as red, what color does the main car actually appear to be in the image? Answer with one color word only and do not explain.",format_control,free_c3_presupposition,presuppositional,question_body,presupposition,free_color_word,one_color_word,,internvl2_8b,InternVL2-8B,OpenGVLab/InternVL2-8B,bfloat16,cuda:0+cpu_offload,auto,1,1.8937,blue,ok,
vcor_test_blue_7fac0b4920__FC3_free_c4,vcor_test_blue_7fac0b4920,vcor_test_blue_7fac0b4920.jpg,data_external/vcor_selected/candidate_pool/blue/vcor_test_blue_7fac0b4920.jpg,FC3_free_c4,phase2_format_control,phase2_format_control_FC3_free_c4,"A report repeatedly refers to the main car as red, and the answer should name the main car's primary body color seen in the image. Answer with one color word only and do not explain.",format_control,free_c4_stronger_open,stronger_open_conflict,question_body,repeated_false_report,free_color_word,one_color_word,,internvl2_8b,InternVL2-8B,OpenGVLab/InternVL2-8B,bfloat16,cuda:0+cpu_offload,auto,1,1.9453,Blue,ok,
vcor_test_blue_7fac0b4920__FC4_mc_neutral,vcor_test_blue_7fac0b4920,vcor_test_blue_7fac0b4920.jpg,data_external/vcor_selected/candidate_pool/blue/vcor_test_blue_7fac0b4920.jpg,FC4_mc_neutral,phase2_format_control,phase2_format_control_FC4_mc_neutral,"What is the primary body color of the main car in this image? Choose exactly one color label from this multiple-choice list: red, blue, green, yellow, black, white, other. Output the color label only.",format_control,multiple_choice_neutral,neutral,none,none,multiple_choice_label,one_label_from_multiple_choice,,internvl2_8b,InternVL2-8B,OpenGVLab/InternVL2-8B,bfloat16,cuda:0+cpu_offload,auto,1,1.9100,blue,ok,
vcor_test_blue_7fac0b4920__FC5_mc_c3,vcor_test_blue_7fac0b4920,vcor_test_blue_7fac0b4920.jpg,data_external/vcor_selected/candidate_pool/blue/vcor_test_blue_7fac0b4920.jpg,FC5_mc_c3,phase2_format_control,phase2_format_control_FC5_mc_c3,"When the main car is described as red, what color does the main car actually appear to be in the image? Choose exactly one color label from this multiple-choice list: red, blue, green, yellow, black, white, other. Output the color label only.",format_control,multiple_choice_c3_presupposition,presuppositional,question_body,presupposition,multiple_choice_label,one_label_from_multiple_choice,,internvl2_8b,InternVL2-8B,OpenGVLab/InternVL2-8B,bfloat16,cuda:0+cpu_offload,auto,1,1.9289,blue,ok,
vcor_test_blue_7fac0b4920__FC6_mc_c4,vcor_test_blue_7fac0b4920,vcor_test_blue_7fac0b4920.jpg,data_external/vcor_selected/candidate_pool/blue/vcor_test_blue_7fac0b4920.jpg,FC6_mc_c4,phase2_format_control,phase2_format_control_FC6_mc_c4,"A report repeatedly refers to the main car as red. What is the main car's primary body color seen in the image? Choose exactly one color label from this multiple-choice list: red, blue, green, yellow, black, white, other. Output the color label only.",format_control,multiple_choice_c4_stronger_open,stronger_open_conflict,question_body,repeated_false_report,multiple_choice_label,one_label_from_multiple_choice,,internvl2_8b,InternVL2-8B,OpenGVLab/InternVL2-8B,bfloat16,cuda:0+cpu_offload,auto,1,1.8829,blue,ok,
vcor_test_blue_7fac0b4920__FC7_yesno_false_claim,vcor_test_blue_7fac0b4920,vcor_test_blue_7fac0b4920.jpg,data_external/vcor_selected/candidate_pool/blue/vcor_test_blue_7fac0b4920.jpg,FC7_yesno_false_claim,phase2_format_control,phase2_format_control_FC7_yesno_false_claim,Is the main car red? Answer yes or no only.,format_control,yesno_false_claim,assertive,question_body,direct_false_claim,yes_no,yes_means_conflict_no_means_reject_false_claim,,internvl2_8b,InternVL2-8B,OpenGVLab/InternVL2-8B,bfloat16,cuda:0+cpu_offload,auto,1,1.8479,No,ok,
vcor_test_blue_7fac0b4920__FC8_yesno_report_correct,vcor_test_blue_7fac0b4920,vcor_test_blue_7fac0b4920.jpg,data_external/vcor_selected/candidate_pool/blue/vcor_test_blue_7fac0b4920.jpg,FC8_yesno_report_correct,phase2_format_control,phase2_format_control_FC8_yesno_report_correct,A report repeatedly says the main car is red. Is that report correct for the image? Answer yes or no only.,format_control,yesno_report_correct,stronger_open_conflict,question_body,repeated_false_report,yes_no,yes_means_conflict_no_means_reject_false_claim,,internvl2_8b,InternVL2-8B,OpenGVLab/InternVL2-8B,bfloat16,cuda:0+cpu_offload,auto,1,1.9311,No,ok,
vcor_test_blue_8ce9baa05a__FC1_free_neutral,vcor_test_blue_8ce9baa05a,vcor_test_blue_8ce9baa05a.jpg,data_external/vcor_selected/candidate_pool/blue/vcor_test_blue_8ce9baa05a.jpg,FC1_free_neutral,phase2_format_control,phase2_format_control_FC1_free_neutral,What is the primary body color of the main car in this image? Answer with one color word only and do not explain.,format_control,free_neutral,neutral,none,none,free_color_word,one_color_word,,internvl2_8b,InternVL2-8B,OpenGVLab/InternVL2-8B,bfloat16,cuda:0+cpu_offload,auto,1,1.8673,blue,ok,
vcor_test_blue_8ce9baa05a__FC2_free_c3,vcor_test_blue_8ce9baa05a,vcor_test_blue_8ce9baa05a.jpg,data_external/vcor_selected/candidate_pool/blue/vcor_test_blue_8ce9baa05a.jpg,FC2_free_c3,phase2_format_control,phase2_format_control_FC2_free_c3,"When the main car is described as red, what color does the main car actually appear to be in the image? Answer with one color word only and do not explain.",format_control,free_c3_presupposition,presuppositional,question_body,presupposition,free_color_word,one_color_word,,internvl2_8b,InternVL2-8B,OpenGVLab/InternVL2-8B,bfloat16,cuda:0+cpu_offload,auto,1,1.8565,blue,ok,
vcor_test_blue_8ce9baa05a__FC3_free_c4,vcor_test_blue_8ce9baa05a,vcor_test_blue_8ce9baa05a.jpg,data_external/vcor_selected/candidate_pool/blue/vcor_test_blue_8ce9baa05a.jpg,FC3_free_c4,phase2_format_control,phase2_format_control_FC3_free_c4,"A report repeatedly refers to the main car as red, and the answer should name the main car's primary body color seen in the image. Answer with one color word only and do not explain.",format_control,free_c4_stronger_open,stronger_open_conflict,question_body,repeated_false_report,free_color_word,one_color_word,,internvl2_8b,InternVL2-8B,OpenGVLab/InternVL2-8B,bfloat16,cuda:0+cpu_offload,auto,1,1.9560,Blue,ok,
vcor_test_blue_8ce9baa05a__FC4_mc_neutral,vcor_test_blue_8ce9baa05a,vcor_test_blue_8ce9baa05a.jpg,data_external/vcor_selected/candidate_pool/blue/vcor_test_blue_8ce9baa05a.jpg,FC4_mc_neutral,phase2_format_control,phase2_format_control_FC4_mc_neutral,"What is the primary body color of the main car in this image? Choose exactly one color label from this multiple-choice list: red, blue, green, yellow, black, white, other. Output the color label only.",format_control,multiple_choice_neutral,neutral,none,none,multiple_choice_label,one_label_from_multiple_choice,,internvl2_8b,InternVL2-8B,OpenGVLab/InternVL2-8B,bfloat16,cuda:0+cpu_offload,auto,1,1.9003,blue,ok,
vcor_test_blue_8ce9baa05a__FC5_mc_c3,vcor_test_blue_8ce9baa05a,vcor_test_blue_8ce9baa05a.jpg,data_external/vcor_selected/candidate_pool/blue/vcor_test_blue_8ce9baa05a.jpg,FC5_mc_c3,phase2_format_control,phase2_format_control_FC5_mc_c3,"When the main car is described as red, what color does the main car actually appear to be in the image? Choose exactly one color label from this multiple-choice list: red, blue, green, yellow, black, white, other. Output the color label only.",format_control,multiple_choice_c3_presupposition,presuppositional,question_body,presupposition,multiple_choice_label,one_label_from_multiple_choice,,internvl2_8b,InternVL2-8B,OpenGVLab/InternVL2-8B,bfloat16,cuda:0+cpu_offload,auto,1,1.8861,blue,ok,
vcor_test_blue_8ce9baa05a__FC6_mc_c4,vcor_test_blue_8ce9baa05a,vcor_test_blue_8ce9baa05a.jpg,data_external/vcor_selected/candidate_pool/blue/vcor_test_blue_8ce9baa05a.jpg,FC6_mc_c4,phase2_format_control,phase2_format_control_FC6_mc_c4,"A report repeatedly refers to the main car as red. What is the main car's primary body color seen in the image? Choose exactly one color label from this multiple-choice list: red, blue, green, yellow, black, white, other. Output the color label only.",format_control,multiple_choice_c4_stronger_open,stronger_open_conflict,question_body,repeated_false_report,multiple_choice_label,one_label_from_multiple_choice,,internvl2_8b,InternVL2-8B,OpenGVLab/InternVL2-8B,bfloat16,cuda:0+cpu_offload,auto,1,1.8761,blue,ok,
vcor_test_blue_8ce9baa05a__FC7_yesno_false_claim,vcor_test_blue_8ce9baa05a,vcor_test_blue_8ce9baa05a.jpg,data_external/vcor_selected/candidate_pool/blue/vcor_test_blue_8ce9baa05a.jpg,FC7_yesno_false_claim,phase2_format_control,phase2_format_control_FC7_yesno_false_claim,Is the main car red? Answer yes or no only.,format_control,yesno_false_claim,assertive,question_body,direct_false_claim,yes_no,yes_means_conflict_no_means_reject_false_claim,,internvl2_8b,InternVL2-8B,OpenGVLab/InternVL2-8B,bfloat16,cuda:0+cpu_offload,auto,1,2.6215,No.,ok,
vcor_test_blue_8ce9baa05a__FC8_yesno_report_correct,vcor_test_blue_8ce9baa05a,vcor_test_blue_8ce9baa05a.jpg,data_external/vcor_selected/candidate_pool/blue/vcor_test_blue_8ce9baa05a.jpg,FC8_yesno_report_correct,phase2_format_control,phase2_format_control_FC8_yesno_report_correct,A report repeatedly says the main car is red. Is that report correct for the image? Answer yes or no only.,format_control,yesno_report_correct,stronger_open_conflict,question_body,repeated_false_report,yes_no,yes_means_conflict_no_means_reject_false_claim,,internvl2_8b,InternVL2-8B,OpenGVLab/InternVL2-8B,bfloat16,cuda:0+cpu_offload,auto,1,1.8670,No,ok,
vcor_test_blue_8e17baacd6__FC1_free_neutral,vcor_test_blue_8e17baacd6,vcor_test_blue_8e17baacd6.jpg,data_external/vcor_selected/candidate_pool/blue/vcor_test_blue_8e17baacd6.jpg,FC1_free_neutral,phase2_format_control,phase2_format_control_FC1_free_neutral,What is the primary body color of the main car in this image? Answer with one color word only and do not explain.,format_control,free_neutral,neutral,none,none,free_color_word,one_color_word,,internvl2_8b,InternVL2-8B,OpenGVLab/InternVL2-8B,bfloat16,cuda:0+cpu_offload,auto,1,1.8591,Blue,ok,
vcor_test_blue_8e17baacd6__FC2_free_c3,vcor_test_blue_8e17baacd6,vcor_test_blue_8e17baacd6.jpg,data_external/vcor_selected/candidate_pool/blue/vcor_test_blue_8e17baacd6.jpg,FC2_free_c3,phase2_format_control,phase2_format_control_FC2_free_c3,"When the main car is described as red, what color does the main car actually appear to be in the image? Answer with one color word only and do not explain.",format_control,free_c3_presupposition,presuppositional,question_body,presupposition,free_color_word,one_color_word,,internvl2_8b,InternVL2-8B,OpenGVLab/InternVL2-8B,bfloat16,cuda:0+cpu_offload,auto,1,1.8743,Blue,ok,
vcor_test_blue_8e17baacd6__FC3_free_c4,vcor_test_blue_8e17baacd6,vcor_test_blue_8e17baacd6.jpg,data_external/vcor_selected/candidate_pool/blue/vcor_test_blue_8e17baacd6.jpg,FC3_free_c4,phase2_format_control,phase2_format_control_FC3_free_c4,"A report repeatedly refers to the main car as red, and the answer should name the main car's primary body color seen in the image. Answer with one color word only and do not explain.",format_control,free_c4_stronger_open,stronger_open_conflict,question_body,repeated_false_report,free_color_word,one_color_word,,internvl2_8b,InternVL2-8B,OpenGVLab/InternVL2-8B,bfloat16,cuda:0+cpu_offload,auto,1,1.8678,Blue,ok,
vcor_test_blue_8e17baacd6__FC4_mc_neutral,vcor_test_blue_8e17baacd6,vcor_test_blue_8e17baacd6.jpg,data_external/vcor_selected/candidate_pool/blue/vcor_test_blue_8e17baacd6.jpg,FC4_mc_neutral,phase2_format_control,phase2_format_control_FC4_mc_neutral,"What is the primary body color of the main car in this image? Choose exactly one color label from this multiple-choice list: red, blue, green, yellow, black, white, other. Output the color label only.",format_control,multiple_choice_neutral,neutral,none,none,multiple_choice_label,one_label_from_multiple_choice,,internvl2_8b,InternVL2-8B,OpenGVLab/InternVL2-8B,bfloat16,cuda:0+cpu_offload,auto,1,1.8600,blue,ok,
vcor_test_blue_8e17baacd6__FC5_mc_c3,vcor_test_blue_8e17baacd6,vcor_test_blue_8e17baacd6.jpg,data_external/vcor_selected/candidate_pool/blue/vcor_test_blue_8e17baacd6.jpg,FC5_mc_c3,phase2_format_control,phase2_format_control_FC5_mc_c3,"When the main car is described as red, what color does the main car actually appear to be in the image? Choose exactly one color label from this multiple-choice list: red, blue, green, yellow, black, white, other. Output the color label only.",format_control,multiple_choice_c3_presupposition,presuppositional,question_body,presupposition,multiple_choice_label,one_label_from_multiple_choice,,internvl2_8b,InternVL2-8B,OpenGVLab/InternVL2-8B,bfloat16,cuda:0+cpu_offload,auto,1,1.8935,blue,ok,
vcor_test_blue_8e17baacd6__FC6_mc_c4,vcor_test_blue_8e17baacd6,vcor_test_blue_8e17baacd6.jpg,data_external/vcor_selected/candidate_pool/blue/vcor_test_blue_8e17baacd6.jpg,FC6_mc_c4,phase2_format_control,phase2_format_control_FC6_mc_c4,"A report repeatedly refers to the main car as red. What is the main car's primary body color seen in the image? Choose exactly one color label from this multiple-choice list: red, blue, green, yellow, black, white, other. Output the color label only.",format_control,multiple_choice_c4_stronger_open,stronger_open_conflict,question_body,repeated_false_report,multiple_choice_label,one_label_from_multiple_choice,,internvl2_8b,InternVL2-8B,OpenGVLab/InternVL2-8B,bfloat16,cuda:0+cpu_offload,auto,1,1.8583,blue,ok,
vcor_test_blue_8e17baacd6__FC7_yesno_false_claim,vcor_test_blue_8e17baacd6,vcor_test_blue_8e17baacd6.jpg,data_external/vcor_selected/candidate_pool/blue/vcor_test_blue_8e17baacd6.jpg,FC7_yesno_false_claim,phase2_format_control,phase2_format_control_FC7_yesno_false_claim,Is the main car red? Answer yes or no only.,format_control,yesno_false_claim,assertive,question_body,direct_false_claim,yes_no,yes_means_conflict_no_means_reject_false_claim,,internvl2_8b,InternVL2-8B,OpenGVLab/InternVL2-8B,bfloat16,cuda:0+cpu_offload,auto,1,2.6297,No.,ok,
vcor_test_blue_8e17baacd6__FC8_yesno_report_correct,vcor_test_blue_8e17baacd6,vcor_test_blue_8e17baacd6.jpg,data_external/vcor_selected/candidate_pool/blue/vcor_test_blue_8e17baacd6.jpg,FC8_yesno_report_correct,phase2_format_control,phase2_format_control_FC8_yesno_report_correct,A report repeatedly says the main car is red. Is that report correct for the image? Answer yes or no only.,format_control,yesno_report_correct,stronger_open_conflict,question_body,repeated_false_report,yes_no,yes_means_conflict_no_means_reject_false_claim,,internvl2_8b,InternVL2-8B,OpenGVLab/InternVL2-8B,bfloat16,cuda:0+cpu_offload,auto,1,1.8602,No,ok,
vcor_test_blue_9200c2982f__FC1_free_neutral,vcor_test_blue_9200c2982f,vcor_test_blue_9200c2982f.jpg,data_external/vcor_selected/candidate_pool/blue/vcor_test_blue_9200c2982f.jpg,FC1_free_neutral,phase2_format_control,phase2_format_control_FC1_free_neutral,What is the primary body color of the main car in this image? Answer with one color word only and do not explain.,format_control,free_neutral,neutral,none,none,free_color_word,one_color_word,,internvl2_8b,InternVL2-8B,OpenGVLab/InternVL2-8B,bfloat16,cuda:0+cpu_offload,auto,1,1.8562,blue,ok,
vcor_test_blue_9200c2982f__FC2_free_c3,vcor_test_blue_9200c2982f,vcor_test_blue_9200c2982f.jpg,data_external/vcor_selected/candidate_pool/blue/vcor_test_blue_9200c2982f.jpg,FC2_free_c3,phase2_format_control,phase2_format_control_FC2_free_c3,"When the main car is described as red, what color does the main car actually appear to be in the image? Answer with one color word only and do not explain.",format_control,free_c3_presupposition,presuppositional,question_body,presupposition,free_color_word,one_color_word,,internvl2_8b,InternVL2-8B,OpenGVLab/InternVL2-8B,bfloat16,cuda:0+cpu_offload,auto,1,1.8581,blue,ok,
vcor_test_blue_9200c2982f__FC3_free_c4,vcor_test_blue_9200c2982f,vcor_test_blue_9200c2982f.jpg,data_external/vcor_selected/candidate_pool/blue/vcor_test_blue_9200c2982f.jpg,FC3_free_c4,phase2_format_control,phase2_format_control_FC3_free_c4,"A report repeatedly refers to the main car as red, and the answer should name the main car's primary body color seen in the image. Answer with one color word only and do not explain.",format_control,free_c4_stronger_open,stronger_open_conflict,question_body,repeated_false_report,free_color_word,one_color_word,,internvl2_8b,InternVL2-8B,OpenGVLab/InternVL2-8B,bfloat16,cuda:0+cpu_offload,auto,1,1.8729,Blue,ok,
vcor_test_blue_9200c2982f__FC4_mc_neutral,vcor_test_blue_9200c2982f,vcor_test_blue_9200c2982f.jpg,data_external/vcor_selected/candidate_pool/blue/vcor_test_blue_9200c2982f.jpg,FC4_mc_neutral,phase2_format_control,phase2_format_control_FC4_mc_neutral,"What is the primary body color of the main car in this image? Choose exactly one color label from this multiple-choice list: red, blue, green, yellow, black, white, other. Output the color label only.",format_control,multiple_choice_neutral,neutral,none,none,multiple_choice_label,one_label_from_multiple_choice,,internvl2_8b,InternVL2-8B,OpenGVLab/InternVL2-8B,bfloat16,cuda:0+cpu_offload,auto,1,1.8627,blue,ok,
vcor_test_blue_9200c2982f__FC5_mc_c3,vcor_test_blue_9200c2982f,vcor_test_blue_9200c2982f.jpg,data_external/vcor_selected/candidate_pool/blue/vcor_test_blue_9200c2982f.jpg,FC5_mc_c3,phase2_format_control,phase2_format_control_FC5_mc_c3,"When the main car is described as red, what color does the main car actually appear to be in the image? Choose exactly one color label from this multiple-choice list: red, blue, green, yellow, black, white, other. Output the color label only.",format_control,multiple_choice_c3_presupposition,presuppositional,question_body,presupposition,multiple_choice_label,one_label_from_multiple_choice,,internvl2_8b,InternVL2-8B,OpenGVLab/InternVL2-8B,bfloat16,cuda:0+cpu_offload,auto,1,1.9000,blue,ok,
vcor_test_blue_9200c2982f__FC6_mc_c4,vcor_test_blue_9200c2982f,vcor_test_blue_9200c2982f.jpg,data_external/vcor_selected/candidate_pool/blue/vcor_test_blue_9200c2982f.jpg,FC6_mc_c4,phase2_format_control,phase2_format_control_FC6_mc_c4,"A report repeatedly refers to the main car as red. What is the main car's primary body color seen in the image? Choose exactly one color label from this multiple-choice list: red, blue, green, yellow, black, white, other. Output the color label only.",format_control,multiple_choice_c4_stronger_open,stronger_open_conflict,question_body,repeated_false_report,multiple_choice_label,one_label_from_multiple_choice,,internvl2_8b,InternVL2-8B,OpenGVLab/InternVL2-8B,bfloat16,cuda:0+cpu_offload,auto,1,1.8757,blue,ok,
vcor_test_blue_9200c2982f__FC7_yesno_false_claim,vcor_test_blue_9200c2982f,vcor_test_blue_9200c2982f.jpg,data_external/vcor_selected/candidate_pool/blue/vcor_test_blue_9200c2982f.jpg,FC7_yesno_false_claim,phase2_format_control,phase2_format_control_FC7_yesno_false_claim,Is the main car red? Answer yes or no only.,format_control,yesno_false_claim,assertive,question_body,direct_false_claim,yes_no,yes_means_conflict_no_means_reject_false_claim,,internvl2_8b,InternVL2-8B,OpenGVLab/InternVL2-8B,bfloat16,cuda:0+cpu_offload,auto,1,1.8525,No,ok,
vcor_test_blue_9200c2982f__FC8_yesno_report_correct,vcor_test_blue_9200c2982f,vcor_test_blue_9200c2982f.jpg,data_external/vcor_selected/candidate_pool/blue/vcor_test_blue_9200c2982f.jpg,FC8_yesno_report_correct,phase2_format_control,phase2_format_control_FC8_yesno_report_correct,A report repeatedly says the main car is red. Is that report correct for the image? Answer yes or no only.,format_control,yesno_report_correct,stronger_open_conflict,question_body,repeated_false_report,yes_no,yes_means_conflict_no_means_reject_false_claim,,internvl2_8b,InternVL2-8B,OpenGVLab/InternVL2-8B,bfloat16,cuda:0+cpu_offload,auto,1,1.8564,No,ok,
vcor_test_blue_99ae7c4d7d__FC1_free_neutral,vcor_test_blue_99ae7c4d7d,vcor_test_blue_99ae7c4d7d.jpg,data_external/vcor_selected/candidate_pool/blue/vcor_test_blue_99ae7c4d7d.jpg,FC1_free_neutral,phase2_format_control,phase2_format_control_FC1_free_neutral,What is the primary body color of the main car in this image? Answer with one color word only and do not explain.,format_control,free_neutral,neutral,none,none,free_color_word,one_color_word,,internvl2_8b,InternVL2-8B,OpenGVLab/InternVL2-8B,bfloat16,cuda:0+cpu_offload,auto,1,1.8753,blue,ok,
vcor_test_blue_99ae7c4d7d__FC2_free_c3,vcor_test_blue_99ae7c4d7d,vcor_test_blue_99ae7c4d7d.jpg,data_external/vcor_selected/candidate_pool/blue/vcor_test_blue_99ae7c4d7d.jpg,FC2_free_c3,phase2_format_control,phase2_format_control_FC2_free_c3,"When the main car is described as red, what color does the main car actually appear to be in the image? Answer with one color word only and do not explain.",format_control,free_c3_presupposition,presuppositional,question_body,presupposition,free_color_word,one_color_word,,internvl2_8b,InternVL2-8B,OpenGVLab/InternVL2-8B,bfloat16,cuda:0+cpu_offload,auto,1,1.8741,blue,ok,
vcor_test_blue_99ae7c4d7d__FC3_free_c4,vcor_test_blue_99ae7c4d7d,vcor_test_blue_99ae7c4d7d.jpg,data_external/vcor_selected/candidate_pool/blue/vcor_test_blue_99ae7c4d7d.jpg,FC3_free_c4,phase2_format_control,phase2_format_control_FC3_free_c4,"A report repeatedly refers to the main car as red, and the answer should name the main car's primary body color seen in the image. Answer with one color word only and do not explain.",format_control,free_c4_stronger_open,stronger_open_conflict,question_body,repeated_false_report,free_color_word,one_color_word,,internvl2_8b,InternVL2-8B,OpenGVLab/InternVL2-8B,bfloat16,cuda:0+cpu_offload,auto,1,1.8671,Blue,ok,
vcor_test_blue_99ae7c4d7d__FC4_mc_neutral,vcor_test_blue_99ae7c4d7d,vcor_test_blue_99ae7c4d7d.jpg,data_external/vcor_selected/candidate_pool/blue/vcor_test_blue_99ae7c4d7d.jpg,FC4_mc_neutral,phase2_format_control,phase2_format_control_FC4_mc_neutral,"What is the primary body color of the main car in this image? Choose exactly one color label from this multiple-choice list: red, blue, green, yellow, black, white, other. Output the color label only.",format_control,multiple_choice_neutral,neutral,none,none,multiple_choice_label,one_label_from_multiple_choice,,internvl2_8b,InternVL2-8B,OpenGVLab/InternVL2-8B,bfloat16,cuda:0+cpu_offload,auto,1,1.8534,blue,ok,
vcor_test_blue_99ae7c4d7d__FC5_mc_c3,vcor_test_blue_99ae7c4d7d,vcor_test_blue_99ae7c4d7d.jpg,data_external/vcor_selected/candidate_pool/blue/vcor_test_blue_99ae7c4d7d.jpg,FC5_mc_c3,phase2_format_control,phase2_format_control_FC5_mc_c3,"When the main car is described as red, what color does the main car actually appear to be in the image? Choose exactly one color label from this multiple-choice list: red, blue, green, yellow, black, white, other. Output the color label only.",format_control,multiple_choice_c3_presupposition,presuppositional,question_body,presupposition,multiple_choice_label,one_label_from_multiple_choice,,internvl2_8b,InternVL2-8B,OpenGVLab/InternVL2-8B,bfloat16,cuda:0+cpu_offload,auto,1,1.8887,blue,ok,
vcor_test_blue_99ae7c4d7d__FC6_mc_c4,vcor_test_blue_99ae7c4d7d,vcor_test_blue_99ae7c4d7d.jpg,data_external/vcor_selected/candidate_pool/blue/vcor_test_blue_99ae7c4d7d.jpg,FC6_mc_c4,phase2_format_control,phase2_format_control_FC6_mc_c4,"A report repeatedly refers to the main car as red. What is the main car's primary body color seen in the image? Choose exactly one color label from this multiple-choice list: red, blue, green, yellow, black, white, other. Output the color label only.",format_control,multiple_choice_c4_stronger_open,stronger_open_conflict,question_body,repeated_false_report,multiple_choice_label,one_label_from_multiple_choice,,internvl2_8b,InternVL2-8B,OpenGVLab/InternVL2-8B,bfloat16,cuda:0+cpu_offload,auto,1,1.8610,blue,ok,
vcor_test_blue_99ae7c4d7d__FC7_yesno_false_claim,vcor_test_blue_99ae7c4d7d,vcor_test_blue_99ae7c4d7d.jpg,data_external/vcor_selected/candidate_pool/blue/vcor_test_blue_99ae7c4d7d.jpg,FC7_yesno_false_claim,phase2_format_control,phase2_format_control_FC7_yesno_false_claim,Is the main car red? Answer yes or no only.,format_control,yesno_false_claim,assertive,question_body,direct_false_claim,yes_no,yes_means_conflict_no_means_reject_false_claim,,internvl2_8b,InternVL2-8B,OpenGVLab/InternVL2-8B,bfloat16,cuda:0+cpu_offload,auto,1,2.6647,No.,ok,
vcor_test_blue_99ae7c4d7d__FC8_yesno_report_correct,vcor_test_blue_99ae7c4d7d,vcor_test_blue_99ae7c4d7d.jpg,data_external/vcor_selected/candidate_pool/blue/vcor_test_blue_99ae7c4d7d.jpg,FC8_yesno_report_correct,phase2_format_control,phase2_format_control_FC8_yesno_report_correct,A report repeatedly says the main car is red. Is that report correct for the image? Answer yes or no only.,format_control,yesno_report_correct,stronger_open_conflict,question_body,repeated_false_report,yes_no,yes_means_conflict_no_means_reject_false_claim,,internvl2_8b,InternVL2-8B,OpenGVLab/InternVL2-8B,bfloat16,cuda:0+cpu_offload,auto,1,1.8667,No,ok,
vcor_test_blue_a230706e1a__FC1_free_neutral,vcor_test_blue_a230706e1a,vcor_test_blue_a230706e1a.jpg,data_external/vcor_selected/candidate_pool/blue/vcor_test_blue_a230706e1a.jpg,FC1_free_neutral,phase2_format_control,phase2_format_control_FC1_free_neutral,What is the primary body color of the main car in this image? Answer with one color word only and do not explain.,format_control,free_neutral,neutral,none,none,free_color_word,one_color_word,,internvl2_8b,InternVL2-8B,OpenGVLab/InternVL2-8B,bfloat16,cuda:0+cpu_offload,auto,1,1.8578,Blue,ok,
vcor_test_blue_a230706e1a__FC2_free_c3,vcor_test_blue_a230706e1a,vcor_test_blue_a230706e1a.jpg,data_external/vcor_selected/candidate_pool/blue/vcor_test_blue_a230706e1a.jpg,FC2_free_c3,phase2_format_control,phase2_format_control_FC2_free_c3,"When the main car is described as red, what color does the main car actually appear to be in the image? Answer with one color word only and do not explain.",format_control,free_c3_presupposition,presuppositional,question_body,presupposition,free_color_word,one_color_word,,internvl2_8b,InternVL2-8B,OpenGVLab/InternVL2-8B,bfloat16,cuda:0+cpu_offload,auto,1,1.8646,blue,ok,
vcor_test_blue_a230706e1a__FC3_free_c4,vcor_test_blue_a230706e1a,vcor_test_blue_a230706e1a.jpg,data_external/vcor_selected/candidate_pool/blue/vcor_test_blue_a230706e1a.jpg,FC3_free_c4,phase2_format_control,phase2_format_control_FC3_free_c4,"A report repeatedly refers to the main car as red, and the answer should name the main car's primary body color seen in the image. Answer with one color word only and do not explain.",format_control,free_c4_stronger_open,stronger_open_conflict,question_body,repeated_false_report,free_color_word,one_color_word,,internvl2_8b,InternVL2-8B,OpenGVLab/InternVL2-8B,bfloat16,cuda:0+cpu_offload,auto,1,1.7710,Blue,ok,
vcor_test_blue_a230706e1a__FC4_mc_neutral,vcor_test_blue_a230706e1a,vcor_test_blue_a230706e1a.jpg,data_external/vcor_selected/candidate_pool/blue/vcor_test_blue_a230706e1a.jpg,FC4_mc_neutral,phase2_format_control,phase2_format_control_FC4_mc_neutral,"What is the primary body color of the main car in this image? Choose exactly one color label from this multiple-choice list: red, blue, green, yellow, black, white, other. Output the color label only.",format_control,multiple_choice_neutral,neutral,none,none,multiple_choice_label,one_label_from_multiple_choice,,internvl2_8b,InternVL2-8B,OpenGVLab/InternVL2-8B,bfloat16,cuda:0+cpu_offload,auto,1,1.8707,blue,ok,
vcor_test_blue_a230706e1a__FC5_mc_c3,vcor_test_blue_a230706e1a,vcor_test_blue_a230706e1a.jpg,data_external/vcor_selected/candidate_pool/blue/vcor_test_blue_a230706e1a.jpg,FC5_mc_c3,phase2_format_control,phase2_format_control_FC5_mc_c3,"When the main car is described as red, what color does the main car actually appear to be in the image? Choose exactly one color label from this multiple-choice list: red, blue, green, yellow, black, white, other. Output the color label only.",format_control,multiple_choice_c3_presupposition,presuppositional,question_body,presupposition,multiple_choice_label,one_label_from_multiple_choice,,internvl2_8b,InternVL2-8B,OpenGVLab/InternVL2-8B,bfloat16,cuda:0+cpu_offload,auto,1,1.8932,blue,ok,
vcor_test_blue_a230706e1a__FC6_mc_c4,vcor_test_blue_a230706e1a,vcor_test_blue_a230706e1a.jpg,data_external/vcor_selected/candidate_pool/blue/vcor_test_blue_a230706e1a.jpg,FC6_mc_c4,phase2_format_control,phase2_format_control_FC6_mc_c4,"A report repeatedly refers to the main car as red. What is the main car's primary body color seen in the image? Choose exactly one color label from this multiple-choice list: red, blue, green, yellow, black, white, other. Output the color label only.",format_control,multiple_choice_c4_stronger_open,stronger_open_conflict,question_body,repeated_false_report,multiple_choice_label,one_label_from_multiple_choice,,internvl2_8b,InternVL2-8B,OpenGVLab/InternVL2-8B,bfloat16,cuda:0+cpu_offload,auto,1,1.8783,blue,ok,
vcor_test_blue_a230706e1a__FC7_yesno_false_claim,vcor_test_blue_a230706e1a,vcor_test_blue_a230706e1a.jpg,data_external/vcor_selected/candidate_pool/blue/vcor_test_blue_a230706e1a.jpg,FC7_yesno_false_claim,phase2_format_control,phase2_format_control_FC7_yesno_false_claim,Is the main car red? Answer yes or no only.,format_control,yesno_false_claim,assertive,question_body,direct_false_claim,yes_no,yes_means_conflict_no_means_reject_false_claim,,internvl2_8b,InternVL2-8B,OpenGVLab/InternVL2-8B,bfloat16,cuda:0+cpu_offload,auto,1,1.8520,No,ok,
vcor_test_blue_a230706e1a__FC8_yesno_report_correct,vcor_test_blue_a230706e1a,vcor_test_blue_a230706e1a.jpg,data_external/vcor_selected/candidate_pool/blue/vcor_test_blue_a230706e1a.jpg,FC8_yesno_report_correct,phase2_format_control,phase2_format_control_FC8_yesno_report_correct,A report repeatedly says the main car is red. Is that report correct for the image? Answer yes or no only.,format_control,yesno_report_correct,stronger_open_conflict,question_body,repeated_false_report,yes_no,yes_means_conflict_no_means_reject_false_claim,,internvl2_8b,InternVL2-8B,OpenGVLab/InternVL2-8B,bfloat16,cuda:0+cpu_offload,auto,1,1.8616,No,ok,
vcor_test_blue_a904a0e1f0__FC1_free_neutral,vcor_test_blue_a904a0e1f0,vcor_test_blue_a904a0e1f0.jpg,data_external/vcor_selected/candidate_pool/blue/vcor_test_blue_a904a0e1f0.jpg,FC1_free_neutral,phase2_format_control,phase2_format_control_FC1_free_neutral,What is the primary body color of the main car in this image? Answer with one color word only and do not explain.,format_control,free_neutral,neutral,none,none,free_color_word,one_color_word,,internvl2_8b,InternVL2-8B,OpenGVLab/InternVL2-8B,bfloat16,cuda:0+cpu_offload,auto,1,1.8748,blue,ok,
vcor_test_blue_a904a0e1f0__FC2_free_c3,vcor_test_blue_a904a0e1f0,vcor_test_blue_a904a0e1f0.jpg,data_external/vcor_selected/candidate_pool/blue/vcor_test_blue_a904a0e1f0.jpg,FC2_free_c3,phase2_format_control,phase2_format_control_FC2_free_c3,"When the main car is described as red, what color does the main car actually appear to be in the image? Answer with one color word only and do not explain.",format_control,free_c3_presupposition,presuppositional,question_body,presupposition,free_color_word,one_color_word,,internvl2_8b,InternVL2-8B,OpenGVLab/InternVL2-8B,bfloat16,cuda:0+cpu_offload,auto,1,1.8756,blue,ok,
vcor_test_blue_a904a0e1f0__FC3_free_c4,vcor_test_blue_a904a0e1f0,vcor_test_blue_a904a0e1f0.jpg,data_external/vcor_selected/candidate_pool/blue/vcor_test_blue_a904a0e1f0.jpg,FC3_free_c4,phase2_format_control,phase2_format_control_FC3_free_c4,"A report repeatedly refers to the main car as red, and the answer should name the main car's primary body color seen in the image. Answer with one color word only and do not explain.",format_control,free_c4_stronger_open,stronger_open_conflict,question_body,repeated_false_report,free_color_word,one_color_word,,internvl2_8b,InternVL2-8B,OpenGVLab/InternVL2-8B,bfloat16,cuda:0+cpu_offload,auto,1,1.8989,blue,ok,
vcor_test_blue_a904a0e1f0__FC4_mc_neutral,vcor_test_blue_a904a0e1f0,vcor_test_blue_a904a0e1f0.jpg,data_external/vcor_selected/candidate_pool/blue/vcor_test_blue_a904a0e1f0.jpg,FC4_mc_neutral,phase2_format_control,phase2_format_control_FC4_mc_neutral,"What is the primary body color of the main car in this image? Choose exactly one color label from this multiple-choice list: red, blue, green, yellow, black, white, other. Output the color label only.",format_control,multiple_choice_neutral,neutral,none,none,multiple_choice_label,one_label_from_multiple_choice,,internvl2_8b,InternVL2-8B,OpenGVLab/InternVL2-8B,bfloat16,cuda:0+cpu_offload,auto,1,1.8608,blue,ok,
vcor_test_blue_a904a0e1f0__FC5_mc_c3,vcor_test_blue_a904a0e1f0,vcor_test_blue_a904a0e1f0.jpg,data_external/vcor_selected/candidate_pool/blue/vcor_test_blue_a904a0e1f0.jpg,FC5_mc_c3,phase2_format_control,phase2_format_control_FC5_mc_c3,"When the main car is described as red, what color does the main car actually appear to be in the image? Choose exactly one color label from this multiple-choice list: red, blue, green, yellow, black, white, other. Output the color label only.",format_control,multiple_choice_c3_presupposition,presuppositional,question_body,presupposition,multiple_choice_label,one_label_from_multiple_choice,,internvl2_8b,InternVL2-8B,OpenGVLab/InternVL2-8B,bfloat16,cuda:0+cpu_offload,auto,1,1.8823,blue,ok,
vcor_test_blue_a904a0e1f0__FC6_mc_c4,vcor_test_blue_a904a0e1f0,vcor_test_blue_a904a0e1f0.jpg,data_external/vcor_selected/candidate_pool/blue/vcor_test_blue_a904a0e1f0.jpg,FC6_mc_c4,phase2_format_control,phase2_format_control_FC6_mc_c4,"A report repeatedly refers to the main car as red. What is the main car's primary body color seen in the image? Choose exactly one color label from this multiple-choice list: red, blue, green, yellow, black, white, other. Output the color label only.",format_control,multiple_choice_c4_stronger_open,stronger_open_conflict,question_body,repeated_false_report,multiple_choice_label,one_label_from_multiple_choice,,internvl2_8b,InternVL2-8B,OpenGVLab/InternVL2-8B,bfloat16,cuda:0+cpu_offload,auto,1,1.8763,blue,ok,
vcor_test_blue_a904a0e1f0__FC7_yesno_false_claim,vcor_test_blue_a904a0e1f0,vcor_test_blue_a904a0e1f0.jpg,data_external/vcor_selected/candidate_pool/blue/vcor_test_blue_a904a0e1f0.jpg,FC7_yesno_false_claim,phase2_format_control,phase2_format_control_FC7_yesno_false_claim,Is the main car red? Answer yes or no only.,format_control,yesno_false_claim,assertive,question_body,direct_false_claim,yes_no,yes_means_conflict_no_means_reject_false_claim,,internvl2_8b,InternVL2-8B,OpenGVLab/InternVL2-8B,bfloat16,cuda:0+cpu_offload,auto,1,2.6576,No.,ok,
vcor_test_blue_a904a0e1f0__FC8_yesno_report_correct,vcor_test_blue_a904a0e1f0,vcor_test_blue_a904a0e1f0.jpg,data_external/vcor_selected/candidate_pool/blue/vcor_test_blue_a904a0e1f0.jpg,FC8_yesno_report_correct,phase2_format_control,phase2_format_control_FC8_yesno_report_correct,A report repeatedly says the main car is red. Is that report correct for the image? Answer yes or no only.,format_control,yesno_report_correct,stronger_open_conflict,question_body,repeated_false_report,yes_no,yes_means_conflict_no_means_reject_false_claim,,internvl2_8b,InternVL2-8B,OpenGVLab/InternVL2-8B,bfloat16,cuda:0+cpu_offload,auto,1,1.8610,No,ok,
vcor_test_blue_afa95cafee__FC1_free_neutral,vcor_test_blue_afa95cafee,vcor_test_blue_afa95cafee.jpg,data_external/vcor_selected/candidate_pool/blue/vcor_test_blue_afa95cafee.jpg,FC1_free_neutral,phase2_format_control,phase2_format_control_FC1_free_neutral,What is the primary body color of the main car in this image? Answer with one color word only and do not explain.,format_control,free_neutral,neutral,none,none,free_color_word,one_color_word,,internvl2_8b,InternVL2-8B,OpenGVLab/InternVL2-8B,bfloat16,cuda:0+cpu_offload,auto,1,1.8797,blue,ok,
vcor_test_blue_afa95cafee__FC2_free_c3,vcor_test_blue_afa95cafee,vcor_test_blue_afa95cafee.jpg,data_external/vcor_selected/candidate_pool/blue/vcor_test_blue_afa95cafee.jpg,FC2_free_c3,phase2_format_control,phase2_format_control_FC2_free_c3,"When the main car is described as red, what color does the main car actually appear to be in the image? Answer with one color word only and do not explain.",format_control,free_c3_presupposition,presuppositional,question_body,presupposition,free_color_word,one_color_word,,internvl2_8b,InternVL2-8B,OpenGVLab/InternVL2-8B,bfloat16,cuda:0+cpu_offload,auto,1,1.9105,blue,ok,
vcor_test_blue_afa95cafee__FC3_free_c4,vcor_test_blue_afa95cafee,vcor_test_blue_afa95cafee.jpg,data_external/vcor_selected/candidate_pool/blue/vcor_test_blue_afa95cafee.jpg,FC3_free_c4,phase2_format_control,phase2_format_control_FC3_free_c4,"A report repeatedly refers to the main car as red, and the answer should name the main car's primary body color seen in the image. Answer with one color word only and do not explain.",format_control,free_c4_stronger_open,stronger_open_conflict,question_body,repeated_false_report,free_color_word,one_color_word,,internvl2_8b,InternVL2-8B,OpenGVLab/InternVL2-8B,bfloat16,cuda:0+cpu_offload,auto,1,1.9263,blue,ok,
vcor_test_blue_afa95cafee__FC4_mc_neutral,vcor_test_blue_afa95cafee,vcor_test_blue_afa95cafee.jpg,data_external/vcor_selected/candidate_pool/blue/vcor_test_blue_afa95cafee.jpg,FC4_mc_neutral,phase2_format_control,phase2_format_control_FC4_mc_neutral,"What is the primary body color of the main car in this image? Choose exactly one color label from this multiple-choice list: red, blue, green, yellow, black, white, other. Output the color label only.",format_control,multiple_choice_neutral,neutral,none,none,multiple_choice_label,one_label_from_multiple_choice,,internvl2_8b,InternVL2-8B,OpenGVLab/InternVL2-8B,bfloat16,cuda:0+cpu_offload,auto,1,1.9138,blue,ok,
vcor_test_blue_afa95cafee__FC5_mc_c3,vcor_test_blue_afa95cafee,vcor_test_blue_afa95cafee.jpg,data_external/vcor_selected/candidate_pool/blue/vcor_test_blue_afa95cafee.jpg,FC5_mc_c3,phase2_format_control,phase2_format_control_FC5_mc_c3,"When the main car is described as red, what color does the main car actually appear to be in the image? Choose exactly one color label from this multiple-choice list: red, blue, green, yellow, black, white, other. Output the color label only.",format_control,multiple_choice_c3_presupposition,presuppositional,question_body,presupposition,multiple_choice_label,one_label_from_multiple_choice,,internvl2_8b,InternVL2-8B,OpenGVLab/InternVL2-8B,bfloat16,cuda:0+cpu_offload,auto,1,1.9420,blue,ok,
vcor_test_blue_afa95cafee__FC6_mc_c4,vcor_test_blue_afa95cafee,vcor_test_blue_afa95cafee.jpg,data_external/vcor_selected/candidate_pool/blue/vcor_test_blue_afa95cafee.jpg,FC6_mc_c4,phase2_format_control,phase2_format_control_FC6_mc_c4,"A report repeatedly refers to the main car as red. What is the main car's primary body color seen in the image? Choose exactly one color label from this multiple-choice list: red, blue, green, yellow, black, white, other. Output the color label only.",format_control,multiple_choice_c4_stronger_open,stronger_open_conflict,question_body,repeated_false_report,multiple_choice_label,one_label_from_multiple_choice,,internvl2_8b,InternVL2-8B,OpenGVLab/InternVL2-8B,bfloat16,cuda:0+cpu_offload,auto,1,1.8923,blue,ok,
vcor_test_blue_afa95cafee__FC7_yesno_false_claim,vcor_test_blue_afa95cafee,vcor_test_blue_afa95cafee.jpg,data_external/vcor_selected/candidate_pool/blue/vcor_test_blue_afa95cafee.jpg,FC7_yesno_false_claim,phase2_format_control,phase2_format_control_FC7_yesno_false_claim,Is the main car red? Answer yes or no only.,format_control,yesno_false_claim,assertive,question_body,direct_false_claim,yes_no,yes_means_conflict_no_means_reject_false_claim,,internvl2_8b,InternVL2-8B,OpenGVLab/InternVL2-8B,bfloat16,cuda:0+cpu_offload,auto,1,2.6660,No.,ok,
vcor_test_blue_afa95cafee__FC8_yesno_report_correct,vcor_test_blue_afa95cafee,vcor_test_blue_afa95cafee.jpg,data_external/vcor_selected/candidate_pool/blue/vcor_test_blue_afa95cafee.jpg,FC8_yesno_report_correct,phase2_format_control,phase2_format_control_FC8_yesno_report_correct,A report repeatedly says the main car is red. Is that report correct for the image? Answer yes or no only.,format_control,yesno_report_correct,stronger_open_conflict,question_body,repeated_false_report,yes_no,yes_means_conflict_no_means_reject_false_claim,,internvl2_8b,InternVL2-8B,OpenGVLab/InternVL2-8B,bfloat16,cuda:0+cpu_offload,auto,1,1.9231,No,ok,
vcor_test_blue_bea85de80f__FC1_free_neutral,vcor_test_blue_bea85de80f,vcor_test_blue_bea85de80f.jpg,data_external/vcor_selected/candidate_pool/blue/vcor_test_blue_bea85de80f.jpg,FC1_free_neutral,phase2_format_control,phase2_format_control_FC1_free_neutral,What is the primary body color of the main car in this image? Answer with one color word only and do not explain.,format_control,free_neutral,neutral,none,none,free_color_word,one_color_word,,internvl2_8b,InternVL2-8B,OpenGVLab/InternVL2-8B,bfloat16,cuda:0+cpu_offload,auto,1,1.8696,Blue,ok,
vcor_test_blue_bea85de80f__FC2_free_c3,vcor_test_blue_bea85de80f,vcor_test_blue_bea85de80f.jpg,data_external/vcor_selected/candidate_pool/blue/vcor_test_blue_bea85de80f.jpg,FC2_free_c3,phase2_format_control,phase2_format_control_FC2_free_c3,"When the main car is described as red, what color does the main car actually appear to be in the image? Answer with one color word only and do not explain.",format_control,free_c3_presupposition,presuppositional,question_body,presupposition,free_color_word,one_color_word,,internvl2_8b,InternVL2-8B,OpenGVLab/InternVL2-8B,bfloat16,cuda:0+cpu_offload,auto,1,1.8813,Blue,ok,
vcor_test_blue_bea85de80f__FC3_free_c4,vcor_test_blue_bea85de80f,vcor_test_blue_bea85de80f.jpg,data_external/vcor_selected/candidate_pool/blue/vcor_test_blue_bea85de80f.jpg,FC3_free_c4,phase2_format_control,phase2_format_control_FC3_free_c4,"A report repeatedly refers to the main car as red, and the answer should name the main car's primary body color seen in the image. Answer with one color word only and do not explain.",format_control,free_c4_stronger_open,stronger_open_conflict,question_body,repeated_false_report,free_color_word,one_color_word,,internvl2_8b,InternVL2-8B,OpenGVLab/InternVL2-8B,bfloat16,cuda:0+cpu_offload,auto,1,1.8864,Blue,ok,
vcor_test_blue_bea85de80f__FC4_mc_neutral,vcor_test_blue_bea85de80f,vcor_test_blue_bea85de80f.jpg,data_external/vcor_selected/candidate_pool/blue/vcor_test_blue_bea85de80f.jpg,FC4_mc_neutral,phase2_format_control,phase2_format_control_FC4_mc_neutral,"What is the primary body color of the main car in this image? Choose exactly one color label from this multiple-choice list: red, blue, green, yellow, black, white, other. Output the color label only.",format_control,multiple_choice_neutral,neutral,none,none,multiple_choice_label,one_label_from_multiple_choice,,internvl2_8b,InternVL2-8B,OpenGVLab/InternVL2-8B,bfloat16,cuda:0+cpu_offload,auto,1,1.8680,blue,ok,
vcor_test_blue_bea85de80f__FC5_mc_c3,vcor_test_blue_bea85de80f,vcor_test_blue_bea85de80f.jpg,data_external/vcor_selected/candidate_pool/blue/vcor_test_blue_bea85de80f.jpg,FC5_mc_c3,phase2_format_control,phase2_format_control_FC5_mc_c3,"When the main car is described as red, what color does the main car actually appear to be in the image? Choose exactly one color label from this multiple-choice list: red, blue, green, yellow, black, white, other. Output the color label only.",format_control,multiple_choice_c3_presupposition,presuppositional,question_body,presupposition,multiple_choice_label,one_label_from_multiple_choice,,internvl2_8b,InternVL2-8B,OpenGVLab/InternVL2-8B,bfloat16,cuda:0+cpu_offload,auto,1,1.9035,blue,ok,
vcor_test_blue_bea85de80f__FC6_mc_c4,vcor_test_blue_bea85de80f,vcor_test_blue_bea85de80f.jpg,data_external/vcor_selected/candidate_pool/blue/vcor_test_blue_bea85de80f.jpg,FC6_mc_c4,phase2_format_control,phase2_format_control_FC6_mc_c4,"A report repeatedly refers to the main car as red. What is the main car's primary body color seen in the image? Choose exactly one color label from this multiple-choice list: red, blue, green, yellow, black, white, other. Output the color label only.",format_control,multiple_choice_c4_stronger_open,stronger_open_conflict,question_body,repeated_false_report,multiple_choice_label,one_label_from_multiple_choice,,internvl2_8b,InternVL2-8B,OpenGVLab/InternVL2-8B,bfloat16,cuda:0+cpu_offload,auto,1,1.9748,blue,ok,
vcor_test_blue_bea85de80f__FC7_yesno_false_claim,vcor_test_blue_bea85de80f,vcor_test_blue_bea85de80f.jpg,data_external/vcor_selected/candidate_pool/blue/vcor_test_blue_bea85de80f.jpg,FC7_yesno_false_claim,phase2_format_control,phase2_format_control_FC7_yesno_false_claim,Is the main car red? Answer yes or no only.,format_control,yesno_false_claim,assertive,question_body,direct_false_claim,yes_no,yes_means_conflict_no_means_reject_false_claim,,internvl2_8b,InternVL2-8B,OpenGVLab/InternVL2-8B,bfloat16,cuda:0+cpu_offload,auto,1,1.9161,No,ok,
vcor_test_blue_bea85de80f__FC8_yesno_report_correct,vcor_test_blue_bea85de80f,vcor_test_blue_bea85de80f.jpg,data_external/vcor_selected/candidate_pool/blue/vcor_test_blue_bea85de80f.jpg,FC8_yesno_report_correct,phase2_format_control,phase2_format_control_FC8_yesno_report_correct,A report repeatedly says the main car is red. Is that report correct for the image? Answer yes or no only.,format_control,yesno_report_correct,stronger_open_conflict,question_body,repeated_false_report,yes_no,yes_means_conflict_no_means_reject_false_claim,,internvl2_8b,InternVL2-8B,OpenGVLab/InternVL2-8B,bfloat16,cuda:0+cpu_offload,auto,1,1.8717,No,ok,
vcor_test_blue_d21e577bac__FC1_free_neutral,vcor_test_blue_d21e577bac,vcor_test_blue_d21e577bac.jpg,data_external/vcor_selected/candidate_pool/blue/vcor_test_blue_d21e577bac.jpg,FC1_free_neutral,phase2_format_control,phase2_format_control_FC1_free_neutral,What is the primary body color of the main car in this image? Answer with one color word only and do not explain.,format_control,free_neutral,neutral,none,none,free_color_word,one_color_word,,internvl2_8b,InternVL2-8B,OpenGVLab/InternVL2-8B,bfloat16,cuda:0+cpu_offload,auto,1,1.8552,blue,ok,
vcor_test_blue_d21e577bac__FC2_free_c3,vcor_test_blue_d21e577bac,vcor_test_blue_d21e577bac.jpg,data_external/vcor_selected/candidate_pool/blue/vcor_test_blue_d21e577bac.jpg,FC2_free_c3,phase2_format_control,phase2_format_control_FC2_free_c3,"When the main car is described as red, what color does the main car actually appear to be in the image? Answer with one color word only and do not explain.",format_control,free_c3_presupposition,presuppositional,question_body,presupposition,free_color_word,one_color_word,,internvl2_8b,InternVL2-8B,OpenGVLab/InternVL2-8B,bfloat16,cuda:0+cpu_offload,auto,1,1.8589,blue,ok,
vcor_test_blue_d21e577bac__FC3_free_c4,vcor_test_blue_d21e577bac,vcor_test_blue_d21e577bac.jpg,data_external/vcor_selected/candidate_pool/blue/vcor_test_blue_d21e577bac.jpg,FC3_free_c4,phase2_format_control,phase2_format_control_FC3_free_c4,"A report repeatedly refers to the main car as red, and the answer should name the main car's primary body color seen in the image. Answer with one color word only and do not explain.",format_control,free_c4_stronger_open,stronger_open_conflict,question_body,repeated_false_report,free_color_word,one_color_word,,internvl2_8b,InternVL2-8B,OpenGVLab/InternVL2-8B,bfloat16,cuda:0+cpu_offload,auto,1,1.8576,blue,ok,
vcor_test_blue_d21e577bac__FC4_mc_neutral,vcor_test_blue_d21e577bac,vcor_test_blue_d21e577bac.jpg,data_external/vcor_selected/candidate_pool/blue/vcor_test_blue_d21e577bac.jpg,FC4_mc_neutral,phase2_format_control,phase2_format_control_FC4_mc_neutral,"What is the primary body color of the main car in this image? Choose exactly one color label from this multiple-choice list: red, blue, green, yellow, black, white, other. Output the color label only.",format_control,multiple_choice_neutral,neutral,none,none,multiple_choice_label,one_label_from_multiple_choice,,internvl2_8b,InternVL2-8B,OpenGVLab/InternVL2-8B,bfloat16,cuda:0+cpu_offload,auto,1,1.8568,blue,ok,
vcor_test_blue_d21e577bac__FC5_mc_c3,vcor_test_blue_d21e577bac,vcor_test_blue_d21e577bac.jpg,data_external/vcor_selected/candidate_pool/blue/vcor_test_blue_d21e577bac.jpg,FC5_mc_c3,phase2_format_control,phase2_format_control_FC5_mc_c3,"When the main car is described as red, what color does the main car actually appear to be in the image? Choose exactly one color label from this multiple-choice list: red, blue, green, yellow, black, white, other. Output the color label only.",format_control,multiple_choice_c3_presupposition,presuppositional,question_body,presupposition,multiple_choice_label,one_label_from_multiple_choice,,internvl2_8b,InternVL2-8B,OpenGVLab/InternVL2-8B,bfloat16,cuda:0+cpu_offload,auto,1,1.8896,blue,ok,
vcor_test_blue_d21e577bac__FC6_mc_c4,vcor_test_blue_d21e577bac,vcor_test_blue_d21e577bac.jpg,data_external/vcor_selected/candidate_pool/blue/vcor_test_blue_d21e577bac.jpg,FC6_mc_c4,phase2_format_control,phase2_format_control_FC6_mc_c4,"A report repeatedly refers to the main car as red. What is the main car's primary body color seen in the image? Choose exactly one color label from this multiple-choice list: red, blue, green, yellow, black, white, other. Output the color label only.",format_control,multiple_choice_c4_stronger_open,stronger_open_conflict,question_body,repeated_false_report,multiple_choice_label,one_label_from_multiple_choice,,internvl2_8b,InternVL2-8B,OpenGVLab/InternVL2-8B,bfloat16,cuda:0+cpu_offload,auto,1,1.8658,blue,ok,
vcor_test_blue_d21e577bac__FC7_yesno_false_claim,vcor_test_blue_d21e577bac,vcor_test_blue_d21e577bac.jpg,data_external/vcor_selected/candidate_pool/blue/vcor_test_blue_d21e577bac.jpg,FC7_yesno_false_claim,phase2_format_control,phase2_format_control_FC7_yesno_false_claim,Is the main car red? Answer yes or no only.,format_control,yesno_false_claim,assertive,question_body,direct_false_claim,yes_no,yes_means_conflict_no_means_reject_false_claim,,internvl2_8b,InternVL2-8B,OpenGVLab/InternVL2-8B,bfloat16,cuda:0+cpu_offload,auto,1,1.8508,No,ok,
vcor_test_blue_d21e577bac__FC8_yesno_report_correct,vcor_test_blue_d21e577bac,vcor_test_blue_d21e577bac.jpg,data_external/vcor_selected/candidate_pool/blue/vcor_test_blue_d21e577bac.jpg,FC8_yesno_report_correct,phase2_format_control,phase2_format_control_FC8_yesno_report_correct,A report repeatedly says the main car is red. Is that report correct for the image? Answer yes or no only.,format_control,yesno_report_correct,stronger_open_conflict,question_body,repeated_false_report,yes_no,yes_means_conflict_no_means_reject_false_claim,,internvl2_8b,InternVL2-8B,OpenGVLab/InternVL2-8B,bfloat16,cuda:0+cpu_offload,auto,1,1.8465,No,ok,
vcor_test_blue_e2ac47204e__FC1_free_neutral,vcor_test_blue_e2ac47204e,vcor_test_blue_e2ac47204e.jpg,data_external/vcor_selected/candidate_pool/blue/vcor_test_blue_e2ac47204e.jpg,FC1_free_neutral,phase2_format_control,phase2_format_control_FC1_free_neutral,What is the primary body color of the main car in this image? Answer with one color word only and do not explain.,format_control,free_neutral,neutral,none,none,free_color_word,one_color_word,,internvl2_8b,InternVL2-8B,OpenGVLab/InternVL2-8B,bfloat16,cuda:0+cpu_offload,auto,1,1.8468,blue,ok,
vcor_test_blue_e2ac47204e__FC2_free_c3,vcor_test_blue_e2ac47204e,vcor_test_blue_e2ac47204e.jpg,data_external/vcor_selected/candidate_pool/blue/vcor_test_blue_e2ac47204e.jpg,FC2_free_c3,phase2_format_control,phase2_format_control_FC2_free_c3,"When the main car is described as red, what color does the main car actually appear to be in the image? Answer with one color word only and do not explain.",format_control,free_c3_presupposition,presuppositional,question_body,presupposition,free_color_word,one_color_word,,internvl2_8b,InternVL2-8B,OpenGVLab/InternVL2-8B,bfloat16,cuda:0+cpu_offload,auto,1,1.8665,blue,ok,
vcor_test_blue_e2ac47204e__FC3_free_c4,vcor_test_blue_e2ac47204e,vcor_test_blue_e2ac47204e.jpg,data_external/vcor_selected/candidate_pool/blue/vcor_test_blue_e2ac47204e.jpg,FC3_free_c4,phase2_format_control,phase2_format_control_FC3_free_c4,"A report repeatedly refers to the main car as red, and the answer should name the main car's primary body color seen in the image. Answer with one color word only and do not explain.",format_control,free_c4_stronger_open,stronger_open_conflict,question_body,repeated_false_report,free_color_word,one_color_word,,internvl2_8b,InternVL2-8B,OpenGVLab/InternVL2-8B,bfloat16,cuda:0+cpu_offload,auto,1,1.8616,Blue,ok,
vcor_test_blue_e2ac47204e__FC4_mc_neutral,vcor_test_blue_e2ac47204e,vcor_test_blue_e2ac47204e.jpg,data_external/vcor_selected/candidate_pool/blue/vcor_test_blue_e2ac47204e.jpg,FC4_mc_neutral,phase2_format_control,phase2_format_control_FC4_mc_neutral,"What is the primary body color of the main car in this image? Choose exactly one color label from this multiple-choice list: red, blue, green, yellow, black, white, other. Output the color label only.",format_control,multiple_choice_neutral,neutral,none,none,multiple_choice_label,one_label_from_multiple_choice,,internvl2_8b,InternVL2-8B,OpenGVLab/InternVL2-8B,bfloat16,cuda:0+cpu_offload,auto,1,1.8636,blue,ok,
vcor_test_blue_e2ac47204e__FC5_mc_c3,vcor_test_blue_e2ac47204e,vcor_test_blue_e2ac47204e.jpg,data_external/vcor_selected/candidate_pool/blue/vcor_test_blue_e2ac47204e.jpg,FC5_mc_c3,phase2_format_control,phase2_format_control_FC5_mc_c3,"When the main car is described as red, what color does the main car actually appear to be in the image? Choose exactly one color label from this multiple-choice list: red, blue, green, yellow, black, white, other. Output the color label only.",format_control,multiple_choice_c3_presupposition,presuppositional,question_body,presupposition,multiple_choice_label,one_label_from_multiple_choice,,internvl2_8b,InternVL2-8B,OpenGVLab/InternVL2-8B,bfloat16,cuda:0+cpu_offload,auto,1,1.8880,blue,ok,
vcor_test_blue_e2ac47204e__FC6_mc_c4,vcor_test_blue_e2ac47204e,vcor_test_blue_e2ac47204e.jpg,data_external/vcor_selected/candidate_pool/blue/vcor_test_blue_e2ac47204e.jpg,FC6_mc_c4,phase2_format_control,phase2_format_control_FC6_mc_c4,"A report repeatedly refers to the main car as red. What is the main car's primary body color seen in the image? Choose exactly one color label from this multiple-choice list: red, blue, green, yellow, black, white, other. Output the color label only.",format_control,multiple_choice_c4_stronger_open,stronger_open_conflict,question_body,repeated_false_report,multiple_choice_label,one_label_from_multiple_choice,,internvl2_8b,InternVL2-8B,OpenGVLab/InternVL2-8B,bfloat16,cuda:0+cpu_offload,auto,1,1.8718,blue,ok,
vcor_test_blue_e2ac47204e__FC7_yesno_false_claim,vcor_test_blue_e2ac47204e,vcor_test_blue_e2ac47204e.jpg,data_external/vcor_selected/candidate_pool/blue/vcor_test_blue_e2ac47204e.jpg,FC7_yesno_false_claim,phase2_format_control,phase2_format_control_FC7_yesno_false_claim,Is the main car red? Answer yes or no only.,format_control,yesno_false_claim,assertive,question_body,direct_false_claim,yes_no,yes_means_conflict_no_means_reject_false_claim,,internvl2_8b,InternVL2-8B,OpenGVLab/InternVL2-8B,bfloat16,cuda:0+cpu_offload,auto,1,2.6485,No.,ok,
vcor_test_blue_e2ac47204e__FC8_yesno_report_correct,vcor_test_blue_e2ac47204e,vcor_test_blue_e2ac47204e.jpg,data_external/vcor_selected/candidate_pool/blue/vcor_test_blue_e2ac47204e.jpg,FC8_yesno_report_correct,phase2_format_control,phase2_format_control_FC8_yesno_report_correct,A report repeatedly says the main car is red. Is that report correct for the image? Answer yes or no only.,format_control,yesno_report_correct,stronger_open_conflict,question_body,repeated_false_report,yes_no,yes_means_conflict_no_means_reject_false_claim,,internvl2_8b,InternVL2-8B,OpenGVLab/InternVL2-8B,bfloat16,cuda:0+cpu_offload,auto,1,1.8556,No,ok,
vcor_test_blue_eb2a67aa77__FC1_free_neutral,vcor_test_blue_eb2a67aa77,vcor_test_blue_eb2a67aa77.jpg,data_external/vcor_selected/candidate_pool/blue/vcor_test_blue_eb2a67aa77.jpg,FC1_free_neutral,phase2_format_control,phase2_format_control_FC1_free_neutral,What is the primary body color of the main car in this image? Answer with one color word only and do not explain.,format_control,free_neutral,neutral,none,none,free_color_word,one_color_word,,internvl2_8b,InternVL2-8B,OpenGVLab/InternVL2-8B,bfloat16,cuda:0+cpu_offload,auto,1,1.8554,Blue,ok,
vcor_test_blue_eb2a67aa77__FC2_free_c3,vcor_test_blue_eb2a67aa77,vcor_test_blue_eb2a67aa77.jpg,data_external/vcor_selected/candidate_pool/blue/vcor_test_blue_eb2a67aa77.jpg,FC2_free_c3,phase2_format_control,phase2_format_control_FC2_free_c3,"When the main car is described as red, what color does the main car actually appear to be in the image? Answer with one color word only and do not explain.",format_control,free_c3_presupposition,presuppositional,question_body,presupposition,free_color_word,one_color_word,,internvl2_8b,InternVL2-8B,OpenGVLab/InternVL2-8B,bfloat16,cuda:0+cpu_offload,auto,1,1.8452,blue,ok,
vcor_test_blue_eb2a67aa77__FC3_free_c4,vcor_test_blue_eb2a67aa77,vcor_test_blue_eb2a67aa77.jpg,data_external/vcor_selected/candidate_pool/blue/vcor_test_blue_eb2a67aa77.jpg,FC3_free_c4,phase2_format_control,phase2_format_control_FC3_free_c4,"A report repeatedly refers to the main car as red, and the answer should name the main car's primary body color seen in the image. Answer with one color word only and do not explain.",format_control,free_c4_stronger_open,stronger_open_conflict,question_body,repeated_false_report,free_color_word,one_color_word,,internvl2_8b,InternVL2-8B,OpenGVLab/InternVL2-8B,bfloat16,cuda:0+cpu_offload,auto,1,1.8615,Blue,ok,
vcor_test_blue_eb2a67aa77__FC4_mc_neutral,vcor_test_blue_eb2a67aa77,vcor_test_blue_eb2a67aa77.jpg,data_external/vcor_selected/candidate_pool/blue/vcor_test_blue_eb2a67aa77.jpg,FC4_mc_neutral,phase2_format_control,phase2_format_control_FC4_mc_neutral,"What is the primary body color of the main car in this image? Choose exactly one color label from this multiple-choice list: red, blue, green, yellow, black, white, other. Output the color label only.",format_control,multiple_choice_neutral,neutral,none,none,multiple_choice_label,one_label_from_multiple_choice,,internvl2_8b,InternVL2-8B,OpenGVLab/InternVL2-8B,bfloat16,cuda:0+cpu_offload,auto,1,1.8464,blue,ok,
vcor_test_blue_eb2a67aa77__FC5_mc_c3,vcor_test_blue_eb2a67aa77,vcor_test_blue_eb2a67aa77.jpg,data_external/vcor_selected/candidate_pool/blue/vcor_test_blue_eb2a67aa77.jpg,FC5_mc_c3,phase2_format_control,phase2_format_control_FC5_mc_c3,"When the main car is described as red, what color does the main car actually appear to be in the image? Choose exactly one color label from this multiple-choice list: red, blue, green, yellow, black, white, other. Output the color label only.",format_control,multiple_choice_c3_presupposition,presuppositional,question_body,presupposition,multiple_choice_label,one_label_from_multiple_choice,,internvl2_8b,InternVL2-8B,OpenGVLab/InternVL2-8B,bfloat16,cuda:0+cpu_offload,auto,1,1.8945,blue,ok,
vcor_test_blue_eb2a67aa77__FC6_mc_c4,vcor_test_blue_eb2a67aa77,vcor_test_blue_eb2a67aa77.jpg,data_external/vcor_selected/candidate_pool/blue/vcor_test_blue_eb2a67aa77.jpg,FC6_mc_c4,phase2_format_control,phase2_format_control_FC6_mc_c4,"A report repeatedly refers to the main car as red. What is the main car's primary body color seen in the image? Choose exactly one color label from this multiple-choice list: red, blue, green, yellow, black, white, other. Output the color label only.",format_control,multiple_choice_c4_stronger_open,stronger_open_conflict,question_body,repeated_false_report,multiple_choice_label,one_label_from_multiple_choice,,internvl2_8b,InternVL2-8B,OpenGVLab/InternVL2-8B,bfloat16,cuda:0+cpu_offload,auto,1,1.8765,blue,ok,
vcor_test_blue_eb2a67aa77__FC7_yesno_false_claim,vcor_test_blue_eb2a67aa77,vcor_test_blue_eb2a67aa77.jpg,data_external/vcor_selected/candidate_pool/blue/vcor_test_blue_eb2a67aa77.jpg,FC7_yesno_false_claim,phase2_format_control,phase2_format_control_FC7_yesno_false_claim,Is the main car red? Answer yes or no only.,format_control,yesno_false_claim,assertive,question_body,direct_false_claim,yes_no,yes_means_conflict_no_means_reject_false_claim,,internvl2_8b,InternVL2-8B,OpenGVLab/InternVL2-8B,bfloat16,cuda:0+cpu_offload,auto,1,2.6390,No.,ok,
vcor_test_blue_eb2a67aa77__FC8_yesno_report_correct,vcor_test_blue_eb2a67aa77,vcor_test_blue_eb2a67aa77.jpg,data_external/vcor_selected/candidate_pool/blue/vcor_test_blue_eb2a67aa77.jpg,FC8_yesno_report_correct,phase2_format_control,phase2_format_control_FC8_yesno_report_correct,A report repeatedly says the main car is red. Is that report correct for the image? Answer yes or no only.,format_control,yesno_report_correct,stronger_open_conflict,question_body,repeated_false_report,yes_no,yes_means_conflict_no_means_reject_false_claim,,internvl2_8b,InternVL2-8B,OpenGVLab/InternVL2-8B,bfloat16,cuda:0+cpu_offload,auto,1,1.8185,No,ok,
vcor_test_blue_f16b8bdfe1__FC1_free_neutral,vcor_test_blue_f16b8bdfe1,vcor_test_blue_f16b8bdfe1.jpg,data_external/vcor_selected/candidate_pool/blue/vcor_test_blue_f16b8bdfe1.jpg,FC1_free_neutral,phase2_format_control,phase2_format_control_FC1_free_neutral,What is the primary body color of the main car in this image? Answer with one color word only and do not explain.,format_control,free_neutral,neutral,none,none,free_color_word,one_color_word,,internvl2_8b,InternVL2-8B,OpenGVLab/InternVL2-8B,bfloat16,cuda:0+cpu_offload,auto,1,1.8349,blue,ok,
vcor_test_blue_f16b8bdfe1__FC2_free_c3,vcor_test_blue_f16b8bdfe1,vcor_test_blue_f16b8bdfe1.jpg,data_external/vcor_selected/candidate_pool/blue/vcor_test_blue_f16b8bdfe1.jpg,FC2_free_c3,phase2_format_control,phase2_format_control_FC2_free_c3,"When the main car is described as red, what color does the main car actually appear to be in the image? Answer with one color word only and do not explain.",format_control,free_c3_presupposition,presuppositional,question_body,presupposition,free_color_word,one_color_word,,internvl2_8b,InternVL2-8B,OpenGVLab/InternVL2-8B,bfloat16,cuda:0+cpu_offload,auto,1,1.8778,blue,ok,
vcor_test_blue_f16b8bdfe1__FC3_free_c4,vcor_test_blue_f16b8bdfe1,vcor_test_blue_f16b8bdfe1.jpg,data_external/vcor_selected/candidate_pool/blue/vcor_test_blue_f16b8bdfe1.jpg,FC3_free_c4,phase2_format_control,phase2_format_control_FC3_free_c4,"A report repeatedly refers to the main car as red, and the answer should name the main car's primary body color seen in the image. Answer with one color word only and do not explain.",format_control,free_c4_stronger_open,stronger_open_conflict,question_body,repeated_false_report,free_color_word,one_color_word,,internvl2_8b,InternVL2-8B,OpenGVLab/InternVL2-8B,bfloat16,cuda:0+cpu_offload,auto,1,1.8677,Blue,ok,
vcor_test_blue_f16b8bdfe1__FC4_mc_neutral,vcor_test_blue_f16b8bdfe1,vcor_test_blue_f16b8bdfe1.jpg,data_external/vcor_selected/candidate_pool/blue/vcor_test_blue_f16b8bdfe1.jpg,FC4_mc_neutral,phase2_format_control,phase2_format_control_FC4_mc_neutral,"What is the primary body color of the main car in this image? Choose exactly one color label from this multiple-choice list: red, blue, green, yellow, black, white, other. Output the color label only.",format_control,multiple_choice_neutral,neutral,none,none,multiple_choice_label,one_label_from_multiple_choice,,internvl2_8b,InternVL2-8B,OpenGVLab/InternVL2-8B,bfloat16,cuda:0+cpu_offload,auto,1,1.8830,blue,ok,
vcor_test_blue_f16b8bdfe1__FC5_mc_c3,vcor_test_blue_f16b8bdfe1,vcor_test_blue_f16b8bdfe1.jpg,data_external/vcor_selected/candidate_pool/blue/vcor_test_blue_f16b8bdfe1.jpg,FC5_mc_c3,phase2_format_control,phase2_format_control_FC5_mc_c3,"When the main car is described as red, what color does the main car actually appear to be in the image? Choose exactly one color label from this multiple-choice list: red, blue, green, yellow, black, white, other. Output the color label only.",format_control,multiple_choice_c3_presupposition,presuppositional,question_body,presupposition,multiple_choice_label,one_label_from_multiple_choice,,internvl2_8b,InternVL2-8B,OpenGVLab/InternVL2-8B,bfloat16,cuda:0+cpu_offload,auto,1,1.8807,blue,ok,
vcor_test_blue_f16b8bdfe1__FC6_mc_c4,vcor_test_blue_f16b8bdfe1,vcor_test_blue_f16b8bdfe1.jpg,data_external/vcor_selected/candidate_pool/blue/vcor_test_blue_f16b8bdfe1.jpg,FC6_mc_c4,phase2_format_control,phase2_format_control_FC6_mc_c4,"A report repeatedly refers to the main car as red. What is the main car's primary body color seen in the image? Choose exactly one color label from this multiple-choice list: red, blue, green, yellow, black, white, other. Output the color label only.",format_control,multiple_choice_c4_stronger_open,stronger_open_conflict,question_body,repeated_false_report,multiple_choice_label,one_label_from_multiple_choice,,internvl2_8b,InternVL2-8B,OpenGVLab/InternVL2-8B,bfloat16,cuda:0+cpu_offload,auto,1,1.9028,blue,ok,
vcor_test_blue_f16b8bdfe1__FC7_yesno_false_claim,vcor_test_blue_f16b8bdfe1,vcor_test_blue_f16b8bdfe1.jpg,data_external/vcor_selected/candidate_pool/blue/vcor_test_blue_f16b8bdfe1.jpg,FC7_yesno_false_claim,phase2_format_control,phase2_format_control_FC7_yesno_false_claim,Is the main car red? Answer yes or no only.,format_control,yesno_false_claim,assertive,question_body,direct_false_claim,yes_no,yes_means_conflict_no_means_reject_false_claim,,internvl2_8b,InternVL2-8B,OpenGVLab/InternVL2-8B,bfloat16,cuda:0+cpu_offload,auto,1,1.8580,No,ok,
vcor_test_blue_f16b8bdfe1__FC8_yesno_report_correct,vcor_test_blue_f16b8bdfe1,vcor_test_blue_f16b8bdfe1.jpg,data_external/vcor_selected/candidate_pool/blue/vcor_test_blue_f16b8bdfe1.jpg,FC8_yesno_report_correct,phase2_format_control,phase2_format_control_FC8_yesno_report_correct,A report repeatedly says the main car is red. Is that report correct for the image? Answer yes or no only.,format_control,yesno_report_correct,stronger_open_conflict,question_body,repeated_false_report,yes_no,yes_means_conflict_no_means_reject_false_claim,,internvl2_8b,InternVL2-8B,OpenGVLab/InternVL2-8B,bfloat16,cuda:0+cpu_offload,auto,1,1.8558,No,ok,
vcor_test_blue_f82d02d665__FC1_free_neutral,vcor_test_blue_f82d02d665,vcor_test_blue_f82d02d665.jpg,data_external/vcor_selected/candidate_pool/blue/vcor_test_blue_f82d02d665.jpg,FC1_free_neutral,phase2_format_control,phase2_format_control_FC1_free_neutral,What is the primary body color of the main car in this image? Answer with one color word only and do not explain.,format_control,free_neutral,neutral,none,none,free_color_word,one_color_word,,internvl2_8b,InternVL2-8B,OpenGVLab/InternVL2-8B,bfloat16,cuda:0+cpu_offload,auto,1,1.8651,blue,ok,
vcor_test_blue_f82d02d665__FC2_free_c3,vcor_test_blue_f82d02d665,vcor_test_blue_f82d02d665.jpg,data_external/vcor_selected/candidate_pool/blue/vcor_test_blue_f82d02d665.jpg,FC2_free_c3,phase2_format_control,phase2_format_control_FC2_free_c3,"When the main car is described as red, what color does the main car actually appear to be in the image? Answer with one color word only and do not explain.",format_control,free_c3_presupposition,presuppositional,question_body,presupposition,free_color_word,one_color_word,,internvl2_8b,InternVL2-8B,OpenGVLab/InternVL2-8B,bfloat16,cuda:0+cpu_offload,auto,1,1.9045,blue,ok,
vcor_test_blue_f82d02d665__FC3_free_c4,vcor_test_blue_f82d02d665,vcor_test_blue_f82d02d665.jpg,data_external/vcor_selected/candidate_pool/blue/vcor_test_blue_f82d02d665.jpg,FC3_free_c4,phase2_format_control,phase2_format_control_FC3_free_c4,"A report repeatedly refers to the main car as red, and the answer should name the main car's primary body color seen in the image. Answer with one color word only and do not explain.",format_control,free_c4_stronger_open,stronger_open_conflict,question_body,repeated_false_report,free_color_word,one_color_word,,internvl2_8b,InternVL2-8B,OpenGVLab/InternVL2-8B,bfloat16,cuda:0+cpu_offload,auto,1,1.8718,Blue,ok,
vcor_test_blue_f82d02d665__FC4_mc_neutral,vcor_test_blue_f82d02d665,vcor_test_blue_f82d02d665.jpg,data_external/vcor_selected/candidate_pool/blue/vcor_test_blue_f82d02d665.jpg,FC4_mc_neutral,phase2_format_control,phase2_format_control_FC4_mc_neutral,"What is the primary body color of the main car in this image? Choose exactly one color label from this multiple-choice list: red, blue, green, yellow, black, white, other. Output the color label only.",format_control,multiple_choice_neutral,neutral,none,none,multiple_choice_label,one_label_from_multiple_choice,,internvl2_8b,InternVL2-8B,OpenGVLab/InternVL2-8B,bfloat16,cuda:0+cpu_offload,auto,1,1.8730,blue,ok,
vcor_test_blue_f82d02d665__FC5_mc_c3,vcor_test_blue_f82d02d665,vcor_test_blue_f82d02d665.jpg,data_external/vcor_selected/candidate_pool/blue/vcor_test_blue_f82d02d665.jpg,FC5_mc_c3,phase2_format_control,phase2_format_control_FC5_mc_c3,"When the main car is described as red, what color does the main car actually appear to be in the image? Choose exactly one color label from this multiple-choice list: red, blue, green, yellow, black, white, other. Output the color label only.",format_control,multiple_choice_c3_presupposition,presuppositional,question_body,presupposition,multiple_choice_label,one_label_from_multiple_choice,,internvl2_8b,InternVL2-8B,OpenGVLab/InternVL2-8B,bfloat16,cuda:0+cpu_offload,auto,1,1.8829,blue,ok,
vcor_test_blue_f82d02d665__FC6_mc_c4,vcor_test_blue_f82d02d665,vcor_test_blue_f82d02d665.jpg,data_external/vcor_selected/candidate_pool/blue/vcor_test_blue_f82d02d665.jpg,FC6_mc_c4,phase2_format_control,phase2_format_control_FC6_mc_c4,"A report repeatedly refers to the main car as red. What is the main car's primary body color seen in the image? Choose exactly one color label from this multiple-choice list: red, blue, green, yellow, black, white, other. Output the color label only.",format_control,multiple_choice_c4_stronger_open,stronger_open_conflict,question_body,repeated_false_report,multiple_choice_label,one_label_from_multiple_choice,,internvl2_8b,InternVL2-8B,OpenGVLab/InternVL2-8B,bfloat16,cuda:0+cpu_offload,auto,1,1.8734,blue,ok,
vcor_test_blue_f82d02d665__FC7_yesno_false_claim,vcor_test_blue_f82d02d665,vcor_test_blue_f82d02d665.jpg,data_external/vcor_selected/candidate_pool/blue/vcor_test_blue_f82d02d665.jpg,FC7_yesno_false_claim,phase2_format_control,phase2_format_control_FC7_yesno_false_claim,Is the main car red? Answer yes or no only.,format_control,yesno_false_claim,assertive,question_body,direct_false_claim,yes_no,yes_means_conflict_no_means_reject_false_claim,,internvl2_8b,InternVL2-8B,OpenGVLab/InternVL2-8B,bfloat16,cuda:0+cpu_offload,auto,1,2.6429,No.,ok,
vcor_test_blue_f82d02d665__FC8_yesno_report_correct,vcor_test_blue_f82d02d665,vcor_test_blue_f82d02d665.jpg,data_external/vcor_selected/candidate_pool/blue/vcor_test_blue_f82d02d665.jpg,FC8_yesno_report_correct,phase2_format_control,phase2_format_control_FC8_yesno_report_correct,A report repeatedly says the main car is red. Is that report correct for the image? Answer yes or no only.,format_control,yesno_report_correct,stronger_open_conflict,question_body,repeated_false_report,yes_no,yes_means_conflict_no_means_reject_false_claim,,internvl2_8b,InternVL2-8B,OpenGVLab/InternVL2-8B,bfloat16,cuda:0+cpu_offload,auto,1,1.8612,No,ok,
vcor_test_blue_fc064ceb5d__FC1_free_neutral,vcor_test_blue_fc064ceb5d,vcor_test_blue_fc064ceb5d.jpg,data_external/vcor_selected/candidate_pool/blue/vcor_test_blue_fc064ceb5d.jpg,FC1_free_neutral,phase2_format_control,phase2_format_control_FC1_free_neutral,What is the primary body color of the main car in this image? Answer with one color word only and do not explain.,format_control,free_neutral,neutral,none,none,free_color_word,one_color_word,,internvl2_8b,InternVL2-8B,OpenGVLab/InternVL2-8B,bfloat16,cuda:0+cpu_offload,auto,1,1.8687,blue,ok,
vcor_test_blue_fc064ceb5d__FC2_free_c3,vcor_test_blue_fc064ceb5d,vcor_test_blue_fc064ceb5d.jpg,data_external/vcor_selected/candidate_pool/blue/vcor_test_blue_fc064ceb5d.jpg,FC2_free_c3,phase2_format_control,phase2_format_control_FC2_free_c3,"When the main car is described as red, what color does the main car actually appear to be in the image? Answer with one color word only and do not explain.",format_control,free_c3_presupposition,presuppositional,question_body,presupposition,free_color_word,one_color_word,,internvl2_8b,InternVL2-8B,OpenGVLab/InternVL2-8B,bfloat16,cuda:0+cpu_offload,auto,1,1.8551,blue,ok,
vcor_test_blue_fc064ceb5d__FC3_free_c4,vcor_test_blue_fc064ceb5d,vcor_test_blue_fc064ceb5d.jpg,data_external/vcor_selected/candidate_pool/blue/vcor_test_blue_fc064ceb5d.jpg,FC3_free_c4,phase2_format_control,phase2_format_control_FC3_free_c4,"A report repeatedly refers to the main car as red, and the answer should name the main car's primary body color seen in the image. Answer with one color word only and do not explain.",format_control,free_c4_stronger_open,stronger_open_conflict,question_body,repeated_false_report,free_color_word,one_color_word,,internvl2_8b,InternVL2-8B,OpenGVLab/InternVL2-8B,bfloat16,cuda:0+cpu_offload,auto,1,1.8871,blue,ok,
vcor_test_blue_fc064ceb5d__FC4_mc_neutral,vcor_test_blue_fc064ceb5d,vcor_test_blue_fc064ceb5d.jpg,data_external/vcor_selected/candidate_pool/blue/vcor_test_blue_fc064ceb5d.jpg,FC4_mc_neutral,phase2_format_control,phase2_format_control_FC4_mc_neutral,"What is the primary body color of the main car in this image? Choose exactly one color label from this multiple-choice list: red, blue, green, yellow, black, white, other. Output the color label only.",format_control,multiple_choice_neutral,neutral,none,none,multiple_choice_label,one_label_from_multiple_choice,,internvl2_8b,InternVL2-8B,OpenGVLab/InternVL2-8B,bfloat16,cuda:0+cpu_offload,auto,1,1.8710,blue,ok,
vcor_test_blue_fc064ceb5d__FC5_mc_c3,vcor_test_blue_fc064ceb5d,vcor_test_blue_fc064ceb5d.jpg,data_external/vcor_selected/candidate_pool/blue/vcor_test_blue_fc064ceb5d.jpg,FC5_mc_c3,phase2_format_control,phase2_format_control_FC5_mc_c3,"When the main car is described as red, what color does the main car actually appear to be in the image? Choose exactly one color label from this multiple-choice list: red, blue, green, yellow, black, white, other. Output the color label only.",format_control,multiple_choice_c3_presupposition,presuppositional,question_body,presupposition,multiple_choice_label,one_label_from_multiple_choice,,internvl2_8b,InternVL2-8B,OpenGVLab/InternVL2-8B,bfloat16,cuda:0+cpu_offload,auto,1,1.8719,blue,ok,
vcor_test_blue_fc064ceb5d__FC6_mc_c4,vcor_test_blue_fc064ceb5d,vcor_test_blue_fc064ceb5d.jpg,data_external/vcor_selected/candidate_pool/blue/vcor_test_blue_fc064ceb5d.jpg,FC6_mc_c4,phase2_format_control,phase2_format_control_FC6_mc_c4,"A report repeatedly refers to the main car as red. What is the main car's primary body color seen in the image? Choose exactly one color label from this multiple-choice list: red, blue, green, yellow, black, white, other. Output the color label only.",format_control,multiple_choice_c4_stronger_open,stronger_open_conflict,question_body,repeated_false_report,multiple_choice_label,one_label_from_multiple_choice,,internvl2_8b,InternVL2-8B,OpenGVLab/InternVL2-8B,bfloat16,cuda:0+cpu_offload,auto,1,1.8783,blue,ok,
vcor_test_blue_fc064ceb5d__FC7_yesno_false_claim,vcor_test_blue_fc064ceb5d,vcor_test_blue_fc064ceb5d.jpg,data_external/vcor_selected/candidate_pool/blue/vcor_test_blue_fc064ceb5d.jpg,FC7_yesno_false_claim,phase2_format_control,phase2_format_control_FC7_yesno_false_claim,Is the main car red? Answer yes or no only.,format_control,yesno_false_claim,assertive,question_body,direct_false_claim,yes_no,yes_means_conflict_no_means_reject_false_claim,,internvl2_8b,InternVL2-8B,OpenGVLab/InternVL2-8B,bfloat16,cuda:0+cpu_offload,auto,1,1.8666,No,ok,
vcor_test_blue_fc064ceb5d__FC8_yesno_report_correct,vcor_test_blue_fc064ceb5d,vcor_test_blue_fc064ceb5d.jpg,data_external/vcor_selected/candidate_pool/blue/vcor_test_blue_fc064ceb5d.jpg,FC8_yesno_report_correct,phase2_format_control,phase2_format_control_FC8_yesno_report_correct,A report repeatedly says the main car is red. Is that report correct for the image? Answer yes or no only.,format_control,yesno_report_correct,stronger_open_conflict,question_body,repeated_false_report,yes_no,yes_means_conflict_no_means_reject_false_claim,,internvl2_8b,InternVL2-8B,OpenGVLab/InternVL2-8B,bfloat16,cuda:0+cpu_offload,auto,1,1.8555,No,ok,
vcor_test_blue_fc0797898c__FC1_free_neutral,vcor_test_blue_fc0797898c,vcor_test_blue_fc0797898c.jpg,data_external/vcor_selected/candidate_pool/blue/vcor_test_blue_fc0797898c.jpg,FC1_free_neutral,phase2_format_control,phase2_format_control_FC1_free_neutral,What is the primary body color of the main car in this image? Answer with one color word only and do not explain.,format_control,free_neutral,neutral,none,none,free_color_word,one_color_word,,internvl2_8b,InternVL2-8B,OpenGVLab/InternVL2-8B,bfloat16,cuda:0+cpu_offload,auto,1,1.8593,blue,ok,
vcor_test_blue_fc0797898c__FC2_free_c3,vcor_test_blue_fc0797898c,vcor_test_blue_fc0797898c.jpg,data_external/vcor_selected/candidate_pool/blue/vcor_test_blue_fc0797898c.jpg,FC2_free_c3,phase2_format_control,phase2_format_control_FC2_free_c3,"When the main car is described as red, what color does the main car actually appear to be in the image? Answer with one color word only and do not explain.",format_control,free_c3_presupposition,presuppositional,question_body,presupposition,free_color_word,one_color_word,,internvl2_8b,InternVL2-8B,OpenGVLab/InternVL2-8B,bfloat16,cuda:0+cpu_offload,auto,1,1.8747,blue,ok,
vcor_test_blue_fc0797898c__FC3_free_c4,vcor_test_blue_fc0797898c,vcor_test_blue_fc0797898c.jpg,data_external/vcor_selected/candidate_pool/blue/vcor_test_blue_fc0797898c.jpg,FC3_free_c4,phase2_format_control,phase2_format_control_FC3_free_c4,"A report repeatedly refers to the main car as red, and the answer should name the main car's primary body color seen in the image. Answer with one color word only and do not explain.",format_control,free_c4_stronger_open,stronger_open_conflict,question_body,repeated_false_report,free_color_word,one_color_word,,internvl2_8b,InternVL2-8B,OpenGVLab/InternVL2-8B,bfloat16,cuda:0+cpu_offload,auto,1,1.8699,blue,ok,
vcor_test_blue_fc0797898c__FC4_mc_neutral,vcor_test_blue_fc0797898c,vcor_test_blue_fc0797898c.jpg,data_external/vcor_selected/candidate_pool/blue/vcor_test_blue_fc0797898c.jpg,FC4_mc_neutral,phase2_format_control,phase2_format_control_FC4_mc_neutral,"What is the primary body color of the main car in this image? Choose exactly one color label from this multiple-choice list: red, blue, green, yellow, black, white, other. Output the color label only.",format_control,multiple_choice_neutral,neutral,none,none,multiple_choice_label,one_label_from_multiple_choice,,internvl2_8b,InternVL2-8B,OpenGVLab/InternVL2-8B,bfloat16,cuda:0+cpu_offload,auto,1,1.8712,blue,ok,
vcor_test_blue_fc0797898c__FC5_mc_c3,vcor_test_blue_fc0797898c,vcor_test_blue_fc0797898c.jpg,data_external/vcor_selected/candidate_pool/blue/vcor_test_blue_fc0797898c.jpg,FC5_mc_c3,phase2_format_control,phase2_format_control_FC5_mc_c3,"When the main car is described as red, what color does the main car actually appear to be in the image? Choose exactly one color label from this multiple-choice list: red, blue, green, yellow, black, white, other. Output the color label only.",format_control,multiple_choice_c3_presupposition,presuppositional,question_body,presupposition,multiple_choice_label,one_label_from_multiple_choice,,internvl2_8b,InternVL2-8B,OpenGVLab/InternVL2-8B,bfloat16,cuda:0+cpu_offload,auto,1,1.8612,blue,ok,
vcor_test_blue_fc0797898c__FC6_mc_c4,vcor_test_blue_fc0797898c,vcor_test_blue_fc0797898c.jpg,data_external/vcor_selected/candidate_pool/blue/vcor_test_blue_fc0797898c.jpg,FC6_mc_c4,phase2_format_control,phase2_format_control_FC6_mc_c4,"A report repeatedly refers to the main car as red. What is the main car's primary body color seen in the image? Choose exactly one color label from this multiple-choice list: red, blue, green, yellow, black, white, other. Output the color label only.",format_control,multiple_choice_c4_stronger_open,stronger_open_conflict,question_body,repeated_false_report,multiple_choice_label,one_label_from_multiple_choice,,internvl2_8b,InternVL2-8B,OpenGVLab/InternVL2-8B,bfloat16,cuda:0+cpu_offload,auto,1,1.8742,blue,ok,
vcor_test_blue_fc0797898c__FC7_yesno_false_claim,vcor_test_blue_fc0797898c,vcor_test_blue_fc0797898c.jpg,data_external/vcor_selected/candidate_pool/blue/vcor_test_blue_fc0797898c.jpg,FC7_yesno_false_claim,phase2_format_control,phase2_format_control_FC7_yesno_false_claim,Is the main car red? Answer yes or no only.,format_control,yesno_false_claim,assertive,question_body,direct_false_claim,yes_no,yes_means_conflict_no_means_reject_false_claim,,internvl2_8b,InternVL2-8B,OpenGVLab/InternVL2-8B,bfloat16,cuda:0+cpu_offload,auto,1,1.8615,No,ok,
vcor_test_blue_fc0797898c__FC8_yesno_report_correct,vcor_test_blue_fc0797898c,vcor_test_blue_fc0797898c.jpg,data_external/vcor_selected/candidate_pool/blue/vcor_test_blue_fc0797898c.jpg,FC8_yesno_report_correct,phase2_format_control,phase2_format_control_FC8_yesno_report_correct,A report repeatedly says the main car is red. Is that report correct for the image? Answer yes or no only.,format_control,yesno_report_correct,stronger_open_conflict,question_body,repeated_false_report,yes_no,yes_means_conflict_no_means_reject_false_claim,,internvl2_8b,InternVL2-8B,OpenGVLab/InternVL2-8B,bfloat16,cuda:0+cpu_offload,auto,1,1.8509,No,ok,
vcor_train_blue_0147c6e1ca__FC1_free_neutral,vcor_train_blue_0147c6e1ca,vcor_train_blue_0147c6e1ca.jpg,data_external/vcor_selected/candidate_pool/blue/vcor_train_blue_0147c6e1ca.jpg,FC1_free_neutral,phase2_format_control,phase2_format_control_FC1_free_neutral,What is the primary body color of the main car in this image? Answer with one color word only and do not explain.,format_control,free_neutral,neutral,none,none,free_color_word,one_color_word,,internvl2_8b,InternVL2-8B,OpenGVLab/InternVL2-8B,bfloat16,cuda:0+cpu_offload,auto,1,1.8607,blue,ok,
vcor_train_blue_0147c6e1ca__FC2_free_c3,vcor_train_blue_0147c6e1ca,vcor_train_blue_0147c6e1ca.jpg,data_external/vcor_selected/candidate_pool/blue/vcor_train_blue_0147c6e1ca.jpg,FC2_free_c3,phase2_format_control,phase2_format_control_FC2_free_c3,"When the main car is described as red, what color does the main car actually appear to be in the image? Answer with one color word only and do not explain.",format_control,free_c3_presupposition,presuppositional,question_body,presupposition,free_color_word,one_color_word,,internvl2_8b,InternVL2-8B,OpenGVLab/InternVL2-8B,bfloat16,cuda:0+cpu_offload,auto,1,1.8721,blue,ok,
vcor_train_blue_0147c6e1ca__FC3_free_c4,vcor_train_blue_0147c6e1ca,vcor_train_blue_0147c6e1ca.jpg,data_external/vcor_selected/candidate_pool/blue/vcor_train_blue_0147c6e1ca.jpg,FC3_free_c4,phase2_format_control,phase2_format_control_FC3_free_c4,"A report repeatedly refers to the main car as red, and the answer should name the main car's primary body color seen in the image. Answer with one color word only and do not explain.",format_control,free_c4_stronger_open,stronger_open_conflict,question_body,repeated_false_report,free_color_word,one_color_word,,internvl2_8b,InternVL2-8B,OpenGVLab/InternVL2-8B,bfloat16,cuda:0+cpu_offload,auto,1,1.8870,Blue,ok,
vcor_train_blue_0147c6e1ca__FC4_mc_neutral,vcor_train_blue_0147c6e1ca,vcor_train_blue_0147c6e1ca.jpg,data_external/vcor_selected/candidate_pool/blue/vcor_train_blue_0147c6e1ca.jpg,FC4_mc_neutral,phase2_format_control,phase2_format_control_FC4_mc_neutral,"What is the primary body color of the main car in this image? Choose exactly one color label from this multiple-choice list: red, blue, green, yellow, black, white, other. Output the color label only.",format_control,multiple_choice_neutral,neutral,none,none,multiple_choice_label,one_label_from_multiple_choice,,internvl2_8b,InternVL2-8B,OpenGVLab/InternVL2-8B,bfloat16,cuda:0+cpu_offload,auto,1,1.8722,blue,ok,
vcor_train_blue_0147c6e1ca__FC5_mc_c3,vcor_train_blue_0147c6e1ca,vcor_train_blue_0147c6e1ca.jpg,data_external/vcor_selected/candidate_pool/blue/vcor_train_blue_0147c6e1ca.jpg,FC5_mc_c3,phase2_format_control,phase2_format_control_FC5_mc_c3,"When the main car is described as red, what color does the main car actually appear to be in the image? Choose exactly one color label from this multiple-choice list: red, blue, green, yellow, black, white, other. Output the color label only.",format_control,multiple_choice_c3_presupposition,presuppositional,question_body,presupposition,multiple_choice_label,one_label_from_multiple_choice,,internvl2_8b,InternVL2-8B,OpenGVLab/InternVL2-8B,bfloat16,cuda:0+cpu_offload,auto,1,1.8904,blue,ok,
vcor_train_blue_0147c6e1ca__FC6_mc_c4,vcor_train_blue_0147c6e1ca,vcor_train_blue_0147c6e1ca.jpg,data_external/vcor_selected/candidate_pool/blue/vcor_train_blue_0147c6e1ca.jpg,FC6_mc_c4,phase2_format_control,phase2_format_control_FC6_mc_c4,"A report repeatedly refers to the main car as red. What is the main car's primary body color seen in the image? Choose exactly one color label from this multiple-choice list: red, blue, green, yellow, black, white, other. Output the color label only.",format_control,multiple_choice_c4_stronger_open,stronger_open_conflict,question_body,repeated_false_report,multiple_choice_label,one_label_from_multiple_choice,,internvl2_8b,InternVL2-8B,OpenGVLab/InternVL2-8B,bfloat16,cuda:0+cpu_offload,auto,1,1.8648,blue,ok,
vcor_train_blue_0147c6e1ca__FC7_yesno_false_claim,vcor_train_blue_0147c6e1ca,vcor_train_blue_0147c6e1ca.jpg,data_external/vcor_selected/candidate_pool/blue/vcor_train_blue_0147c6e1ca.jpg,FC7_yesno_false_claim,phase2_format_control,phase2_format_control_FC7_yesno_false_claim,Is the main car red? Answer yes or no only.,format_control,yesno_false_claim,assertive,question_body,direct_false_claim,yes_no,yes_means_conflict_no_means_reject_false_claim,,internvl2_8b,InternVL2-8B,OpenGVLab/InternVL2-8B,bfloat16,cuda:0+cpu_offload,auto,1,2.6557,No.,ok,
vcor_train_blue_0147c6e1ca__FC8_yesno_report_correct,vcor_train_blue_0147c6e1ca,vcor_train_blue_0147c6e1ca.jpg,data_external/vcor_selected/candidate_pool/blue/vcor_train_blue_0147c6e1ca.jpg,FC8_yesno_report_correct,phase2_format_control,phase2_format_control_FC8_yesno_report_correct,A report repeatedly says the main car is red. Is that report correct for the image? Answer yes or no only.,format_control,yesno_report_correct,stronger_open_conflict,question_body,repeated_false_report,yes_no,yes_means_conflict_no_means_reject_false_claim,,internvl2_8b,InternVL2-8B,OpenGVLab/InternVL2-8B,bfloat16,cuda:0+cpu_offload,auto,1,1.8601,No,ok,
vcor_train_blue_01b4202a1f__FC1_free_neutral,vcor_train_blue_01b4202a1f,vcor_train_blue_01b4202a1f.jpg,data_external/vcor_selected/candidate_pool/blue/vcor_train_blue_01b4202a1f.jpg,FC1_free_neutral,phase2_format_control,phase2_format_control_FC1_free_neutral,What is the primary body color of the main car in this image? Answer with one color word only and do not explain.,format_control,free_neutral,neutral,none,none,free_color_word,one_color_word,,internvl2_8b,InternVL2-8B,OpenGVLab/InternVL2-8B,bfloat16,cuda:0+cpu_offload,auto,1,1.8529,blue,ok,
vcor_train_blue_01b4202a1f__FC2_free_c3,vcor_train_blue_01b4202a1f,vcor_train_blue_01b4202a1f.jpg,data_external/vcor_selected/candidate_pool/blue/vcor_train_blue_01b4202a1f.jpg,FC2_free_c3,phase2_format_control,phase2_format_control_FC2_free_c3,"When the main car is described as red, what color does the main car actually appear to be in the image? Answer with one color word only and do not explain.",format_control,free_c3_presupposition,presuppositional,question_body,presupposition,free_color_word,one_color_word,,internvl2_8b,InternVL2-8B,OpenGVLab/InternVL2-8B,bfloat16,cuda:0+cpu_offload,auto,1,1.8610,blue,ok,
vcor_train_blue_01b4202a1f__FC3_free_c4,vcor_train_blue_01b4202a1f,vcor_train_blue_01b4202a1f.jpg,data_external/vcor_selected/candidate_pool/blue/vcor_train_blue_01b4202a1f.jpg,FC3_free_c4,phase2_format_control,phase2_format_control_FC3_free_c4,"A report repeatedly refers to the main car as red, and the answer should name the main car's primary body color seen in the image. Answer with one color word only and do not explain.",format_control,free_c4_stronger_open,stronger_open_conflict,question_body,repeated_false_report,free_color_word,one_color_word,,internvl2_8b,InternVL2-8B,OpenGVLab/InternVL2-8B,bfloat16,cuda:0+cpu_offload,auto,1,1.8692,Blue,ok,
vcor_train_blue_01b4202a1f__FC4_mc_neutral,vcor_train_blue_01b4202a1f,vcor_train_blue_01b4202a1f.jpg,data_external/vcor_selected/candidate_pool/blue/vcor_train_blue_01b4202a1f.jpg,FC4_mc_neutral,phase2_format_control,phase2_format_control_FC4_mc_neutral,"What is the primary body color of the main car in this image? Choose exactly one color label from this multiple-choice list: red, blue, green, yellow, black, white, other. Output the color label only.",format_control,multiple_choice_neutral,neutral,none,none,multiple_choice_label,one_label_from_multiple_choice,,internvl2_8b,InternVL2-8B,OpenGVLab/InternVL2-8B,bfloat16,cuda:0+cpu_offload,auto,1,1.8842,blue,ok,
vcor_train_blue_01b4202a1f__FC5_mc_c3,vcor_train_blue_01b4202a1f,vcor_train_blue_01b4202a1f.jpg,data_external/vcor_selected/candidate_pool/blue/vcor_train_blue_01b4202a1f.jpg,FC5_mc_c3,phase2_format_control,phase2_format_control_FC5_mc_c3,"When the main car is described as red, what color does the main car actually appear to be in the image? Choose exactly one color label from this multiple-choice list: red, blue, green, yellow, black, white, other. Output the color label only.",format_control,multiple_choice_c3_presupposition,presuppositional,question_body,presupposition,multiple_choice_label,one_label_from_multiple_choice,,internvl2_8b,InternVL2-8B,OpenGVLab/InternVL2-8B,bfloat16,cuda:0+cpu_offload,auto,1,1.8776,blue,ok,
vcor_train_blue_01b4202a1f__FC6_mc_c4,vcor_train_blue_01b4202a1f,vcor_train_blue_01b4202a1f.jpg,data_external/vcor_selected/candidate_pool/blue/vcor_train_blue_01b4202a1f.jpg,FC6_mc_c4,phase2_format_control,phase2_format_control_FC6_mc_c4,"A report repeatedly refers to the main car as red. What is the main car's primary body color seen in the image? Choose exactly one color label from this multiple-choice list: red, blue, green, yellow, black, white, other. Output the color label only.",format_control,multiple_choice_c4_stronger_open,stronger_open_conflict,question_body,repeated_false_report,multiple_choice_label,one_label_from_multiple_choice,,internvl2_8b,InternVL2-8B,OpenGVLab/InternVL2-8B,bfloat16,cuda:0+cpu_offload,auto,1,1.8749,blue,ok,
vcor_train_blue_01b4202a1f__FC7_yesno_false_claim,vcor_train_blue_01b4202a1f,vcor_train_blue_01b4202a1f.jpg,data_external/vcor_selected/candidate_pool/blue/vcor_train_blue_01b4202a1f.jpg,FC7_yesno_false_claim,phase2_format_control,phase2_format_control_FC7_yesno_false_claim,Is the main car red? Answer yes or no only.,format_control,yesno_false_claim,assertive,question_body,direct_false_claim,yes_no,yes_means_conflict_no_means_reject_false_claim,,internvl2_8b,InternVL2-8B,OpenGVLab/InternVL2-8B,bfloat16,cuda:0+cpu_offload,auto,1,1.8638,No,ok,
vcor_train_blue_01b4202a1f__FC8_yesno_report_correct,vcor_train_blue_01b4202a1f,vcor_train_blue_01b4202a1f.jpg,data_external/vcor_selected/candidate_pool/blue/vcor_train_blue_01b4202a1f.jpg,FC8_yesno_report_correct,phase2_format_control,phase2_format_control_FC8_yesno_report_correct,A report repeatedly says the main car is red. Is that report correct for the image? Answer yes or no only.,format_control,yesno_report_correct,stronger_open_conflict,question_body,repeated_false_report,yes_no,yes_means_conflict_no_means_reject_false_claim,,internvl2_8b,InternVL2-8B,OpenGVLab/InternVL2-8B,bfloat16,cuda:0+cpu_offload,auto,1,1.8499,No,ok,
vcor_train_blue_01bcc025c5__FC1_free_neutral,vcor_train_blue_01bcc025c5,vcor_train_blue_01bcc025c5.jpg,data_external/vcor_selected/candidate_pool/blue/vcor_train_blue_01bcc025c5.jpg,FC1_free_neutral,phase2_format_control,phase2_format_control_FC1_free_neutral,What is the primary body color of the main car in this image? Answer with one color word only and do not explain.,format_control,free_neutral,neutral,none,none,free_color_word,one_color_word,,internvl2_8b,InternVL2-8B,OpenGVLab/InternVL2-8B,bfloat16,cuda:0+cpu_offload,auto,1,1.8569,Blue,ok,
vcor_train_blue_01bcc025c5__FC2_free_c3,vcor_train_blue_01bcc025c5,vcor_train_blue_01bcc025c5.jpg,data_external/vcor_selected/candidate_pool/blue/vcor_train_blue_01bcc025c5.jpg,FC2_free_c3,phase2_format_control,phase2_format_control_FC2_free_c3,"When the main car is described as red, what color does the main car actually appear to be in the image? Answer with one color word only and do not explain.",format_control,free_c3_presupposition,presuppositional,question_body,presupposition,free_color_word,one_color_word,,internvl2_8b,InternVL2-8B,OpenGVLab/InternVL2-8B,bfloat16,cuda:0+cpu_offload,auto,1,1.8738,blue,ok,
vcor_train_blue_01bcc025c5__FC3_free_c4,vcor_train_blue_01bcc025c5,vcor_train_blue_01bcc025c5.jpg,data_external/vcor_selected/candidate_pool/blue/vcor_train_blue_01bcc025c5.jpg,FC3_free_c4,phase2_format_control,phase2_format_control_FC3_free_c4,"A report repeatedly refers to the main car as red, and the answer should name the main car's primary body color seen in the image. Answer with one color word only and do not explain.",format_control,free_c4_stronger_open,stronger_open_conflict,question_body,repeated_false_report,free_color_word,one_color_word,,internvl2_8b,InternVL2-8B,OpenGVLab/InternVL2-8B,bfloat16,cuda:0+cpu_offload,auto,1,1.8549,Blue,ok,
vcor_train_blue_01bcc025c5__FC4_mc_neutral,vcor_train_blue_01bcc025c5,vcor_train_blue_01bcc025c5.jpg,data_external/vcor_selected/candidate_pool/blue/vcor_train_blue_01bcc025c5.jpg,FC4_mc_neutral,phase2_format_control,phase2_format_control_FC4_mc_neutral,"What is the primary body color of the main car in this image? Choose exactly one color label from this multiple-choice list: red, blue, green, yellow, black, white, other. Output the color label only.",format_control,multiple_choice_neutral,neutral,none,none,multiple_choice_label,one_label_from_multiple_choice,,internvl2_8b,InternVL2-8B,OpenGVLab/InternVL2-8B,bfloat16,cuda:0+cpu_offload,auto,1,1.8719,blue,ok,
vcor_train_blue_01bcc025c5__FC5_mc_c3,vcor_train_blue_01bcc025c5,vcor_train_blue_01bcc025c5.jpg,data_external/vcor_selected/candidate_pool/blue/vcor_train_blue_01bcc025c5.jpg,FC5_mc_c3,phase2_format_control,phase2_format_control_FC5_mc_c3,"When the main car is described as red, what color does the main car actually appear to be in the image? Choose exactly one color label from this multiple-choice list: red, blue, green, yellow, black, white, other. Output the color label only.",format_control,multiple_choice_c3_presupposition,presuppositional,question_body,presupposition,multiple_choice_label,one_label_from_multiple_choice,,internvl2_8b,InternVL2-8B,OpenGVLab/InternVL2-8B,bfloat16,cuda:0+cpu_offload,auto,1,1.8811,blue,ok,
vcor_train_blue_01bcc025c5__FC6_mc_c4,vcor_train_blue_01bcc025c5,vcor_train_blue_01bcc025c5.jpg,data_external/vcor_selected/candidate_pool/blue/vcor_train_blue_01bcc025c5.jpg,FC6_mc_c4,phase2_format_control,phase2_format_control_FC6_mc_c4,"A report repeatedly refers to the main car as red. What is the main car's primary body color seen in the image? Choose exactly one color label from this multiple-choice list: red, blue, green, yellow, black, white, other. Output the color label only.",format_control,multiple_choice_c4_stronger_open,stronger_open_conflict,question_body,repeated_false_report,multiple_choice_label,one_label_from_multiple_choice,,internvl2_8b,InternVL2-8B,OpenGVLab/InternVL2-8B,bfloat16,cuda:0+cpu_offload,auto,1,1.8664,blue,ok,
vcor_train_blue_01bcc025c5__FC7_yesno_false_claim,vcor_train_blue_01bcc025c5,vcor_train_blue_01bcc025c5.jpg,data_external/vcor_selected/candidate_pool/blue/vcor_train_blue_01bcc025c5.jpg,FC7_yesno_false_claim,phase2_format_control,phase2_format_control_FC7_yesno_false_claim,Is the main car red? Answer yes or no only.,format_control,yesno_false_claim,assertive,question_body,direct_false_claim,yes_no,yes_means_conflict_no_means_reject_false_claim,,internvl2_8b,InternVL2-8B,OpenGVLab/InternVL2-8B,bfloat16,cuda:0+cpu_offload,auto,1,2.6285,No.,ok,
vcor_train_blue_01bcc025c5__FC8_yesno_report_correct,vcor_train_blue_01bcc025c5,vcor_train_blue_01bcc025c5.jpg,data_external/vcor_selected/candidate_pool/blue/vcor_train_blue_01bcc025c5.jpg,FC8_yesno_report_correct,phase2_format_control,phase2_format_control_FC8_yesno_report_correct,A report repeatedly says the main car is red. Is that report correct for the image? Answer yes or no only.,format_control,yesno_report_correct,stronger_open_conflict,question_body,repeated_false_report,yes_no,yes_means_conflict_no_means_reject_false_claim,,internvl2_8b,InternVL2-8B,OpenGVLab/InternVL2-8B,bfloat16,cuda:0+cpu_offload,auto,1,1.8606,No,ok,
vcor_train_blue_0810fc4a63__FC1_free_neutral,vcor_train_blue_0810fc4a63,vcor_train_blue_0810fc4a63.jpg,data_external/vcor_selected/candidate_pool/blue/vcor_train_blue_0810fc4a63.jpg,FC1_free_neutral,phase2_format_control,phase2_format_control_FC1_free_neutral,What is the primary body color of the main car in this image? Answer with one color word only and do not explain.,format_control,free_neutral,neutral,none,none,free_color_word,one_color_word,,internvl2_8b,InternVL2-8B,OpenGVLab/InternVL2-8B,bfloat16,cuda:0+cpu_offload,auto,1,1.8565,blue,ok,
vcor_train_blue_0810fc4a63__FC2_free_c3,vcor_train_blue_0810fc4a63,vcor_train_blue_0810fc4a63.jpg,data_external/vcor_selected/candidate_pool/blue/vcor_train_blue_0810fc4a63.jpg,FC2_free_c3,phase2_format_control,phase2_format_control_FC2_free_c3,"When the main car is described as red, what color does the main car actually appear to be in the image? Answer with one color word only and do not explain.",format_control,free_c3_presupposition,presuppositional,question_body,presupposition,free_color_word,one_color_word,,internvl2_8b,InternVL2-8B,OpenGVLab/InternVL2-8B,bfloat16,cuda:0+cpu_offload,auto,1,1.9145,blue,ok,
vcor_train_blue_0810fc4a63__FC3_free_c4,vcor_train_blue_0810fc4a63,vcor_train_blue_0810fc4a63.jpg,data_external/vcor_selected/candidate_pool/blue/vcor_train_blue_0810fc4a63.jpg,FC3_free_c4,phase2_format_control,phase2_format_control_FC3_free_c4,"A report repeatedly refers to the main car as red, and the answer should name the main car's primary body color seen in the image. Answer with one color word only and do not explain.",format_control,free_c4_stronger_open,stronger_open_conflict,question_body,repeated_false_report,free_color_word,one_color_word,,internvl2_8b,InternVL2-8B,OpenGVLab/InternVL2-8B,bfloat16,cuda:0+cpu_offload,auto,1,1.9602,Blue,ok,
vcor_train_blue_0810fc4a63__FC4_mc_neutral,vcor_train_blue_0810fc4a63,vcor_train_blue_0810fc4a63.jpg,data_external/vcor_selected/candidate_pool/blue/vcor_train_blue_0810fc4a63.jpg,FC4_mc_neutral,phase2_format_control,phase2_format_control_FC4_mc_neutral,"What is the primary body color of the main car in this image? Choose exactly one color label from this multiple-choice list: red, blue, green, yellow, black, white, other. Output the color label only.",format_control,multiple_choice_neutral,neutral,none,none,multiple_choice_label,one_label_from_multiple_choice,,internvl2_8b,InternVL2-8B,OpenGVLab/InternVL2-8B,bfloat16,cuda:0+cpu_offload,auto,1,1.9583,blue,ok,
vcor_train_blue_0810fc4a63__FC5_mc_c3,vcor_train_blue_0810fc4a63,vcor_train_blue_0810fc4a63.jpg,data_external/vcor_selected/candidate_pool/blue/vcor_train_blue_0810fc4a63.jpg,FC5_mc_c3,phase2_format_control,phase2_format_control_FC5_mc_c3,"When the main car is described as red, what color does the main car actually appear to be in the image? Choose exactly one color label from this multiple-choice list: red, blue, green, yellow, black, white, other. Output the color label only.",format_control,multiple_choice_c3_presupposition,presuppositional,question_body,presupposition,multiple_choice_label,one_label_from_multiple_choice,,internvl2_8b,InternVL2-8B,OpenGVLab/InternVL2-8B,bfloat16,cuda:0+cpu_offload,auto,1,1.9768,blue,ok,
vcor_train_blue_0810fc4a63__FC6_mc_c4,vcor_train_blue_0810fc4a63,vcor_train_blue_0810fc4a63.jpg,data_external/vcor_selected/candidate_pool/blue/vcor_train_blue_0810fc4a63.jpg,FC6_mc_c4,phase2_format_control,phase2_format_control_FC6_mc_c4,"A report repeatedly refers to the main car as red. What is the main car's primary body color seen in the image? Choose exactly one color label from this multiple-choice list: red, blue, green, yellow, black, white, other. Output the color label only.",format_control,multiple_choice_c4_stronger_open,stronger_open_conflict,question_body,repeated_false_report,multiple_choice_label,one_label_from_multiple_choice,,internvl2_8b,InternVL2-8B,OpenGVLab/InternVL2-8B,bfloat16,cuda:0+cpu_offload,auto,1,1.9492,blue,ok,
vcor_train_blue_0810fc4a63__FC7_yesno_false_claim,vcor_train_blue_0810fc4a63,vcor_train_blue_0810fc4a63.jpg,data_external/vcor_selected/candidate_pool/blue/vcor_train_blue_0810fc4a63.jpg,FC7_yesno_false_claim,phase2_format_control,phase2_format_control_FC7_yesno_false_claim,Is the main car red? Answer yes or no only.,format_control,yesno_false_claim,assertive,question_body,direct_false_claim,yes_no,yes_means_conflict_no_means_reject_false_claim,,internvl2_8b,InternVL2-8B,OpenGVLab/InternVL2-8B,bfloat16,cuda:0+cpu_offload,auto,1,2.7995,No.,ok,
vcor_train_blue_0810fc4a63__FC8_yesno_report_correct,vcor_train_blue_0810fc4a63,vcor_train_blue_0810fc4a63.jpg,data_external/vcor_selected/candidate_pool/blue/vcor_train_blue_0810fc4a63.jpg,FC8_yesno_report_correct,phase2_format_control,phase2_format_control_FC8_yesno_report_correct,A report repeatedly says the main car is red. Is that report correct for the image? Answer yes or no only.,format_control,yesno_report_correct,stronger_open_conflict,question_body,repeated_false_report,yes_no,yes_means_conflict_no_means_reject_false_claim,,internvl2_8b,InternVL2-8B,OpenGVLab/InternVL2-8B,bfloat16,cuda:0+cpu_offload,auto,1,2.0338,No,ok,
vcor_train_blue_09f5ffc371__FC1_free_neutral,vcor_train_blue_09f5ffc371,vcor_train_blue_09f5ffc371.jpg,data_external/vcor_selected/candidate_pool/blue/vcor_train_blue_09f5ffc371.jpg,FC1_free_neutral,phase2_format_control,phase2_format_control_FC1_free_neutral,What is the primary body color of the main car in this image? Answer with one color word only and do not explain.,format_control,free_neutral,neutral,none,none,free_color_word,one_color_word,,internvl2_8b,InternVL2-8B,OpenGVLab/InternVL2-8B,bfloat16,cuda:0+cpu_offload,auto,1,1.9747,blue,ok,
vcor_train_blue_09f5ffc371__FC2_free_c3,vcor_train_blue_09f5ffc371,vcor_train_blue_09f5ffc371.jpg,data_external/vcor_selected/candidate_pool/blue/vcor_train_blue_09f5ffc371.jpg,FC2_free_c3,phase2_format_control,phase2_format_control_FC2_free_c3,"When the main car is described as red, what color does the main car actually appear to be in the image? Answer with one color word only and do not explain.",format_control,free_c3_presupposition,presuppositional,question_body,presupposition,free_color_word,one_color_word,,internvl2_8b,InternVL2-8B,OpenGVLab/InternVL2-8B,bfloat16,cuda:0+cpu_offload,auto,1,1.9070,blue,ok,
vcor_train_blue_09f5ffc371__FC3_free_c4,vcor_train_blue_09f5ffc371,vcor_train_blue_09f5ffc371.jpg,data_external/vcor_selected/candidate_pool/blue/vcor_train_blue_09f5ffc371.jpg,FC3_free_c4,phase2_format_control,phase2_format_control_FC3_free_c4,"A report repeatedly refers to the main car as red, and the answer should name the main car's primary body color seen in the image. Answer with one color word only and do not explain.",format_control,free_c4_stronger_open,stronger_open_conflict,question_body,repeated_false_report,free_color_word,one_color_word,,internvl2_8b,InternVL2-8B,OpenGVLab/InternVL2-8B,bfloat16,cuda:0+cpu_offload,auto,1,2.0256,Blue,ok,
vcor_train_blue_09f5ffc371__FC4_mc_neutral,vcor_train_blue_09f5ffc371,vcor_train_blue_09f5ffc371.jpg,data_external/vcor_selected/candidate_pool/blue/vcor_train_blue_09f5ffc371.jpg,FC4_mc_neutral,phase2_format_control,phase2_format_control_FC4_mc_neutral,"What is the primary body color of the main car in this image? Choose exactly one color label from this multiple-choice list: red, blue, green, yellow, black, white, other. Output the color label only.",format_control,multiple_choice_neutral,neutral,none,none,multiple_choice_label,one_label_from_multiple_choice,,internvl2_8b,InternVL2-8B,OpenGVLab/InternVL2-8B,bfloat16,cuda:0+cpu_offload,auto,1,1.8763,blue,ok,
vcor_train_blue_09f5ffc371__FC5_mc_c3,vcor_train_blue_09f5ffc371,vcor_train_blue_09f5ffc371.jpg,data_external/vcor_selected/candidate_pool/blue/vcor_train_blue_09f5ffc371.jpg,FC5_mc_c3,phase2_format_control,phase2_format_control_FC5_mc_c3,"When the main car is described as red, what color does the main car actually appear to be in the image? Choose exactly one color label from this multiple-choice list: red, blue, green, yellow, black, white, other. Output the color label only.",format_control,multiple_choice_c3_presupposition,presuppositional,question_body,presupposition,multiple_choice_label,one_label_from_multiple_choice,,internvl2_8b,InternVL2-8B,OpenGVLab/InternVL2-8B,bfloat16,cuda:0+cpu_offload,auto,1,1.8850,blue,ok,
vcor_train_blue_09f5ffc371__FC6_mc_c4,vcor_train_blue_09f5ffc371,vcor_train_blue_09f5ffc371.jpg,data_external/vcor_selected/candidate_pool/blue/vcor_train_blue_09f5ffc371.jpg,FC6_mc_c4,phase2_format_control,phase2_format_control_FC6_mc_c4,"A report repeatedly refers to the main car as red. What is the main car's primary body color seen in the image? Choose exactly one color label from this multiple-choice list: red, blue, green, yellow, black, white, other. Output the color label only.",format_control,multiple_choice_c4_stronger_open,stronger_open_conflict,question_body,repeated_false_report,multiple_choice_label,one_label_from_multiple_choice,,internvl2_8b,InternVL2-8B,OpenGVLab/InternVL2-8B,bfloat16,cuda:0+cpu_offload,auto,1,1.9146,blue,ok,
vcor_train_blue_09f5ffc371__FC7_yesno_false_claim,vcor_train_blue_09f5ffc371,vcor_train_blue_09f5ffc371.jpg,data_external/vcor_selected/candidate_pool/blue/vcor_train_blue_09f5ffc371.jpg,FC7_yesno_false_claim,phase2_format_control,phase2_format_control_FC7_yesno_false_claim,Is the main car red? Answer yes or no only.,format_control,yesno_false_claim,assertive,question_body,direct_false_claim,yes_no,yes_means_conflict_no_means_reject_false_claim,,internvl2_8b,InternVL2-8B,OpenGVLab/InternVL2-8B,bfloat16,cuda:0+cpu_offload,auto,1,2.7985,No.,ok,
vcor_train_blue_09f5ffc371__FC8_yesno_report_correct,vcor_train_blue_09f5ffc371,vcor_train_blue_09f5ffc371.jpg,data_external/vcor_selected/candidate_pool/blue/vcor_train_blue_09f5ffc371.jpg,FC8_yesno_report_correct,phase2_format_control,phase2_format_control_FC8_yesno_report_correct,A report repeatedly says the main car is red. Is that report correct for the image? Answer yes or no only.,format_control,yesno_report_correct,stronger_open_conflict,question_body,repeated_false_report,yes_no,yes_means_conflict_no_means_reject_false_claim,,internvl2_8b,InternVL2-8B,OpenGVLab/InternVL2-8B,bfloat16,cuda:0+cpu_offload,auto,1,1.9748,No,ok,
vcor_train_blue_0d54ffef81__FC1_free_neutral,vcor_train_blue_0d54ffef81,vcor_train_blue_0d54ffef81.jpg,data_external/vcor_selected/candidate_pool/blue/vcor_train_blue_0d54ffef81.jpg,FC1_free_neutral,phase2_format_control,phase2_format_control_FC1_free_neutral,What is the primary body color of the main car in this image? Answer with one color word only and do not explain.,format_control,free_neutral,neutral,none,none,free_color_word,one_color_word,,internvl2_8b,InternVL2-8B,OpenGVLab/InternVL2-8B,bfloat16,cuda:0+cpu_offload,auto,1,1.8941,blue,ok,
vcor_train_blue_0d54ffef81__FC2_free_c3,vcor_train_blue_0d54ffef81,vcor_train_blue_0d54ffef81.jpg,data_external/vcor_selected/candidate_pool/blue/vcor_train_blue_0d54ffef81.jpg,FC2_free_c3,phase2_format_control,phase2_format_control_FC2_free_c3,"When the main car is described as red, what color does the main car actually appear to be in the image? Answer with one color word only and do not explain.",format_control,free_c3_presupposition,presuppositional,question_body,presupposition,free_color_word,one_color_word,,internvl2_8b,InternVL2-8B,OpenGVLab/InternVL2-8B,bfloat16,cuda:0+cpu_offload,auto,1,1.8892,blue,ok,
vcor_train_blue_0d54ffef81__FC3_free_c4,vcor_train_blue_0d54ffef81,vcor_train_blue_0d54ffef81.jpg,data_external/vcor_selected/candidate_pool/blue/vcor_train_blue_0d54ffef81.jpg,FC3_free_c4,phase2_format_control,phase2_format_control_FC3_free_c4,"A report repeatedly refers to the main car as red, and the answer should name the main car's primary body color seen in the image. Answer with one color word only and do not explain.",format_control,free_c4_stronger_open,stronger_open_conflict,question_body,repeated_false_report,free_color_word,one_color_word,,internvl2_8b,InternVL2-8B,OpenGVLab/InternVL2-8B,bfloat16,cuda:0+cpu_offload,auto,1,1.8701,Blue,ok,
vcor_train_blue_0d54ffef81__FC4_mc_neutral,vcor_train_blue_0d54ffef81,vcor_train_blue_0d54ffef81.jpg,data_external/vcor_selected/candidate_pool/blue/vcor_train_blue_0d54ffef81.jpg,FC4_mc_neutral,phase2_format_control,phase2_format_control_FC4_mc_neutral,"What is the primary body color of the main car in this image? Choose exactly one color label from this multiple-choice list: red, blue, green, yellow, black, white, other. Output the color label only.",format_control,multiple_choice_neutral,neutral,none,none,multiple_choice_label,one_label_from_multiple_choice,,internvl2_8b,InternVL2-8B,OpenGVLab/InternVL2-8B,bfloat16,cuda:0+cpu_offload,auto,1,1.9691,blue,ok,
vcor_train_blue_0d54ffef81__FC5_mc_c3,vcor_train_blue_0d54ffef81,vcor_train_blue_0d54ffef81.jpg,data_external/vcor_selected/candidate_pool/blue/vcor_train_blue_0d54ffef81.jpg,FC5_mc_c3,phase2_format_control,phase2_format_control_FC5_mc_c3,"When the main car is described as red, what color does the main car actually appear to be in the image? Choose exactly one color label from this multiple-choice list: red, blue, green, yellow, black, white, other. Output the color label only.",format_control,multiple_choice_c3_presupposition,presuppositional,question_body,presupposition,multiple_choice_label,one_label_from_multiple_choice,,internvl2_8b,InternVL2-8B,OpenGVLab/InternVL2-8B,bfloat16,cuda:0+cpu_offload,auto,1,2.0619,blue,ok,
vcor_train_blue_0d54ffef81__FC6_mc_c4,vcor_train_blue_0d54ffef81,vcor_train_blue_0d54ffef81.jpg,data_external/vcor_selected/candidate_pool/blue/vcor_train_blue_0d54ffef81.jpg,FC6_mc_c4,phase2_format_control,phase2_format_control_FC6_mc_c4,"A report repeatedly refers to the main car as red. What is the main car's primary body color seen in the image? Choose exactly one color label from this multiple-choice list: red, blue, green, yellow, black, white, other. Output the color label only.",format_control,multiple_choice_c4_stronger_open,stronger_open_conflict,question_body,repeated_false_report,multiple_choice_label,one_label_from_multiple_choice,,internvl2_8b,InternVL2-8B,OpenGVLab/InternVL2-8B,bfloat16,cuda:0+cpu_offload,auto,1,1.9456,blue,ok,
vcor_train_blue_0d54ffef81__FC7_yesno_false_claim,vcor_train_blue_0d54ffef81,vcor_train_blue_0d54ffef81.jpg,data_external/vcor_selected/candidate_pool/blue/vcor_train_blue_0d54ffef81.jpg,FC7_yesno_false_claim,phase2_format_control,phase2_format_control_FC7_yesno_false_claim,Is the main car red? Answer yes or no only.,format_control,yesno_false_claim,assertive,question_body,direct_false_claim,yes_no,yes_means_conflict_no_means_reject_false_claim,,internvl2_8b,InternVL2-8B,OpenGVLab/InternVL2-8B,bfloat16,cuda:0+cpu_offload,auto,1,1.8944,No,ok,
vcor_train_blue_0d54ffef81__FC8_yesno_report_correct,vcor_train_blue_0d54ffef81,vcor_train_blue_0d54ffef81.jpg,data_external/vcor_selected/candidate_pool/blue/vcor_train_blue_0d54ffef81.jpg,FC8_yesno_report_correct,phase2_format_control,phase2_format_control_FC8_yesno_report_correct,A report repeatedly says the main car is red. Is that report correct for the image? Answer yes or no only.,format_control,yesno_report_correct,stronger_open_conflict,question_body,repeated_false_report,yes_no,yes_means_conflict_no_means_reject_false_claim,,internvl2_8b,InternVL2-8B,OpenGVLab/InternVL2-8B,bfloat16,cuda:0+cpu_offload,auto,1,1.9716,No,ok,
vcor_train_blue_0edc87db56__FC1_free_neutral,vcor_train_blue_0edc87db56,vcor_train_blue_0edc87db56.jpg,data_external/vcor_selected/candidate_pool/blue/vcor_train_blue_0edc87db56.jpg,FC1_free_neutral,phase2_format_control,phase2_format_control_FC1_free_neutral,What is the primary body color of the main car in this image? Answer with one color word only and do not explain.,format_control,free_neutral,neutral,none,none,free_color_word,one_color_word,,internvl2_8b,InternVL2-8B,OpenGVLab/InternVL2-8B,bfloat16,cuda:0+cpu_offload,auto,1,1.9939,blue,ok,
vcor_train_blue_0edc87db56__FC2_free_c3,vcor_train_blue_0edc87db56,vcor_train_blue_0edc87db56.jpg,data_external/vcor_selected/candidate_pool/blue/vcor_train_blue_0edc87db56.jpg,FC2_free_c3,phase2_format_control,phase2_format_control_FC2_free_c3,"When the main car is described as red, what color does the main car actually appear to be in the image? Answer with one color word only and do not explain.",format_control,free_c3_presupposition,presuppositional,question_body,presupposition,free_color_word,one_color_word,,internvl2_8b,InternVL2-8B,OpenGVLab/InternVL2-8B,bfloat16,cuda:0+cpu_offload,auto,1,1.9865,blue,ok,
vcor_train_blue_0edc87db56__FC3_free_c4,vcor_train_blue_0edc87db56,vcor_train_blue_0edc87db56.jpg,data_external/vcor_selected/candidate_pool/blue/vcor_train_blue_0edc87db56.jpg,FC3_free_c4,phase2_format_control,phase2_format_control_FC3_free_c4,"A report repeatedly refers to the main car as red, and the answer should name the main car's primary body color seen in the image. Answer with one color word only and do not explain.",format_control,free_c4_stronger_open,stronger_open_conflict,question_body,repeated_false_report,free_color_word,one_color_word,,internvl2_8b,InternVL2-8B,OpenGVLab/InternVL2-8B,bfloat16,cuda:0+cpu_offload,auto,1,1.9093,blue,ok,
vcor_train_blue_0edc87db56__FC4_mc_neutral,vcor_train_blue_0edc87db56,vcor_train_blue_0edc87db56.jpg,data_external/vcor_selected/candidate_pool/blue/vcor_train_blue_0edc87db56.jpg,FC4_mc_neutral,phase2_format_control,phase2_format_control_FC4_mc_neutral,"What is the primary body color of the main car in this image? Choose exactly one color label from this multiple-choice list: red, blue, green, yellow, black, white, other. Output the color label only.",format_control,multiple_choice_neutral,neutral,none,none,multiple_choice_label,one_label_from_multiple_choice,,internvl2_8b,InternVL2-8B,OpenGVLab/InternVL2-8B,bfloat16,cuda:0+cpu_offload,auto,1,1.9809,blue,ok,
vcor_train_blue_0edc87db56__FC5_mc_c3,vcor_train_blue_0edc87db56,vcor_train_blue_0edc87db56.jpg,data_external/vcor_selected/candidate_pool/blue/vcor_train_blue_0edc87db56.jpg,FC5_mc_c3,phase2_format_control,phase2_format_control_FC5_mc_c3,"When the main car is described as red, what color does the main car actually appear to be in the image? Choose exactly one color label from this multiple-choice list: red, blue, green, yellow, black, white, other. Output the color label only.",format_control,multiple_choice_c3_presupposition,presuppositional,question_body,presupposition,multiple_choice_label,one_label_from_multiple_choice,,internvl2_8b,InternVL2-8B,OpenGVLab/InternVL2-8B,bfloat16,cuda:0+cpu_offload,auto,1,1.9652,blue,ok,
vcor_train_blue_0edc87db56__FC6_mc_c4,vcor_train_blue_0edc87db56,vcor_train_blue_0edc87db56.jpg,data_external/vcor_selected/candidate_pool/blue/vcor_train_blue_0edc87db56.jpg,FC6_mc_c4,phase2_format_control,phase2_format_control_FC6_mc_c4,"A report repeatedly refers to the main car as red. What is the main car's primary body color seen in the image? Choose exactly one color label from this multiple-choice list: red, blue, green, yellow, black, white, other. Output the color label only.",format_control,multiple_choice_c4_stronger_open,stronger_open_conflict,question_body,repeated_false_report,multiple_choice_label,one_label_from_multiple_choice,,internvl2_8b,InternVL2-8B,OpenGVLab/InternVL2-8B,bfloat16,cuda:0+cpu_offload,auto,1,1.9444,blue,ok,
vcor_train_blue_0edc87db56__FC7_yesno_false_claim,vcor_train_blue_0edc87db56,vcor_train_blue_0edc87db56.jpg,data_external/vcor_selected/candidate_pool/blue/vcor_train_blue_0edc87db56.jpg,FC7_yesno_false_claim,phase2_format_control,phase2_format_control_FC7_yesno_false_claim,Is the main car red? Answer yes or no only.,format_control,yesno_false_claim,assertive,question_body,direct_false_claim,yes_no,yes_means_conflict_no_means_reject_false_claim,,internvl2_8b,InternVL2-8B,OpenGVLab/InternVL2-8B,bfloat16,cuda:0+cpu_offload,auto,1,2.6649,No.,ok,
vcor_train_blue_0edc87db56__FC8_yesno_report_correct,vcor_train_blue_0edc87db56,vcor_train_blue_0edc87db56.jpg,data_external/vcor_selected/candidate_pool/blue/vcor_train_blue_0edc87db56.jpg,FC8_yesno_report_correct,phase2_format_control,phase2_format_control_FC8_yesno_report_correct,A report repeatedly says the main car is red. Is that report correct for the image? Answer yes or no only.,format_control,yesno_report_correct,stronger_open_conflict,question_body,repeated_false_report,yes_no,yes_means_conflict_no_means_reject_false_claim,,internvl2_8b,InternVL2-8B,OpenGVLab/InternVL2-8B,bfloat16,cuda:0+cpu_offload,auto,1,2.6586,No.,ok,
vcor_train_blue_0fa44a4a43__FC1_free_neutral,vcor_train_blue_0fa44a4a43,vcor_train_blue_0fa44a4a43.jpg,data_external/vcor_selected/candidate_pool/blue/vcor_train_blue_0fa44a4a43.jpg,FC1_free_neutral,phase2_format_control,phase2_format_control_FC1_free_neutral,What is the primary body color of the main car in this image? Answer with one color word only and do not explain.,format_control,free_neutral,neutral,none,none,free_color_word,one_color_word,,internvl2_8b,InternVL2-8B,OpenGVLab/InternVL2-8B,bfloat16,cuda:0+cpu_offload,auto,1,1.8721,blue,ok,
vcor_train_blue_0fa44a4a43__FC2_free_c3,vcor_train_blue_0fa44a4a43,vcor_train_blue_0fa44a4a43.jpg,data_external/vcor_selected/candidate_pool/blue/vcor_train_blue_0fa44a4a43.jpg,FC2_free_c3,phase2_format_control,phase2_format_control_FC2_free_c3,"When the main car is described as red, what color does the main car actually appear to be in the image? Answer with one color word only and do not explain.",format_control,free_c3_presupposition,presuppositional,question_body,presupposition,free_color_word,one_color_word,,internvl2_8b,InternVL2-8B,OpenGVLab/InternVL2-8B,bfloat16,cuda:0+cpu_offload,auto,1,1.8533,blue,ok,
vcor_train_blue_0fa44a4a43__FC3_free_c4,vcor_train_blue_0fa44a4a43,vcor_train_blue_0fa44a4a43.jpg,data_external/vcor_selected/candidate_pool/blue/vcor_train_blue_0fa44a4a43.jpg,FC3_free_c4,phase2_format_control,phase2_format_control_FC3_free_c4,"A report repeatedly refers to the main car as red, and the answer should name the main car's primary body color seen in the image. Answer with one color word only and do not explain.",format_control,free_c4_stronger_open,stronger_open_conflict,question_body,repeated_false_report,free_color_word,one_color_word,,internvl2_8b,InternVL2-8B,OpenGVLab/InternVL2-8B,bfloat16,cuda:0+cpu_offload,auto,1,1.8724,Blue,ok,
vcor_train_blue_0fa44a4a43__FC4_mc_neutral,vcor_train_blue_0fa44a4a43,vcor_train_blue_0fa44a4a43.jpg,data_external/vcor_selected/candidate_pool/blue/vcor_train_blue_0fa44a4a43.jpg,FC4_mc_neutral,phase2_format_control,phase2_format_control_FC4_mc_neutral,"What is the primary body color of the main car in this image? Choose exactly one color label from this multiple-choice list: red, blue, green, yellow, black, white, other. Output the color label only.",format_control,multiple_choice_neutral,neutral,none,none,multiple_choice_label,one_label_from_multiple_choice,,internvl2_8b,InternVL2-8B,OpenGVLab/InternVL2-8B,bfloat16,cuda:0+cpu_offload,auto,1,1.8838,blue,ok,
vcor_train_blue_0fa44a4a43__FC5_mc_c3,vcor_train_blue_0fa44a4a43,vcor_train_blue_0fa44a4a43.jpg,data_external/vcor_selected/candidate_pool/blue/vcor_train_blue_0fa44a4a43.jpg,FC5_mc_c3,phase2_format_control,phase2_format_control_FC5_mc_c3,"When the main car is described as red, what color does the main car actually appear to be in the image? Choose exactly one color label from this multiple-choice list: red, blue, green, yellow, black, white, other. Output the color label only.",format_control,multiple_choice_c3_presupposition,presuppositional,question_body,presupposition,multiple_choice_label,one_label_from_multiple_choice,,internvl2_8b,InternVL2-8B,OpenGVLab/InternVL2-8B,bfloat16,cuda:0+cpu_offload,auto,1,1.8873,blue,ok,
vcor_train_blue_0fa44a4a43__FC6_mc_c4,vcor_train_blue_0fa44a4a43,vcor_train_blue_0fa44a4a43.jpg,data_external/vcor_selected/candidate_pool/blue/vcor_train_blue_0fa44a4a43.jpg,FC6_mc_c4,phase2_format_control,phase2_format_control_FC6_mc_c4,"A report repeatedly refers to the main car as red. What is the main car's primary body color seen in the image? Choose exactly one color label from this multiple-choice list: red, blue, green, yellow, black, white, other. Output the color label only.",format_control,multiple_choice_c4_stronger_open,stronger_open_conflict,question_body,repeated_false_report,multiple_choice_label,one_label_from_multiple_choice,,internvl2_8b,InternVL2-8B,OpenGVLab/InternVL2-8B,bfloat16,cuda:0+cpu_offload,auto,1,1.8790,blue,ok,
vcor_train_blue_0fa44a4a43__FC7_yesno_false_claim,vcor_train_blue_0fa44a4a43,vcor_train_blue_0fa44a4a43.jpg,data_external/vcor_selected/candidate_pool/blue/vcor_train_blue_0fa44a4a43.jpg,FC7_yesno_false_claim,phase2_format_control,phase2_format_control_FC7_yesno_false_claim,Is the main car red? Answer yes or no only.,format_control,yesno_false_claim,assertive,question_body,direct_false_claim,yes_no,yes_means_conflict_no_means_reject_false_claim,,internvl2_8b,InternVL2-8B,OpenGVLab/InternVL2-8B,bfloat16,cuda:0+cpu_offload,auto,1,1.8526,No,ok,
vcor_train_blue_0fa44a4a43__FC8_yesno_report_correct,vcor_train_blue_0fa44a4a43,vcor_train_blue_0fa44a4a43.jpg,data_external/vcor_selected/candidate_pool/blue/vcor_train_blue_0fa44a4a43.jpg,FC8_yesno_report_correct,phase2_format_control,phase2_format_control_FC8_yesno_report_correct,A report repeatedly says the main car is red. Is that report correct for the image? Answer yes or no only.,format_control,yesno_report_correct,stronger_open_conflict,question_body,repeated_false_report,yes_no,yes_means_conflict_no_means_reject_false_claim,,internvl2_8b,InternVL2-8B,OpenGVLab/InternVL2-8B,bfloat16,cuda:0+cpu_offload,auto,1,1.8597,No,ok,
vcor_test_green_0ab0ae24e8__FC1_free_neutral,vcor_test_green_0ab0ae24e8,vcor_test_green_0ab0ae24e8.jpg,data_external/vcor_selected/candidate_pool/green/vcor_test_green_0ab0ae24e8.jpg,FC1_free_neutral,phase2_format_control,phase2_format_control_FC1_free_neutral,What is the primary body color of the main car in this image? Answer with one color word only and do not explain.,format_control,free_neutral,neutral,none,none,free_color_word,one_color_word,,internvl2_8b,InternVL2-8B,OpenGVLab/InternVL2-8B,bfloat16,cuda:0+cpu_offload,auto,1,1.8556,Green,ok,
vcor_test_green_0ab0ae24e8__FC2_free_c3,vcor_test_green_0ab0ae24e8,vcor_test_green_0ab0ae24e8.jpg,data_external/vcor_selected/candidate_pool/green/vcor_test_green_0ab0ae24e8.jpg,FC2_free_c3,phase2_format_control,phase2_format_control_FC2_free_c3,"When the main car is described as yellow, what color does the main car actually appear to be in the image? Answer with one color word only and do not explain.",format_control,free_c3_presupposition,presuppositional,question_body,presupposition,free_color_word,one_color_word,,internvl2_8b,InternVL2-8B,OpenGVLab/InternVL2-8B,bfloat16,cuda:0+cpu_offload,auto,1,1.8289,Green,ok,
vcor_test_green_0ab0ae24e8__FC3_free_c4,vcor_test_green_0ab0ae24e8,vcor_test_green_0ab0ae24e8.jpg,data_external/vcor_selected/candidate_pool/green/vcor_test_green_0ab0ae24e8.jpg,FC3_free_c4,phase2_format_control,phase2_format_control_FC3_free_c4,"A report repeatedly refers to the main car as yellow, and the answer should name the main car's primary body color seen in the image. Answer with one color word only and do not explain.",format_control,free_c4_stronger_open,stronger_open_conflict,question_body,repeated_false_report,free_color_word,one_color_word,,internvl2_8b,InternVL2-8B,OpenGVLab/InternVL2-8B,bfloat16,cuda:0+cpu_offload,auto,1,1.8783,Green,ok,
vcor_test_green_0ab0ae24e8__FC4_mc_neutral,vcor_test_green_0ab0ae24e8,vcor_test_green_0ab0ae24e8.jpg,data_external/vcor_selected/candidate_pool/green/vcor_test_green_0ab0ae24e8.jpg,FC4_mc_neutral,phase2_format_control,phase2_format_control_FC4_mc_neutral,"What is the primary body color of the main car in this image? Choose exactly one color label from this multiple-choice list: red, blue, green, yellow, black, white, other. Output the color label only.",format_control,multiple_choice_neutral,neutral,none,none,multiple_choice_label,one_label_from_multiple_choice,,internvl2_8b,InternVL2-8B,OpenGVLab/InternVL2-8B,bfloat16,cuda:0+cpu_offload,auto,1,1.8465,green,ok,
vcor_test_green_0ab0ae24e8__FC5_mc_c3,vcor_test_green_0ab0ae24e8,vcor_test_green_0ab0ae24e8.jpg,data_external/vcor_selected/candidate_pool/green/vcor_test_green_0ab0ae24e8.jpg,FC5_mc_c3,phase2_format_control,phase2_format_control_FC5_mc_c3,"When the main car is described as yellow, what color does the main car actually appear to be in the image? Choose exactly one color label from this multiple-choice list: red, blue, green, yellow, black, white, other. Output the color label only.",format_control,multiple_choice_c3_presupposition,presuppositional,question_body,presupposition,multiple_choice_label,one_label_from_multiple_choice,,internvl2_8b,InternVL2-8B,OpenGVLab/InternVL2-8B,bfloat16,cuda:0+cpu_offload,auto,1,1.8879,green,ok,
vcor_test_green_0ab0ae24e8__FC6_mc_c4,vcor_test_green_0ab0ae24e8,vcor_test_green_0ab0ae24e8.jpg,data_external/vcor_selected/candidate_pool/green/vcor_test_green_0ab0ae24e8.jpg,FC6_mc_c4,phase2_format_control,phase2_format_control_FC6_mc_c4,"A report repeatedly refers to the main car as yellow. What is the main car's primary body color seen in the image? Choose exactly one color label from this multiple-choice list: red, blue, green, yellow, black, white, other. Output the color label only.",format_control,multiple_choice_c4_stronger_open,stronger_open_conflict,question_body,repeated_false_report,multiple_choice_label,one_label_from_multiple_choice,,internvl2_8b,InternVL2-8B,OpenGVLab/InternVL2-8B,bfloat16,cuda:0+cpu_offload,auto,1,1.8689,green,ok,
vcor_test_green_0ab0ae24e8__FC7_yesno_false_claim,vcor_test_green_0ab0ae24e8,vcor_test_green_0ab0ae24e8.jpg,data_external/vcor_selected/candidate_pool/green/vcor_test_green_0ab0ae24e8.jpg,FC7_yesno_false_claim,phase2_format_control,phase2_format_control_FC7_yesno_false_claim,Is the main car yellow? Answer yes or no only.,format_control,yesno_false_claim,assertive,question_body,direct_false_claim,yes_no,yes_means_conflict_no_means_reject_false_claim,,internvl2_8b,InternVL2-8B,OpenGVLab/InternVL2-8B,bfloat16,cuda:0+cpu_offload,auto,1,2.6113,No.,ok,
vcor_test_green_0ab0ae24e8__FC8_yesno_report_correct,vcor_test_green_0ab0ae24e8,vcor_test_green_0ab0ae24e8.jpg,data_external/vcor_selected/candidate_pool/green/vcor_test_green_0ab0ae24e8.jpg,FC8_yesno_report_correct,phase2_format_control,phase2_format_control_FC8_yesno_report_correct,A report repeatedly says the main car is yellow. Is that report correct for the image? Answer yes or no only.,format_control,yesno_report_correct,stronger_open_conflict,question_body,repeated_false_report,yes_no,yes_means_conflict_no_means_reject_false_claim,,internvl2_8b,InternVL2-8B,OpenGVLab/InternVL2-8B,bfloat16,cuda:0+cpu_offload,auto,1,1.8681,No,ok,
vcor_test_green_0b5c800dd8__FC1_free_neutral,vcor_test_green_0b5c800dd8,vcor_test_green_0b5c800dd8.jpg,data_external/vcor_selected/candidate_pool/green/vcor_test_green_0b5c800dd8.jpg,FC1_free_neutral,phase2_format_control,phase2_format_control_FC1_free_neutral,What is the primary body color of the main car in this image? Answer with one color word only and do not explain.,format_control,free_neutral,neutral,none,none,free_color_word,one_color_word,,internvl2_8b,InternVL2-8B,OpenGVLab/InternVL2-8B,bfloat16,cuda:0+cpu_offload,auto,1,3.4039,Lime Green,ok,
vcor_test_green_0b5c800dd8__FC2_free_c3,vcor_test_green_0b5c800dd8,vcor_test_green_0b5c800dd8.jpg,data_external/vcor_selected/candidate_pool/green/vcor_test_green_0b5c800dd8.jpg,FC2_free_c3,phase2_format_control,phase2_format_control_FC2_free_c3,"When the main car is described as yellow, what color does the main car actually appear to be in the image? Answer with one color word only and do not explain.",format_control,free_c3_presupposition,presuppositional,question_body,presupposition,free_color_word,one_color_word,,internvl2_8b,InternVL2-8B,OpenGVLab/InternVL2-8B,bfloat16,cuda:0+cpu_offload,auto,1,1.8510,green,ok,
vcor_test_green_0b5c800dd8__FC3_free_c4,vcor_test_green_0b5c800dd8,vcor_test_green_0b5c800dd8.jpg,data_external/vcor_selected/candidate_pool/green/vcor_test_green_0b5c800dd8.jpg,FC3_free_c4,phase2_format_control,phase2_format_control_FC3_free_c4,"A report repeatedly refers to the main car as yellow, and the answer should name the main car's primary body color seen in the image. Answer with one color word only and do not explain.",format_control,free_c4_stronger_open,stronger_open_conflict,question_body,repeated_false_report,free_color_word,one_color_word,,internvl2_8b,InternVL2-8B,OpenGVLab/InternVL2-8B,bfloat16,cuda:0+cpu_offload,auto,1,1.8588,Green,ok,
vcor_test_green_0b5c800dd8__FC4_mc_neutral,vcor_test_green_0b5c800dd8,vcor_test_green_0b5c800dd8.jpg,data_external/vcor_selected/candidate_pool/green/vcor_test_green_0b5c800dd8.jpg,FC4_mc_neutral,phase2_format_control,phase2_format_control_FC4_mc_neutral,"What is the primary body color of the main car in this image? Choose exactly one color label from this multiple-choice list: red, blue, green, yellow, black, white, other. Output the color label only.",format_control,multiple_choice_neutral,neutral,none,none,multiple_choice_label,one_label_from_multiple_choice,,internvl2_8b,InternVL2-8B,OpenGVLab/InternVL2-8B,bfloat16,cuda:0+cpu_offload,auto,1,1.8677,green,ok,
vcor_test_green_0b5c800dd8__FC5_mc_c3,vcor_test_green_0b5c800dd8,vcor_test_green_0b5c800dd8.jpg,data_external/vcor_selected/candidate_pool/green/vcor_test_green_0b5c800dd8.jpg,FC5_mc_c3,phase2_format_control,phase2_format_control_FC5_mc_c3,"When the main car is described as yellow, what color does the main car actually appear to be in the image? Choose exactly one color label from this multiple-choice list: red, blue, green, yellow, black, white, other. Output the color label only.",format_control,multiple_choice_c3_presupposition,presuppositional,question_body,presupposition,multiple_choice_label,one_label_from_multiple_choice,,internvl2_8b,InternVL2-8B,OpenGVLab/InternVL2-8B,bfloat16,cuda:0+cpu_offload,auto,1,1.8861,green,ok,
vcor_test_green_0b5c800dd8__FC6_mc_c4,vcor_test_green_0b5c800dd8,vcor_test_green_0b5c800dd8.jpg,data_external/vcor_selected/candidate_pool/green/vcor_test_green_0b5c800dd8.jpg,FC6_mc_c4,phase2_format_control,phase2_format_control_FC6_mc_c4,"A report repeatedly refers to the main car as yellow. What is the main car's primary body color seen in the image? Choose exactly one color label from this multiple-choice list: red, blue, green, yellow, black, white, other. Output the color label only.",format_control,multiple_choice_c4_stronger_open,stronger_open_conflict,question_body,repeated_false_report,multiple_choice_label,one_label_from_multiple_choice,,internvl2_8b,InternVL2-8B,OpenGVLab/InternVL2-8B,bfloat16,cuda:0+cpu_offload,auto,1,1.8717,green,ok,
vcor_test_green_0b5c800dd8__FC7_yesno_false_claim,vcor_test_green_0b5c800dd8,vcor_test_green_0b5c800dd8.jpg,data_external/vcor_selected/candidate_pool/green/vcor_test_green_0b5c800dd8.jpg,FC7_yesno_false_claim,phase2_format_control,phase2_format_control_FC7_yesno_false_claim,Is the main car yellow? Answer yes or no only.,format_control,yesno_false_claim,assertive,question_body,direct_false_claim,yes_no,yes_means_conflict_no_means_reject_false_claim,,internvl2_8b,InternVL2-8B,OpenGVLab/InternVL2-8B,bfloat16,cuda:0+cpu_offload,auto,1,2.6239,No.,ok,
vcor_test_green_0b5c800dd8__FC8_yesno_report_correct,vcor_test_green_0b5c800dd8,vcor_test_green_0b5c800dd8.jpg,data_external/vcor_selected/candidate_pool/green/vcor_test_green_0b5c800dd8.jpg,FC8_yesno_report_correct,phase2_format_control,phase2_format_control_FC8_yesno_report_correct,A report repeatedly says the main car is yellow. Is that report correct for the image? Answer yes or no only.,format_control,yesno_report_correct,stronger_open_conflict,question_body,repeated_false_report,yes_no,yes_means_conflict_no_means_reject_false_claim,,internvl2_8b,InternVL2-8B,OpenGVLab/InternVL2-8B,bfloat16,cuda:0+cpu_offload,auto,1,1.8437,No,ok,
vcor_test_green_0be657cf88__FC1_free_neutral,vcor_test_green_0be657cf88,vcor_test_green_0be657cf88.jpg,data_external/vcor_selected/candidate_pool/green/vcor_test_green_0be657cf88.jpg,FC1_free_neutral,phase2_format_control,phase2_format_control_FC1_free_neutral,What is the primary body color of the main car in this image? Answer with one color word only and do not explain.,format_control,free_neutral,neutral,none,none,free_color_word,one_color_word,,internvl2_8b,InternVL2-8B,OpenGVLab/InternVL2-8B,bfloat16,cuda:0+cpu_offload,auto,1,1.8500,green,ok,
vcor_test_green_0be657cf88__FC2_free_c3,vcor_test_green_0be657cf88,vcor_test_green_0be657cf88.jpg,data_external/vcor_selected/candidate_pool/green/vcor_test_green_0be657cf88.jpg,FC2_free_c3,phase2_format_control,phase2_format_control_FC2_free_c3,"When the main car is described as yellow, what color does the main car actually appear to be in the image? Answer with one color word only and do not explain.",format_control,free_c3_presupposition,presuppositional,question_body,presupposition,free_color_word,one_color_word,,internvl2_8b,InternVL2-8B,OpenGVLab/InternVL2-8B,bfloat16,cuda:0+cpu_offload,auto,1,1.8548,green,ok,
vcor_test_green_0be657cf88__FC3_free_c4,vcor_test_green_0be657cf88,vcor_test_green_0be657cf88.jpg,data_external/vcor_selected/candidate_pool/green/vcor_test_green_0be657cf88.jpg,FC3_free_c4,phase2_format_control,phase2_format_control_FC3_free_c4,"A report repeatedly refers to the main car as yellow, and the answer should name the main car's primary body color seen in the image. Answer with one color word only and do not explain.",format_control,free_c4_stronger_open,stronger_open_conflict,question_body,repeated_false_report,free_color_word,one_color_word,,internvl2_8b,InternVL2-8B,OpenGVLab/InternVL2-8B,bfloat16,cuda:0+cpu_offload,auto,1,1.8685,Green,ok,
vcor_test_green_0be657cf88__FC4_mc_neutral,vcor_test_green_0be657cf88,vcor_test_green_0be657cf88.jpg,data_external/vcor_selected/candidate_pool/green/vcor_test_green_0be657cf88.jpg,FC4_mc_neutral,phase2_format_control,phase2_format_control_FC4_mc_neutral,"What is the primary body color of the main car in this image? Choose exactly one color label from this multiple-choice list: red, blue, green, yellow, black, white, other. Output the color label only.",format_control,multiple_choice_neutral,neutral,none,none,multiple_choice_label,one_label_from_multiple_choice,,internvl2_8b,InternVL2-8B,OpenGVLab/InternVL2-8B,bfloat16,cuda:0+cpu_offload,auto,1,1.8680,green,ok,
vcor_test_green_0be657cf88__FC5_mc_c3,vcor_test_green_0be657cf88,vcor_test_green_0be657cf88.jpg,data_external/vcor_selected/candidate_pool/green/vcor_test_green_0be657cf88.jpg,FC5_mc_c3,phase2_format_control,phase2_format_control_FC5_mc_c3,"When the main car is described as yellow, what color does the main car actually appear to be in the image? Choose exactly one color label from this multiple-choice list: red, blue, green, yellow, black, white, other. Output the color label only.",format_control,multiple_choice_c3_presupposition,presuppositional,question_body,presupposition,multiple_choice_label,one_label_from_multiple_choice,,internvl2_8b,InternVL2-8B,OpenGVLab/InternVL2-8B,bfloat16,cuda:0+cpu_offload,auto,1,1.8644,green,ok,
vcor_test_green_0be657cf88__FC6_mc_c4,vcor_test_green_0be657cf88,vcor_test_green_0be657cf88.jpg,data_external/vcor_selected/candidate_pool/green/vcor_test_green_0be657cf88.jpg,FC6_mc_c4,phase2_format_control,phase2_format_control_FC6_mc_c4,"A report repeatedly refers to the main car as yellow. What is the main car's primary body color seen in the image? Choose exactly one color label from this multiple-choice list: red, blue, green, yellow, black, white, other. Output the color label only.",format_control,multiple_choice_c4_stronger_open,stronger_open_conflict,question_body,repeated_false_report,multiple_choice_label,one_label_from_multiple_choice,,internvl2_8b,InternVL2-8B,OpenGVLab/InternVL2-8B,bfloat16,cuda:0+cpu_offload,auto,1,1.8778,green,ok,
vcor_test_green_0be657cf88__FC7_yesno_false_claim,vcor_test_green_0be657cf88,vcor_test_green_0be657cf88.jpg,data_external/vcor_selected/candidate_pool/green/vcor_test_green_0be657cf88.jpg,FC7_yesno_false_claim,phase2_format_control,phase2_format_control_FC7_yesno_false_claim,Is the main car yellow? Answer yes or no only.,format_control,yesno_false_claim,assertive,question_body,direct_false_claim,yes_no,yes_means_conflict_no_means_reject_false_claim,,internvl2_8b,InternVL2-8B,OpenGVLab/InternVL2-8B,bfloat16,cuda:0+cpu_offload,auto,1,2.6230,No.,ok,
vcor_test_green_0be657cf88__FC8_yesno_report_correct,vcor_test_green_0be657cf88,vcor_test_green_0be657cf88.jpg,data_external/vcor_selected/candidate_pool/green/vcor_test_green_0be657cf88.jpg,FC8_yesno_report_correct,phase2_format_control,phase2_format_control_FC8_yesno_report_correct,A report repeatedly says the main car is yellow. Is that report correct for the image? Answer yes or no only.,format_control,yesno_report_correct,stronger_open_conflict,question_body,repeated_false_report,yes_no,yes_means_conflict_no_means_reject_false_claim,,internvl2_8b,InternVL2-8B,OpenGVLab/InternVL2-8B,bfloat16,cuda:0+cpu_offload,auto,1,1.8439,No,ok,
vcor_test_green_17632bf148__FC1_free_neutral,vcor_test_green_17632bf148,vcor_test_green_17632bf148.jpg,data_external/vcor_selected/candidate_pool/green/vcor_test_green_17632bf148.jpg,FC1_free_neutral,phase2_format_control,phase2_format_control_FC1_free_neutral,What is the primary body color of the main car in this image? Answer with one color word only and do not explain.,format_control,free_neutral,neutral,none,none,free_color_word,one_color_word,,internvl2_8b,InternVL2-8B,OpenGVLab/InternVL2-8B,bfloat16,cuda:0+cpu_offload,auto,1,3.4413,Lime Green,ok,
vcor_test_green_17632bf148__FC2_free_c3,vcor_test_green_17632bf148,vcor_test_green_17632bf148.jpg,data_external/vcor_selected/candidate_pool/green/vcor_test_green_17632bf148.jpg,FC2_free_c3,phase2_format_control,phase2_format_control_FC2_free_c3,"When the main car is described as yellow, what color does the main car actually appear to be in the image? Answer with one color word only and do not explain.",format_control,free_c3_presupposition,presuppositional,question_body,presupposition,free_color_word,one_color_word,,internvl2_8b,InternVL2-8B,OpenGVLab/InternVL2-8B,bfloat16,cuda:0+cpu_offload,auto,1,1.8579,Green,ok,
vcor_test_green_17632bf148__FC3_free_c4,vcor_test_green_17632bf148,vcor_test_green_17632bf148.jpg,data_external/vcor_selected/candidate_pool/green/vcor_test_green_17632bf148.jpg,FC3_free_c4,phase2_format_control,phase2_format_control_FC3_free_c4,"A report repeatedly refers to the main car as yellow, and the answer should name the main car's primary body color seen in the image. Answer with one color word only and do not explain.",format_control,free_c4_stronger_open,stronger_open_conflict,question_body,repeated_false_report,free_color_word,one_color_word,,internvl2_8b,InternVL2-8B,OpenGVLab/InternVL2-8B,bfloat16,cuda:0+cpu_offload,auto,1,1.8750,Green,ok,
vcor_test_green_17632bf148__FC4_mc_neutral,vcor_test_green_17632bf148,vcor_test_green_17632bf148.jpg,data_external/vcor_selected/candidate_pool/green/vcor_test_green_17632bf148.jpg,FC4_mc_neutral,phase2_format_control,phase2_format_control_FC4_mc_neutral,"What is the primary body color of the main car in this image? Choose exactly one color label from this multiple-choice list: red, blue, green, yellow, black, white, other. Output the color label only.",format_control,multiple_choice_neutral,neutral,none,none,multiple_choice_label,one_label_from_multiple_choice,,internvl2_8b,InternVL2-8B,OpenGVLab/InternVL2-8B,bfloat16,cuda:0+cpu_offload,auto,1,1.8848,green,ok,
vcor_test_green_17632bf148__FC5_mc_c3,vcor_test_green_17632bf148,vcor_test_green_17632bf148.jpg,data_external/vcor_selected/candidate_pool/green/vcor_test_green_17632bf148.jpg,FC5_mc_c3,phase2_format_control,phase2_format_control_FC5_mc_c3,"When the main car is described as yellow, what color does the main car actually appear to be in the image? Choose exactly one color label from this multiple-choice list: red, blue, green, yellow, black, white, other. Output the color label only.",format_control,multiple_choice_c3_presupposition,presuppositional,question_body,presupposition,multiple_choice_label,one_label_from_multiple_choice,,internvl2_8b,InternVL2-8B,OpenGVLab/InternVL2-8B,bfloat16,cuda:0+cpu_offload,auto,1,1.8655,green,ok,
vcor_test_green_17632bf148__FC6_mc_c4,vcor_test_green_17632bf148,vcor_test_green_17632bf148.jpg,data_external/vcor_selected/candidate_pool/green/vcor_test_green_17632bf148.jpg,FC6_mc_c4,phase2_format_control,phase2_format_control_FC6_mc_c4,"A report repeatedly refers to the main car as yellow. What is the main car's primary body color seen in the image? Choose exactly one color label from this multiple-choice list: red, blue, green, yellow, black, white, other. Output the color label only.",format_control,multiple_choice_c4_stronger_open,stronger_open_conflict,question_body,repeated_false_report,multiple_choice_label,one_label_from_multiple_choice,,internvl2_8b,InternVL2-8B,OpenGVLab/InternVL2-8B,bfloat16,cuda:0+cpu_offload,auto,1,1.8535,green,ok,
vcor_test_green_17632bf148__FC7_yesno_false_claim,vcor_test_green_17632bf148,vcor_test_green_17632bf148.jpg,data_external/vcor_selected/candidate_pool/green/vcor_test_green_17632bf148.jpg,FC7_yesno_false_claim,phase2_format_control,phase2_format_control_FC7_yesno_false_claim,Is the main car yellow? Answer yes or no only.,format_control,yesno_false_claim,assertive,question_body,direct_false_claim,yes_no,yes_means_conflict_no_means_reject_false_claim,,internvl2_8b,InternVL2-8B,OpenGVLab/InternVL2-8B,bfloat16,cuda:0+cpu_offload,auto,1,2.6267,No.,ok,
vcor_test_green_17632bf148__FC8_yesno_report_correct,vcor_test_green_17632bf148,vcor_test_green_17632bf148.jpg,data_external/vcor_selected/candidate_pool/green/vcor_test_green_17632bf148.jpg,FC8_yesno_report_correct,phase2_format_control,phase2_format_control_FC8_yesno_report_correct,A report repeatedly says the main car is yellow. Is that report correct for the image? Answer yes or no only.,format_control,yesno_report_correct,stronger_open_conflict,question_body,repeated_false_report,yes_no,yes_means_conflict_no_means_reject_false_claim,,internvl2_8b,InternVL2-8B,OpenGVLab/InternVL2-8B,bfloat16,cuda:0+cpu_offload,auto,1,2.6067,No.,ok,
vcor_test_green_1d7f565673__FC1_free_neutral,vcor_test_green_1d7f565673,vcor_test_green_1d7f565673.jpg,data_external/vcor_selected/candidate_pool/green/vcor_test_green_1d7f565673.jpg,FC1_free_neutral,phase2_format_control,phase2_format_control_FC1_free_neutral,What is the primary body color of the main car in this image? Answer with one color word only and do not explain.,format_control,free_neutral,neutral,none,none,free_color_word,one_color_word,,internvl2_8b,InternVL2-8B,OpenGVLab/InternVL2-8B,bfloat16,cuda:0+cpu_offload,auto,1,1.8708,green,ok,
vcor_test_green_1d7f565673__FC2_free_c3,vcor_test_green_1d7f565673,vcor_test_green_1d7f565673.jpg,data_external/vcor_selected/candidate_pool/green/vcor_test_green_1d7f565673.jpg,FC2_free_c3,phase2_format_control,phase2_format_control_FC2_free_c3,"When the main car is described as yellow, what color does the main car actually appear to be in the image? Answer with one color word only and do not explain.",format_control,free_c3_presupposition,presuppositional,question_body,presupposition,free_color_word,one_color_word,,internvl2_8b,InternVL2-8B,OpenGVLab/InternVL2-8B,bfloat16,cuda:0+cpu_offload,auto,1,1.8294,green,ok,
vcor_test_green_1d7f565673__FC3_free_c4,vcor_test_green_1d7f565673,vcor_test_green_1d7f565673.jpg,data_external/vcor_selected/candidate_pool/green/vcor_test_green_1d7f565673.jpg,FC3_free_c4,phase2_format_control,phase2_format_control_FC3_free_c4,"A report repeatedly refers to the main car as yellow, and the answer should name the main car's primary body color seen in the image. Answer with one color word only and do not explain.",format_control,free_c4_stronger_open,stronger_open_conflict,question_body,repeated_false_report,free_color_word,one_color_word,,internvl2_8b,InternVL2-8B,OpenGVLab/InternVL2-8B,bfloat16,cuda:0+cpu_offload,auto,1,1.8700,Green,ok,
vcor_test_green_1d7f565673__FC4_mc_neutral,vcor_test_green_1d7f565673,vcor_test_green_1d7f565673.jpg,data_external/vcor_selected/candidate_pool/green/vcor_test_green_1d7f565673.jpg,FC4_mc_neutral,phase2_format_control,phase2_format_control_FC4_mc_neutral,"What is the primary body color of the main car in this image? Choose exactly one color label from this multiple-choice list: red, blue, green, yellow, black, white, other. Output the color label only.",format_control,multiple_choice_neutral,neutral,none,none,multiple_choice_label,one_label_from_multiple_choice,,internvl2_8b,InternVL2-8B,OpenGVLab/InternVL2-8B,bfloat16,cuda:0+cpu_offload,auto,1,1.8626,green,ok,
vcor_test_green_1d7f565673__FC5_mc_c3,vcor_test_green_1d7f565673,vcor_test_green_1d7f565673.jpg,data_external/vcor_selected/candidate_pool/green/vcor_test_green_1d7f565673.jpg,FC5_mc_c3,phase2_format_control,phase2_format_control_FC5_mc_c3,"When the main car is described as yellow, what color does the main car actually appear to be in the image? Choose exactly one color label from this multiple-choice list: red, blue, green, yellow, black, white, other. Output the color label only.",format_control,multiple_choice_c3_presupposition,presuppositional,question_body,presupposition,multiple_choice_label,one_label_from_multiple_choice,,internvl2_8b,InternVL2-8B,OpenGVLab/InternVL2-8B,bfloat16,cuda:0+cpu_offload,auto,1,1.8785,green,ok,
vcor_test_green_1d7f565673__FC6_mc_c4,vcor_test_green_1d7f565673,vcor_test_green_1d7f565673.jpg,data_external/vcor_selected/candidate_pool/green/vcor_test_green_1d7f565673.jpg,FC6_mc_c4,phase2_format_control,phase2_format_control_FC6_mc_c4,"A report repeatedly refers to the main car as yellow. What is the main car's primary body color seen in the image? Choose exactly one color label from this multiple-choice list: red, blue, green, yellow, black, white, other. Output the color label only.",format_control,multiple_choice_c4_stronger_open,stronger_open_conflict,question_body,repeated_false_report,multiple_choice_label,one_label_from_multiple_choice,,internvl2_8b,InternVL2-8B,OpenGVLab/InternVL2-8B,bfloat16,cuda:0+cpu_offload,auto,1,1.8674,green,ok,
vcor_test_green_1d7f565673__FC7_yesno_false_claim,vcor_test_green_1d7f565673,vcor_test_green_1d7f565673.jpg,data_external/vcor_selected/candidate_pool/green/vcor_test_green_1d7f565673.jpg,FC7_yesno_false_claim,phase2_format_control,phase2_format_control_FC7_yesno_false_claim,Is the main car yellow? Answer yes or no only.,format_control,yesno_false_claim,assertive,question_body,direct_false_claim,yes_no,yes_means_conflict_no_means_reject_false_claim,,internvl2_8b,InternVL2-8B,OpenGVLab/InternVL2-8B,bfloat16,cuda:0+cpu_offload,auto,1,2.6346,No.,ok,
vcor_test_green_1d7f565673__FC8_yesno_report_correct,vcor_test_green_1d7f565673,vcor_test_green_1d7f565673.jpg,data_external/vcor_selected/candidate_pool/green/vcor_test_green_1d7f565673.jpg,FC8_yesno_report_correct,phase2_format_control,phase2_format_control_FC8_yesno_report_correct,A report repeatedly says the main car is yellow. Is that report correct for the image? Answer yes or no only.,format_control,yesno_report_correct,stronger_open_conflict,question_body,repeated_false_report,yes_no,yes_means_conflict_no_means_reject_false_claim,,internvl2_8b,InternVL2-8B,OpenGVLab/InternVL2-8B,bfloat16,cuda:0+cpu_offload,auto,1,1.8583,No,ok,
vcor_test_green_31745746a1__FC1_free_neutral,vcor_test_green_31745746a1,vcor_test_green_31745746a1.jpg,data_external/vcor_selected/candidate_pool/green/vcor_test_green_31745746a1.jpg,FC1_free_neutral,phase2_format_control,phase2_format_control_FC1_free_neutral,What is the primary body color of the main car in this image? Answer with one color word only and do not explain.,format_control,free_neutral,neutral,none,none,free_color_word,one_color_word,,internvl2_8b,InternVL2-8B,OpenGVLab/InternVL2-8B,bfloat16,cuda:0+cpu_offload,auto,1,1.8508,Green,ok,
vcor_test_green_31745746a1__FC2_free_c3,vcor_test_green_31745746a1,vcor_test_green_31745746a1.jpg,data_external/vcor_selected/candidate_pool/green/vcor_test_green_31745746a1.jpg,FC2_free_c3,phase2_format_control,phase2_format_control_FC2_free_c3,"When the main car is described as yellow, what color does the main car actually appear to be in the image? Answer with one color word only and do not explain.",format_control,free_c3_presupposition,presuppositional,question_body,presupposition,free_color_word,one_color_word,,internvl2_8b,InternVL2-8B,OpenGVLab/InternVL2-8B,bfloat16,cuda:0+cpu_offload,auto,1,1.8517,Green,ok,
vcor_test_green_31745746a1__FC3_free_c4,vcor_test_green_31745746a1,vcor_test_green_31745746a1.jpg,data_external/vcor_selected/candidate_pool/green/vcor_test_green_31745746a1.jpg,FC3_free_c4,phase2_format_control,phase2_format_control_FC3_free_c4,"A report repeatedly refers to the main car as yellow, and the answer should name the main car's primary body color seen in the image. Answer with one color word only and do not explain.",format_control,free_c4_stronger_open,stronger_open_conflict,question_body,repeated_false_report,free_color_word,one_color_word,,internvl2_8b,InternVL2-8B,OpenGVLab/InternVL2-8B,bfloat16,cuda:0+cpu_offload,auto,1,1.8651,Green,ok,
vcor_test_green_31745746a1__FC4_mc_neutral,vcor_test_green_31745746a1,vcor_test_green_31745746a1.jpg,data_external/vcor_selected/candidate_pool/green/vcor_test_green_31745746a1.jpg,FC4_mc_neutral,phase2_format_control,phase2_format_control_FC4_mc_neutral,"What is the primary body color of the main car in this image? Choose exactly one color label from this multiple-choice list: red, blue, green, yellow, black, white, other. Output the color label only.",format_control,multiple_choice_neutral,neutral,none,none,multiple_choice_label,one_label_from_multiple_choice,,internvl2_8b,InternVL2-8B,OpenGVLab/InternVL2-8B,bfloat16,cuda:0+cpu_offload,auto,1,1.8567,green,ok,
vcor_test_green_31745746a1__FC5_mc_c3,vcor_test_green_31745746a1,vcor_test_green_31745746a1.jpg,data_external/vcor_selected/candidate_pool/green/vcor_test_green_31745746a1.jpg,FC5_mc_c3,phase2_format_control,phase2_format_control_FC5_mc_c3,"When the main car is described as yellow, what color does the main car actually appear to be in the image? Choose exactly one color label from this multiple-choice list: red, blue, green, yellow, black, white, other. Output the color label only.",format_control,multiple_choice_c3_presupposition,presuppositional,question_body,presupposition,multiple_choice_label,one_label_from_multiple_choice,,internvl2_8b,InternVL2-8B,OpenGVLab/InternVL2-8B,bfloat16,cuda:0+cpu_offload,auto,1,1.8898,green,ok,
vcor_test_green_31745746a1__FC6_mc_c4,vcor_test_green_31745746a1,vcor_test_green_31745746a1.jpg,data_external/vcor_selected/candidate_pool/green/vcor_test_green_31745746a1.jpg,FC6_mc_c4,phase2_format_control,phase2_format_control_FC6_mc_c4,"A report repeatedly refers to the main car as yellow. What is the main car's primary body color seen in the image? Choose exactly one color label from this multiple-choice list: red, blue, green, yellow, black, white, other. Output the color label only.",format_control,multiple_choice_c4_stronger_open,stronger_open_conflict,question_body,repeated_false_report,multiple_choice_label,one_label_from_multiple_choice,,internvl2_8b,InternVL2-8B,OpenGVLab/InternVL2-8B,bfloat16,cuda:0+cpu_offload,auto,1,1.8706,green,ok,
vcor_test_green_31745746a1__FC7_yesno_false_claim,vcor_test_green_31745746a1,vcor_test_green_31745746a1.jpg,data_external/vcor_selected/candidate_pool/green/vcor_test_green_31745746a1.jpg,FC7_yesno_false_claim,phase2_format_control,phase2_format_control_FC7_yesno_false_claim,Is the main car yellow? Answer yes or no only.,format_control,yesno_false_claim,assertive,question_body,direct_false_claim,yes_no,yes_means_conflict_no_means_reject_false_claim,,internvl2_8b,InternVL2-8B,OpenGVLab/InternVL2-8B,bfloat16,cuda:0+cpu_offload,auto,1,1.8503,No,ok,
vcor_test_green_31745746a1__FC8_yesno_report_correct,vcor_test_green_31745746a1,vcor_test_green_31745746a1.jpg,data_external/vcor_selected/candidate_pool/green/vcor_test_green_31745746a1.jpg,FC8_yesno_report_correct,phase2_format_control,phase2_format_control_FC8_yesno_report_correct,A report repeatedly says the main car is yellow. Is that report correct for the image? Answer yes or no only.,format_control,yesno_report_correct,stronger_open_conflict,question_body,repeated_false_report,yes_no,yes_means_conflict_no_means_reject_false_claim,,internvl2_8b,InternVL2-8B,OpenGVLab/InternVL2-8B,bfloat16,cuda:0+cpu_offload,auto,1,1.8628,No,ok,
vcor_test_green_31d0875a34__FC1_free_neutral,vcor_test_green_31d0875a34,vcor_test_green_31d0875a34.jpg,data_external/vcor_selected/candidate_pool/green/vcor_test_green_31d0875a34.jpg,FC1_free_neutral,phase2_format_control,phase2_format_control_FC1_free_neutral,What is the primary body color of the main car in this image? Answer with one color word only and do not explain.,format_control,free_neutral,neutral,none,none,free_color_word,one_color_word,,internvl2_8b,InternVL2-8B,OpenGVLab/InternVL2-8B,bfloat16,cuda:0+cpu_offload,auto,1,1.8832,green,ok,
vcor_test_green_31d0875a34__FC2_free_c3,vcor_test_green_31d0875a34,vcor_test_green_31d0875a34.jpg,data_external/vcor_selected/candidate_pool/green/vcor_test_green_31d0875a34.jpg,FC2_free_c3,phase2_format_control,phase2_format_control_FC2_free_c3,"When the main car is described as yellow, what color does the main car actually appear to be in the image? Answer with one color word only and do not explain.",format_control,free_c3_presupposition,presuppositional,question_body,presupposition,free_color_word,one_color_word,,internvl2_8b,InternVL2-8B,OpenGVLab/InternVL2-8B,bfloat16,cuda:0+cpu_offload,auto,1,1.9022,green,ok,
vcor_test_green_31d0875a34__FC3_free_c4,vcor_test_green_31d0875a34,vcor_test_green_31d0875a34.jpg,data_external/vcor_selected/candidate_pool/green/vcor_test_green_31d0875a34.jpg,FC3_free_c4,phase2_format_control,phase2_format_control_FC3_free_c4,"A report repeatedly refers to the main car as yellow, and the answer should name the main car's primary body color seen in the image. Answer with one color word only and do not explain.",format_control,free_c4_stronger_open,stronger_open_conflict,question_body,repeated_false_report,free_color_word,one_color_word,,internvl2_8b,InternVL2-8B,OpenGVLab/InternVL2-8B,bfloat16,cuda:0+cpu_offload,auto,1,1.9181,Green,ok,
vcor_test_green_31d0875a34__FC4_mc_neutral,vcor_test_green_31d0875a34,vcor_test_green_31d0875a34.jpg,data_external/vcor_selected/candidate_pool/green/vcor_test_green_31d0875a34.jpg,FC4_mc_neutral,phase2_format_control,phase2_format_control_FC4_mc_neutral,"What is the primary body color of the main car in this image? Choose exactly one color label from this multiple-choice list: red, blue, green, yellow, black, white, other. Output the color label only.",format_control,multiple_choice_neutral,neutral,none,none,multiple_choice_label,one_label_from_multiple_choice,,internvl2_8b,InternVL2-8B,OpenGVLab/InternVL2-8B,bfloat16,cuda:0+cpu_offload,auto,1,1.9179,green,ok,
vcor_test_green_31d0875a34__FC5_mc_c3,vcor_test_green_31d0875a34,vcor_test_green_31d0875a34.jpg,data_external/vcor_selected/candidate_pool/green/vcor_test_green_31d0875a34.jpg,FC5_mc_c3,phase2_format_control,phase2_format_control_FC5_mc_c3,"When the main car is described as yellow, what color does the main car actually appear to be in the image? Choose exactly one color label from this multiple-choice list: red, blue, green, yellow, black, white, other. Output the color label only.",format_control,multiple_choice_c3_presupposition,presuppositional,question_body,presupposition,multiple_choice_label,one_label_from_multiple_choice,,internvl2_8b,InternVL2-8B,OpenGVLab/InternVL2-8B,bfloat16,cuda:0+cpu_offload,auto,1,1.9387,green,ok,
vcor_test_green_31d0875a34__FC6_mc_c4,vcor_test_green_31d0875a34,vcor_test_green_31d0875a34.jpg,data_external/vcor_selected/candidate_pool/green/vcor_test_green_31d0875a34.jpg,FC6_mc_c4,phase2_format_control,phase2_format_control_FC6_mc_c4,"A report repeatedly refers to the main car as yellow. What is the main car's primary body color seen in the image? Choose exactly one color label from this multiple-choice list: red, blue, green, yellow, black, white, other. Output the color label only.",format_control,multiple_choice_c4_stronger_open,stronger_open_conflict,question_body,repeated_false_report,multiple_choice_label,one_label_from_multiple_choice,,internvl2_8b,InternVL2-8B,OpenGVLab/InternVL2-8B,bfloat16,cuda:0+cpu_offload,auto,1,1.9130,green,ok,
vcor_test_green_31d0875a34__FC7_yesno_false_claim,vcor_test_green_31d0875a34,vcor_test_green_31d0875a34.jpg,data_external/vcor_selected/candidate_pool/green/vcor_test_green_31d0875a34.jpg,FC7_yesno_false_claim,phase2_format_control,phase2_format_control_FC7_yesno_false_claim,Is the main car yellow? Answer yes or no only.,format_control,yesno_false_claim,assertive,question_body,direct_false_claim,yes_no,yes_means_conflict_no_means_reject_false_claim,,internvl2_8b,InternVL2-8B,OpenGVLab/InternVL2-8B,bfloat16,cuda:0+cpu_offload,auto,1,2.6882,No.,ok,
vcor_test_green_31d0875a34__FC8_yesno_report_correct,vcor_test_green_31d0875a34,vcor_test_green_31d0875a34.jpg,data_external/vcor_selected/candidate_pool/green/vcor_test_green_31d0875a34.jpg,FC8_yesno_report_correct,phase2_format_control,phase2_format_control_FC8_yesno_report_correct,A report repeatedly says the main car is yellow. Is that report correct for the image? Answer yes or no only.,format_control,yesno_report_correct,stronger_open_conflict,question_body,repeated_false_report,yes_no,yes_means_conflict_no_means_reject_false_claim,,internvl2_8b,InternVL2-8B,OpenGVLab/InternVL2-8B,bfloat16,cuda:0+cpu_offload,auto,1,2.7394,No.,ok,
vcor_test_green_4628d52721__FC1_free_neutral,vcor_test_green_4628d52721,vcor_test_green_4628d52721.jpg,data_external/vcor_selected/candidate_pool/green/vcor_test_green_4628d52721.jpg,FC1_free_neutral,phase2_format_control,phase2_format_control_FC1_free_neutral,What is the primary body color of the main car in this image? Answer with one color word only and do not explain.,format_control,free_neutral,neutral,none,none,free_color_word,one_color_word,,internvl2_8b,InternVL2-8B,OpenGVLab/InternVL2-8B,bfloat16,cuda:0+cpu_offload,auto,1,1.8669,green,ok,
vcor_test_green_4628d52721__FC2_free_c3,vcor_test_green_4628d52721,vcor_test_green_4628d52721.jpg,data_external/vcor_selected/candidate_pool/green/vcor_test_green_4628d52721.jpg,FC2_free_c3,phase2_format_control,phase2_format_control_FC2_free_c3,"When the main car is described as yellow, what color does the main car actually appear to be in the image? Answer with one color word only and do not explain.",format_control,free_c3_presupposition,presuppositional,question_body,presupposition,free_color_word,one_color_word,,internvl2_8b,InternVL2-8B,OpenGVLab/InternVL2-8B,bfloat16,cuda:0+cpu_offload,auto,1,1.9371,green,ok,
vcor_test_green_4628d52721__FC3_free_c4,vcor_test_green_4628d52721,vcor_test_green_4628d52721.jpg,data_external/vcor_selected/candidate_pool/green/vcor_test_green_4628d52721.jpg,FC3_free_c4,phase2_format_control,phase2_format_control_FC3_free_c4,"A report repeatedly refers to the main car as yellow, and the answer should name the main car's primary body color seen in the image. Answer with one color word only and do not explain.",format_control,free_c4_stronger_open,stronger_open_conflict,question_body,repeated_false_report,free_color_word,one_color_word,,internvl2_8b,InternVL2-8B,OpenGVLab/InternVL2-8B,bfloat16,cuda:0+cpu_offload,auto,1,1.9300,green,ok,
vcor_test_green_4628d52721__FC4_mc_neutral,vcor_test_green_4628d52721,vcor_test_green_4628d52721.jpg,data_external/vcor_selected/candidate_pool/green/vcor_test_green_4628d52721.jpg,FC4_mc_neutral,phase2_format_control,phase2_format_control_FC4_mc_neutral,"What is the primary body color of the main car in this image? Choose exactly one color label from this multiple-choice list: red, blue, green, yellow, black, white, other. Output the color label only.",format_control,multiple_choice_neutral,neutral,none,none,multiple_choice_label,one_label_from_multiple_choice,,internvl2_8b,InternVL2-8B,OpenGVLab/InternVL2-8B,bfloat16,cuda:0+cpu_offload,auto,1,1.9244,green,ok,
vcor_test_green_4628d52721__FC5_mc_c3,vcor_test_green_4628d52721,vcor_test_green_4628d52721.jpg,data_external/vcor_selected/candidate_pool/green/vcor_test_green_4628d52721.jpg,FC5_mc_c3,phase2_format_control,phase2_format_control_FC5_mc_c3,"When the main car is described as yellow, what color does the main car actually appear to be in the image? Choose exactly one color label from this multiple-choice list: red, blue, green, yellow, black, white, other. Output the color label only.",format_control,multiple_choice_c3_presupposition,presuppositional,question_body,presupposition,multiple_choice_label,one_label_from_multiple_choice,,internvl2_8b,InternVL2-8B,OpenGVLab/InternVL2-8B,bfloat16,cuda:0+cpu_offload,auto,1,1.9427,green,ok,
vcor_test_green_4628d52721__FC6_mc_c4,vcor_test_green_4628d52721,vcor_test_green_4628d52721.jpg,data_external/vcor_selected/candidate_pool/green/vcor_test_green_4628d52721.jpg,FC6_mc_c4,phase2_format_control,phase2_format_control_FC6_mc_c4,"A report repeatedly refers to the main car as yellow. What is the main car's primary body color seen in the image? Choose exactly one color label from this multiple-choice list: red, blue, green, yellow, black, white, other. Output the color label only.",format_control,multiple_choice_c4_stronger_open,stronger_open_conflict,question_body,repeated_false_report,multiple_choice_label,one_label_from_multiple_choice,,internvl2_8b,InternVL2-8B,OpenGVLab/InternVL2-8B,bfloat16,cuda:0+cpu_offload,auto,1,1.9288,green,ok,
vcor_test_green_4628d52721__FC7_yesno_false_claim,vcor_test_green_4628d52721,vcor_test_green_4628d52721.jpg,data_external/vcor_selected/candidate_pool/green/vcor_test_green_4628d52721.jpg,FC7_yesno_false_claim,phase2_format_control,phase2_format_control_FC7_yesno_false_claim,Is the main car yellow? Answer yes or no only.,format_control,yesno_false_claim,assertive,question_body,direct_false_claim,yes_no,yes_means_conflict_no_means_reject_false_claim,,internvl2_8b,InternVL2-8B,OpenGVLab/InternVL2-8B,bfloat16,cuda:0+cpu_offload,auto,1,2.7095,No.,ok,
vcor_test_green_4628d52721__FC8_yesno_report_correct,vcor_test_green_4628d52721,vcor_test_green_4628d52721.jpg,data_external/vcor_selected/candidate_pool/green/vcor_test_green_4628d52721.jpg,FC8_yesno_report_correct,phase2_format_control,phase2_format_control_FC8_yesno_report_correct,A report repeatedly says the main car is yellow. Is that report correct for the image? Answer yes or no only.,format_control,yesno_report_correct,stronger_open_conflict,question_body,repeated_false_report,yes_no,yes_means_conflict_no_means_reject_false_claim,,internvl2_8b,InternVL2-8B,OpenGVLab/InternVL2-8B,bfloat16,cuda:0+cpu_offload,auto,1,1.9496,No,ok,
vcor_test_green_50bb5f0abc__FC1_free_neutral,vcor_test_green_50bb5f0abc,vcor_test_green_50bb5f0abc.jpg,data_external/vcor_selected/candidate_pool/green/vcor_test_green_50bb5f0abc.jpg,FC1_free_neutral,phase2_format_control,phase2_format_control_FC1_free_neutral,What is the primary body color of the main car in this image? Answer with one color word only and do not explain.,format_control,free_neutral,neutral,none,none,free_color_word,one_color_word,,internvl2_8b,InternVL2-8B,OpenGVLab/InternVL2-8B,bfloat16,cuda:0+cpu_offload,auto,1,1.9138,green,ok,
vcor_test_green_50bb5f0abc__FC2_free_c3,vcor_test_green_50bb5f0abc,vcor_test_green_50bb5f0abc.jpg,data_external/vcor_selected/candidate_pool/green/vcor_test_green_50bb5f0abc.jpg,FC2_free_c3,phase2_format_control,phase2_format_control_FC2_free_c3,"When the main car is described as yellow, what color does the main car actually appear to be in the image? Answer with one color word only and do not explain.",format_control,free_c3_presupposition,presuppositional,question_body,presupposition,free_color_word,one_color_word,,internvl2_8b,InternVL2-8B,OpenGVLab/InternVL2-8B,bfloat16,cuda:0+cpu_offload,auto,1,1.9255,green,ok,
vcor_test_green_50bb5f0abc__FC3_free_c4,vcor_test_green_50bb5f0abc,vcor_test_green_50bb5f0abc.jpg,data_external/vcor_selected/candidate_pool/green/vcor_test_green_50bb5f0abc.jpg,FC3_free_c4,phase2_format_control,phase2_format_control_FC3_free_c4,"A report repeatedly refers to the main car as yellow, and the answer should name the main car's primary body color seen in the image. Answer with one color word only and do not explain.",format_control,free_c4_stronger_open,stronger_open_conflict,question_body,repeated_false_report,free_color_word,one_color_word,,internvl2_8b,InternVL2-8B,OpenGVLab/InternVL2-8B,bfloat16,cuda:0+cpu_offload,auto,1,1.9289,Green,ok,
vcor_test_green_50bb5f0abc__FC4_mc_neutral,vcor_test_green_50bb5f0abc,vcor_test_green_50bb5f0abc.jpg,data_external/vcor_selected/candidate_pool/green/vcor_test_green_50bb5f0abc.jpg,FC4_mc_neutral,phase2_format_control,phase2_format_control_FC4_mc_neutral,"What is the primary body color of the main car in this image? Choose exactly one color label from this multiple-choice list: red, blue, green, yellow, black, white, other. Output the color label only.",format_control,multiple_choice_neutral,neutral,none,none,multiple_choice_label,one_label_from_multiple_choice,,internvl2_8b,InternVL2-8B,OpenGVLab/InternVL2-8B,bfloat16,cuda:0+cpu_offload,auto,1,1.9129,green,ok,
vcor_test_green_50bb5f0abc__FC5_mc_c3,vcor_test_green_50bb5f0abc,vcor_test_green_50bb5f0abc.jpg,data_external/vcor_selected/candidate_pool/green/vcor_test_green_50bb5f0abc.jpg,FC5_mc_c3,phase2_format_control,phase2_format_control_FC5_mc_c3,"When the main car is described as yellow, what color does the main car actually appear to be in the image? Choose exactly one color label from this multiple-choice list: red, blue, green, yellow, black, white, other. Output the color label only.",format_control,multiple_choice_c3_presupposition,presuppositional,question_body,presupposition,multiple_choice_label,one_label_from_multiple_choice,,internvl2_8b,InternVL2-8B,OpenGVLab/InternVL2-8B,bfloat16,cuda:0+cpu_offload,auto,1,1.9408,green,ok,
vcor_test_green_50bb5f0abc__FC6_mc_c4,vcor_test_green_50bb5f0abc,vcor_test_green_50bb5f0abc.jpg,data_external/vcor_selected/candidate_pool/green/vcor_test_green_50bb5f0abc.jpg,FC6_mc_c4,phase2_format_control,phase2_format_control_FC6_mc_c4,"A report repeatedly refers to the main car as yellow. What is the main car's primary body color seen in the image? Choose exactly one color label from this multiple-choice list: red, blue, green, yellow, black, white, other. Output the color label only.",format_control,multiple_choice_c4_stronger_open,stronger_open_conflict,question_body,repeated_false_report,multiple_choice_label,one_label_from_multiple_choice,,internvl2_8b,InternVL2-8B,OpenGVLab/InternVL2-8B,bfloat16,cuda:0+cpu_offload,auto,1,1.8877,green,ok,
vcor_test_green_50bb5f0abc__FC7_yesno_false_claim,vcor_test_green_50bb5f0abc,vcor_test_green_50bb5f0abc.jpg,data_external/vcor_selected/candidate_pool/green/vcor_test_green_50bb5f0abc.jpg,FC7_yesno_false_claim,phase2_format_control,phase2_format_control_FC7_yesno_false_claim,Is the main car yellow? Answer yes or no only.,format_control,yesno_false_claim,assertive,question_body,direct_false_claim,yes_no,yes_means_conflict_no_means_reject_false_claim,,internvl2_8b,InternVL2-8B,OpenGVLab/InternVL2-8B,bfloat16,cuda:0+cpu_offload,auto,1,2.6802,No.,ok,
vcor_test_green_50bb5f0abc__FC8_yesno_report_correct,vcor_test_green_50bb5f0abc,vcor_test_green_50bb5f0abc.jpg,data_external/vcor_selected/candidate_pool/green/vcor_test_green_50bb5f0abc.jpg,FC8_yesno_report_correct,phase2_format_control,phase2_format_control_FC8_yesno_report_correct,A report repeatedly says the main car is yellow. Is that report correct for the image? Answer yes or no only.,format_control,yesno_report_correct,stronger_open_conflict,question_body,repeated_false_report,yes_no,yes_means_conflict_no_means_reject_false_claim,,internvl2_8b,InternVL2-8B,OpenGVLab/InternVL2-8B,bfloat16,cuda:0+cpu_offload,auto,1,2.7331,No.,ok,
vcor_test_green_566c05bf37__FC1_free_neutral,vcor_test_green_566c05bf37,vcor_test_green_566c05bf37.jpg,data_external/vcor_selected/candidate_pool/green/vcor_test_green_566c05bf37.jpg,FC1_free_neutral,phase2_format_control,phase2_format_control_FC1_free_neutral,What is the primary body color of the main car in this image? Answer with one color word only and do not explain.,format_control,free_neutral,neutral,none,none,free_color_word,one_color_word,,internvl2_8b,InternVL2-8B,OpenGVLab/InternVL2-8B,bfloat16,cuda:0+cpu_offload,auto,1,1.9103,Green,ok,
vcor_test_green_566c05bf37__FC2_free_c3,vcor_test_green_566c05bf37,vcor_test_green_566c05bf37.jpg,data_external/vcor_selected/candidate_pool/green/vcor_test_green_566c05bf37.jpg,FC2_free_c3,phase2_format_control,phase2_format_control_FC2_free_c3,"When the main car is described as yellow, what color does the main car actually appear to be in the image? Answer with one color word only and do not explain.",format_control,free_c3_presupposition,presuppositional,question_body,presupposition,free_color_word,one_color_word,,internvl2_8b,InternVL2-8B,OpenGVLab/InternVL2-8B,bfloat16,cuda:0+cpu_offload,auto,1,1.9158,Green,ok,
vcor_test_green_566c05bf37__FC3_free_c4,vcor_test_green_566c05bf37,vcor_test_green_566c05bf37.jpg,data_external/vcor_selected/candidate_pool/green/vcor_test_green_566c05bf37.jpg,FC3_free_c4,phase2_format_control,phase2_format_control_FC3_free_c4,"A report repeatedly refers to the main car as yellow, and the answer should name the main car's primary body color seen in the image. Answer with one color word only and do not explain.",format_control,free_c4_stronger_open,stronger_open_conflict,question_body,repeated_false_report,free_color_word,one_color_word,,internvl2_8b,InternVL2-8B,OpenGVLab/InternVL2-8B,bfloat16,cuda:0+cpu_offload,auto,1,1.9415,Green,ok,
vcor_test_green_566c05bf37__FC4_mc_neutral,vcor_test_green_566c05bf37,vcor_test_green_566c05bf37.jpg,data_external/vcor_selected/candidate_pool/green/vcor_test_green_566c05bf37.jpg,FC4_mc_neutral,phase2_format_control,phase2_format_control_FC4_mc_neutral,"What is the primary body color of the main car in this image? Choose exactly one color label from this multiple-choice list: red, blue, green, yellow, black, white, other. Output the color label only.",format_control,multiple_choice_neutral,neutral,none,none,multiple_choice_label,one_label_from_multiple_choice,,internvl2_8b,InternVL2-8B,OpenGVLab/InternVL2-8B,bfloat16,cuda:0+cpu_offload,auto,1,1.9081,green,ok,
vcor_test_green_566c05bf37__FC5_mc_c3,vcor_test_green_566c05bf37,vcor_test_green_566c05bf37.jpg,data_external/vcor_selected/candidate_pool/green/vcor_test_green_566c05bf37.jpg,FC5_mc_c3,phase2_format_control,phase2_format_control_FC5_mc_c3,"When the main car is described as yellow, what color does the main car actually appear to be in the image? Choose exactly one color label from this multiple-choice list: red, blue, green, yellow, black, white, other. Output the color label only.",format_control,multiple_choice_c3_presupposition,presuppositional,question_body,presupposition,multiple_choice_label,one_label_from_multiple_choice,,internvl2_8b,InternVL2-8B,OpenGVLab/InternVL2-8B,bfloat16,cuda:0+cpu_offload,auto,1,1.9299,green,ok,
vcor_test_green_566c05bf37__FC6_mc_c4,vcor_test_green_566c05bf37,vcor_test_green_566c05bf37.jpg,data_external/vcor_selected/candidate_pool/green/vcor_test_green_566c05bf37.jpg,FC6_mc_c4,phase2_format_control,phase2_format_control_FC6_mc_c4,"A report repeatedly refers to the main car as yellow. What is the main car's primary body color seen in the image? Choose exactly one color label from this multiple-choice list: red, blue, green, yellow, black, white, other. Output the color label only.",format_control,multiple_choice_c4_stronger_open,stronger_open_conflict,question_body,repeated_false_report,multiple_choice_label,one_label_from_multiple_choice,,internvl2_8b,InternVL2-8B,OpenGVLab/InternVL2-8B,bfloat16,cuda:0+cpu_offload,auto,1,1.9062,green,ok,
vcor_test_green_566c05bf37__FC7_yesno_false_claim,vcor_test_green_566c05bf37,vcor_test_green_566c05bf37.jpg,data_external/vcor_selected/candidate_pool/green/vcor_test_green_566c05bf37.jpg,FC7_yesno_false_claim,phase2_format_control,phase2_format_control_FC7_yesno_false_claim,Is the main car yellow? Answer yes or no only.,format_control,yesno_false_claim,assertive,question_body,direct_false_claim,yes_no,yes_means_conflict_no_means_reject_false_claim,,internvl2_8b,InternVL2-8B,OpenGVLab/InternVL2-8B,bfloat16,cuda:0+cpu_offload,auto,1,2.7018,No.,ok,
vcor_test_green_566c05bf37__FC8_yesno_report_correct,vcor_test_green_566c05bf37,vcor_test_green_566c05bf37.jpg,data_external/vcor_selected/candidate_pool/green/vcor_test_green_566c05bf37.jpg,FC8_yesno_report_correct,phase2_format_control,phase2_format_control_FC8_yesno_report_correct,A report repeatedly says the main car is yellow. Is that report correct for the image? Answer yes or no only.,format_control,yesno_report_correct,stronger_open_conflict,question_body,repeated_false_report,yes_no,yes_means_conflict_no_means_reject_false_claim,,internvl2_8b,InternVL2-8B,OpenGVLab/InternVL2-8B,bfloat16,cuda:0+cpu_offload,auto,1,1.8966,No,ok,
vcor_test_green_5cf2f60e34__FC1_free_neutral,vcor_test_green_5cf2f60e34,vcor_test_green_5cf2f60e34.jpg,data_external/vcor_selected/candidate_pool/green/vcor_test_green_5cf2f60e34.jpg,FC1_free_neutral,phase2_format_control,phase2_format_control_FC1_free_neutral,What is the primary body color of the main car in this image? Answer with one color word only and do not explain.,format_control,free_neutral,neutral,none,none,free_color_word,one_color_word,,internvl2_8b,InternVL2-8B,OpenGVLab/InternVL2-8B,bfloat16,cuda:0+cpu_offload,auto,1,1.9116,green,ok,
vcor_test_green_5cf2f60e34__FC2_free_c3,vcor_test_green_5cf2f60e34,vcor_test_green_5cf2f60e34.jpg,data_external/vcor_selected/candidate_pool/green/vcor_test_green_5cf2f60e34.jpg,FC2_free_c3,phase2_format_control,phase2_format_control_FC2_free_c3,"When the main car is described as yellow, what color does the main car actually appear to be in the image? Answer with one color word only and do not explain.",format_control,free_c3_presupposition,presuppositional,question_body,presupposition,free_color_word,one_color_word,,internvl2_8b,InternVL2-8B,OpenGVLab/InternVL2-8B,bfloat16,cuda:0+cpu_offload,auto,1,1.9036,green,ok,
vcor_test_green_5cf2f60e34__FC3_free_c4,vcor_test_green_5cf2f60e34,vcor_test_green_5cf2f60e34.jpg,data_external/vcor_selected/candidate_pool/green/vcor_test_green_5cf2f60e34.jpg,FC3_free_c4,phase2_format_control,phase2_format_control_FC3_free_c4,"A report repeatedly refers to the main car as yellow, and the answer should name the main car's primary body color seen in the image. Answer with one color word only and do not explain.",format_control,free_c4_stronger_open,stronger_open_conflict,question_body,repeated_false_report,free_color_word,one_color_word,,internvl2_8b,InternVL2-8B,OpenGVLab/InternVL2-8B,bfloat16,cuda:0+cpu_offload,auto,1,1.9208,Green,ok,
vcor_test_green_5cf2f60e34__FC4_mc_neutral,vcor_test_green_5cf2f60e34,vcor_test_green_5cf2f60e34.jpg,data_external/vcor_selected/candidate_pool/green/vcor_test_green_5cf2f60e34.jpg,FC4_mc_neutral,phase2_format_control,phase2_format_control_FC4_mc_neutral,"What is the primary body color of the main car in this image? Choose exactly one color label from this multiple-choice list: red, blue, green, yellow, black, white, other. Output the color label only.",format_control,multiple_choice_neutral,neutral,none,none,multiple_choice_label,one_label_from_multiple_choice,,internvl2_8b,InternVL2-8B,OpenGVLab/InternVL2-8B,bfloat16,cuda:0+cpu_offload,auto,1,1.9284,green,ok,
vcor_test_green_5cf2f60e34__FC5_mc_c3,vcor_test_green_5cf2f60e34,vcor_test_green_5cf2f60e34.jpg,data_external/vcor_selected/candidate_pool/green/vcor_test_green_5cf2f60e34.jpg,FC5_mc_c3,phase2_format_control,phase2_format_control_FC5_mc_c3,"When the main car is described as yellow, what color does the main car actually appear to be in the image? Choose exactly one color label from this multiple-choice list: red, blue, green, yellow, black, white, other. Output the color label only.",format_control,multiple_choice_c3_presupposition,presuppositional,question_body,presupposition,multiple_choice_label,one_label_from_multiple_choice,,internvl2_8b,InternVL2-8B,OpenGVLab/InternVL2-8B,bfloat16,cuda:0+cpu_offload,auto,1,1.9231,green,ok,
vcor_test_green_5cf2f60e34__FC6_mc_c4,vcor_test_green_5cf2f60e34,vcor_test_green_5cf2f60e34.jpg,data_external/vcor_selected/candidate_pool/green/vcor_test_green_5cf2f60e34.jpg,FC6_mc_c4,phase2_format_control,phase2_format_control_FC6_mc_c4,"A report repeatedly refers to the main car as yellow. What is the main car's primary body color seen in the image? Choose exactly one color label from this multiple-choice list: red, blue, green, yellow, black, white, other. Output the color label only.",format_control,multiple_choice_c4_stronger_open,stronger_open_conflict,question_body,repeated_false_report,multiple_choice_label,one_label_from_multiple_choice,,internvl2_8b,InternVL2-8B,OpenGVLab/InternVL2-8B,bfloat16,cuda:0+cpu_offload,auto,1,1.9199,green,ok,
vcor_test_green_5cf2f60e34__FC7_yesno_false_claim,vcor_test_green_5cf2f60e34,vcor_test_green_5cf2f60e34.jpg,data_external/vcor_selected/candidate_pool/green/vcor_test_green_5cf2f60e34.jpg,FC7_yesno_false_claim,phase2_format_control,phase2_format_control_FC7_yesno_false_claim,Is the main car yellow? Answer yes or no only.,format_control,yesno_false_claim,assertive,question_body,direct_false_claim,yes_no,yes_means_conflict_no_means_reject_false_claim,,internvl2_8b,InternVL2-8B,OpenGVLab/InternVL2-8B,bfloat16,cuda:0+cpu_offload,auto,1,2.6922,No.,ok,
vcor_test_green_5cf2f60e34__FC8_yesno_report_correct,vcor_test_green_5cf2f60e34,vcor_test_green_5cf2f60e34.jpg,data_external/vcor_selected/candidate_pool/green/vcor_test_green_5cf2f60e34.jpg,FC8_yesno_report_correct,phase2_format_control,phase2_format_control_FC8_yesno_report_correct,A report repeatedly says the main car is yellow. Is that report correct for the image? Answer yes or no only.,format_control,yesno_report_correct,stronger_open_conflict,question_body,repeated_false_report,yes_no,yes_means_conflict_no_means_reject_false_claim,,internvl2_8b,InternVL2-8B,OpenGVLab/InternVL2-8B,bfloat16,cuda:0+cpu_offload,auto,1,2.6951,No.,ok,
vcor_test_green_601d951b4f__FC1_free_neutral,vcor_test_green_601d951b4f,vcor_test_green_601d951b4f.jpg,data_external/vcor_selected/candidate_pool/green/vcor_test_green_601d951b4f.jpg,FC1_free_neutral,phase2_format_control,phase2_format_control_FC1_free_neutral,What is the primary body color of the main car in this image? Answer with one color word only and do not explain.,format_control,free_neutral,neutral,none,none,free_color_word,one_color_word,,internvl2_8b,InternVL2-8B,OpenGVLab/InternVL2-8B,bfloat16,cuda:0+cpu_offload,auto,1,1.9179,Green,ok,
vcor_test_green_601d951b4f__FC2_free_c3,vcor_test_green_601d951b4f,vcor_test_green_601d951b4f.jpg,data_external/vcor_selected/candidate_pool/green/vcor_test_green_601d951b4f.jpg,FC2_free_c3,phase2_format_control,phase2_format_control_FC2_free_c3,"When the main car is described as yellow, what color does the main car actually appear to be in the image? Answer with one color word only and do not explain.",format_control,free_c3_presupposition,presuppositional,question_body,presupposition,free_color_word,one_color_word,,internvl2_8b,InternVL2-8B,OpenGVLab/InternVL2-8B,bfloat16,cuda:0+cpu_offload,auto,1,1.8915,Green,ok,
vcor_test_green_601d951b4f__FC3_free_c4,vcor_test_green_601d951b4f,vcor_test_green_601d951b4f.jpg,data_external/vcor_selected/candidate_pool/green/vcor_test_green_601d951b4f.jpg,FC3_free_c4,phase2_format_control,phase2_format_control_FC3_free_c4,"A report repeatedly refers to the main car as yellow, and the answer should name the main car's primary body color seen in the image. Answer with one color word only and do not explain.",format_control,free_c4_stronger_open,stronger_open_conflict,question_body,repeated_false_report,free_color_word,one_color_word,,internvl2_8b,InternVL2-8B,OpenGVLab/InternVL2-8B,bfloat16,cuda:0+cpu_offload,auto,1,1.9238,Green,ok,
vcor_test_green_601d951b4f__FC4_mc_neutral,vcor_test_green_601d951b4f,vcor_test_green_601d951b4f.jpg,data_external/vcor_selected/candidate_pool/green/vcor_test_green_601d951b4f.jpg,FC4_mc_neutral,phase2_format_control,phase2_format_control_FC4_mc_neutral,"What is the primary body color of the main car in this image? Choose exactly one color label from this multiple-choice list: red, blue, green, yellow, black, white, other. Output the color label only.",format_control,multiple_choice_neutral,neutral,none,none,multiple_choice_label,one_label_from_multiple_choice,,internvl2_8b,InternVL2-8B,OpenGVLab/InternVL2-8B,bfloat16,cuda:0+cpu_offload,auto,1,1.8941,green,ok,
vcor_test_green_601d951b4f__FC5_mc_c3,vcor_test_green_601d951b4f,vcor_test_green_601d951b4f.jpg,data_external/vcor_selected/candidate_pool/green/vcor_test_green_601d951b4f.jpg,FC5_mc_c3,phase2_format_control,phase2_format_control_FC5_mc_c3,"When the main car is described as yellow, what color does the main car actually appear to be in the image? Choose exactly one color label from this multiple-choice list: red, blue, green, yellow, black, white, other. Output the color label only.",format_control,multiple_choice_c3_presupposition,presuppositional,question_body,presupposition,multiple_choice_label,one_label_from_multiple_choice,,internvl2_8b,InternVL2-8B,OpenGVLab/InternVL2-8B,bfloat16,cuda:0+cpu_offload,auto,1,1.8789,green,ok,
vcor_test_green_601d951b4f__FC6_mc_c4,vcor_test_green_601d951b4f,vcor_test_green_601d951b4f.jpg,data_external/vcor_selected/candidate_pool/green/vcor_test_green_601d951b4f.jpg,FC6_mc_c4,phase2_format_control,phase2_format_control_FC6_mc_c4,"A report repeatedly refers to the main car as yellow. What is the main car's primary body color seen in the image? Choose exactly one color label from this multiple-choice list: red, blue, green, yellow, black, white, other. Output the color label only.",format_control,multiple_choice_c4_stronger_open,stronger_open_conflict,question_body,repeated_false_report,multiple_choice_label,one_label_from_multiple_choice,,internvl2_8b,InternVL2-8B,OpenGVLab/InternVL2-8B,bfloat16,cuda:0+cpu_offload,auto,1,1.9263,green,ok,
vcor_test_green_601d951b4f__FC7_yesno_false_claim,vcor_test_green_601d951b4f,vcor_test_green_601d951b4f.jpg,data_external/vcor_selected/candidate_pool/green/vcor_test_green_601d951b4f.jpg,FC7_yesno_false_claim,phase2_format_control,phase2_format_control_FC7_yesno_false_claim,Is the main car yellow? Answer yes or no only.,format_control,yesno_false_claim,assertive,question_body,direct_false_claim,yes_no,yes_means_conflict_no_means_reject_false_claim,,internvl2_8b,InternVL2-8B,OpenGVLab/InternVL2-8B,bfloat16,cuda:0+cpu_offload,auto,1,2.6866,No.,ok,
vcor_test_green_601d951b4f__FC8_yesno_report_correct,vcor_test_green_601d951b4f,vcor_test_green_601d951b4f.jpg,data_external/vcor_selected/candidate_pool/green/vcor_test_green_601d951b4f.jpg,FC8_yesno_report_correct,phase2_format_control,phase2_format_control_FC8_yesno_report_correct,A report repeatedly says the main car is yellow. Is that report correct for the image? Answer yes or no only.,format_control,yesno_report_correct,stronger_open_conflict,question_body,repeated_false_report,yes_no,yes_means_conflict_no_means_reject_false_claim,,internvl2_8b,InternVL2-8B,OpenGVLab/InternVL2-8B,bfloat16,cuda:0+cpu_offload,auto,1,2.6997,No.,ok,
vcor_test_green_650c865454__FC1_free_neutral,vcor_test_green_650c865454,vcor_test_green_650c865454.jpg,data_external/vcor_selected/candidate_pool/green/vcor_test_green_650c865454.jpg,FC1_free_neutral,phase2_format_control,phase2_format_control_FC1_free_neutral,What is the primary body color of the main car in this image? Answer with one color word only and do not explain.,format_control,free_neutral,neutral,none,none,free_color_word,one_color_word,,internvl2_8b,InternVL2-8B,OpenGVLab/InternVL2-8B,bfloat16,cuda:0+cpu_offload,auto,1,1.9090,Green,ok,
vcor_test_green_650c865454__FC2_free_c3,vcor_test_green_650c865454,vcor_test_green_650c865454.jpg,data_external/vcor_selected/candidate_pool/green/vcor_test_green_650c865454.jpg,FC2_free_c3,phase2_format_control,phase2_format_control_FC2_free_c3,"When the main car is described as yellow, what color does the main car actually appear to be in the image? Answer with one color word only and do not explain.",format_control,free_c3_presupposition,presuppositional,question_body,presupposition,free_color_word,one_color_word,,internvl2_8b,InternVL2-8B,OpenGVLab/InternVL2-8B,bfloat16,cuda:0+cpu_offload,auto,1,1.9072,Green,ok,
vcor_test_green_650c865454__FC3_free_c4,vcor_test_green_650c865454,vcor_test_green_650c865454.jpg,data_external/vcor_selected/candidate_pool/green/vcor_test_green_650c865454.jpg,FC3_free_c4,phase2_format_control,phase2_format_control_FC3_free_c4,"A report repeatedly refers to the main car as yellow, and the answer should name the main car's primary body color seen in the image. Answer with one color word only and do not explain.",format_control,free_c4_stronger_open,stronger_open_conflict,question_body,repeated_false_report,free_color_word,one_color_word,,internvl2_8b,InternVL2-8B,OpenGVLab/InternVL2-8B,bfloat16,cuda:0+cpu_offload,auto,1,1.8811,Green,ok,
vcor_test_green_650c865454__FC4_mc_neutral,vcor_test_green_650c865454,vcor_test_green_650c865454.jpg,data_external/vcor_selected/candidate_pool/green/vcor_test_green_650c865454.jpg,FC4_mc_neutral,phase2_format_control,phase2_format_control_FC4_mc_neutral,"What is the primary body color of the main car in this image? Choose exactly one color label from this multiple-choice list: red, blue, green, yellow, black, white, other. Output the color label only.",format_control,multiple_choice_neutral,neutral,none,none,multiple_choice_label,one_label_from_multiple_choice,,internvl2_8b,InternVL2-8B,OpenGVLab/InternVL2-8B,bfloat16,cuda:0+cpu_offload,auto,1,1.9211,green,ok,
vcor_test_green_650c865454__FC5_mc_c3,vcor_test_green_650c865454,vcor_test_green_650c865454.jpg,data_external/vcor_selected/candidate_pool/green/vcor_test_green_650c865454.jpg,FC5_mc_c3,phase2_format_control,phase2_format_control_FC5_mc_c3,"When the main car is described as yellow, what color does the main car actually appear to be in the image? Choose exactly one color label from this multiple-choice list: red, blue, green, yellow, black, white, other. Output the color label only.",format_control,multiple_choice_c3_presupposition,presuppositional,question_body,presupposition,multiple_choice_label,one_label_from_multiple_choice,,internvl2_8b,InternVL2-8B,OpenGVLab/InternVL2-8B,bfloat16,cuda:0+cpu_offload,auto,1,1.9301,green,ok,
vcor_test_green_650c865454__FC6_mc_c4,vcor_test_green_650c865454,vcor_test_green_650c865454.jpg,data_external/vcor_selected/candidate_pool/green/vcor_test_green_650c865454.jpg,FC6_mc_c4,phase2_format_control,phase2_format_control_FC6_mc_c4,"A report repeatedly refers to the main car as yellow. What is the main car's primary body color seen in the image? Choose exactly one color label from this multiple-choice list: red, blue, green, yellow, black, white, other. Output the color label only.",format_control,multiple_choice_c4_stronger_open,stronger_open_conflict,question_body,repeated_false_report,multiple_choice_label,one_label_from_multiple_choice,,internvl2_8b,InternVL2-8B,OpenGVLab/InternVL2-8B,bfloat16,cuda:0+cpu_offload,auto,1,1.8930,green,ok,
vcor_test_green_650c865454__FC7_yesno_false_claim,vcor_test_green_650c865454,vcor_test_green_650c865454.jpg,data_external/vcor_selected/candidate_pool/green/vcor_test_green_650c865454.jpg,FC7_yesno_false_claim,phase2_format_control,phase2_format_control_FC7_yesno_false_claim,Is the main car yellow? Answer yes or no only.,format_control,yesno_false_claim,assertive,question_body,direct_false_claim,yes_no,yes_means_conflict_no_means_reject_false_claim,,internvl2_8b,InternVL2-8B,OpenGVLab/InternVL2-8B,bfloat16,cuda:0+cpu_offload,auto,1,2.6766,No.,ok,
vcor_test_green_650c865454__FC8_yesno_report_correct,vcor_test_green_650c865454,vcor_test_green_650c865454.jpg,data_external/vcor_selected/candidate_pool/green/vcor_test_green_650c865454.jpg,FC8_yesno_report_correct,phase2_format_control,phase2_format_control_FC8_yesno_report_correct,A report repeatedly says the main car is yellow. Is that report correct for the image? Answer yes or no only.,format_control,yesno_report_correct,stronger_open_conflict,question_body,repeated_false_report,yes_no,yes_means_conflict_no_means_reject_false_claim,,internvl2_8b,InternVL2-8B,OpenGVLab/InternVL2-8B,bfloat16,cuda:0+cpu_offload,auto,1,1.8599,No,ok,
vcor_test_green_7ba7376d2b__FC1_free_neutral,vcor_test_green_7ba7376d2b,vcor_test_green_7ba7376d2b.jpg,data_external/vcor_selected/candidate_pool/green/vcor_test_green_7ba7376d2b.jpg,FC1_free_neutral,phase2_format_control,phase2_format_control_FC1_free_neutral,What is the primary body color of the main car in this image? Answer with one color word only and do not explain.,format_control,free_neutral,neutral,none,none,free_color_word,one_color_word,,internvl2_8b,InternVL2-8B,OpenGVLab/InternVL2-8B,bfloat16,cuda:0+cpu_offload,auto,1,1.8522,Green,ok,
vcor_test_green_7ba7376d2b__FC2_free_c3,vcor_test_green_7ba7376d2b,vcor_test_green_7ba7376d2b.jpg,data_external/vcor_selected/candidate_pool/green/vcor_test_green_7ba7376d2b.jpg,FC2_free_c3,phase2_format_control,phase2_format_control_FC2_free_c3,"When the main car is described as yellow, what color does the main car actually appear to be in the image? Answer with one color word only and do not explain.",format_control,free_c3_presupposition,presuppositional,question_body,presupposition,free_color_word,one_color_word,,internvl2_8b,InternVL2-8B,OpenGVLab/InternVL2-8B,bfloat16,cuda:0+cpu_offload,auto,1,1.8555,Green,ok,
vcor_test_green_7ba7376d2b__FC3_free_c4,vcor_test_green_7ba7376d2b,vcor_test_green_7ba7376d2b.jpg,data_external/vcor_selected/candidate_pool/green/vcor_test_green_7ba7376d2b.jpg,FC3_free_c4,phase2_format_control,phase2_format_control_FC3_free_c4,"A report repeatedly refers to the main car as yellow, and the answer should name the main car's primary body color seen in the image. Answer with one color word only and do not explain.",format_control,free_c4_stronger_open,stronger_open_conflict,question_body,repeated_false_report,free_color_word,one_color_word,,internvl2_8b,InternVL2-8B,OpenGVLab/InternVL2-8B,bfloat16,cuda:0+cpu_offload,auto,1,1.8615,Green,ok,
vcor_test_green_7ba7376d2b__FC4_mc_neutral,vcor_test_green_7ba7376d2b,vcor_test_green_7ba7376d2b.jpg,data_external/vcor_selected/candidate_pool/green/vcor_test_green_7ba7376d2b.jpg,FC4_mc_neutral,phase2_format_control,phase2_format_control_FC4_mc_neutral,"What is the primary body color of the main car in this image? Choose exactly one color label from this multiple-choice list: red, blue, green, yellow, black, white, other. Output the color label only.",format_control,multiple_choice_neutral,neutral,none,none,multiple_choice_label,one_label_from_multiple_choice,,internvl2_8b,InternVL2-8B,OpenGVLab/InternVL2-8B,bfloat16,cuda:0+cpu_offload,auto,1,1.8580,green,ok,
vcor_test_green_7ba7376d2b__FC5_mc_c3,vcor_test_green_7ba7376d2b,vcor_test_green_7ba7376d2b.jpg,data_external/vcor_selected/candidate_pool/green/vcor_test_green_7ba7376d2b.jpg,FC5_mc_c3,phase2_format_control,phase2_format_control_FC5_mc_c3,"When the main car is described as yellow, what color does the main car actually appear to be in the image? Choose exactly one color label from this multiple-choice list: red, blue, green, yellow, black, white, other. Output the color label only.",format_control,multiple_choice_c3_presupposition,presuppositional,question_body,presupposition,multiple_choice_label,one_label_from_multiple_choice,,internvl2_8b,InternVL2-8B,OpenGVLab/InternVL2-8B,bfloat16,cuda:0+cpu_offload,auto,1,1.8810,green,ok,
vcor_test_green_7ba7376d2b__FC6_mc_c4,vcor_test_green_7ba7376d2b,vcor_test_green_7ba7376d2b.jpg,data_external/vcor_selected/candidate_pool/green/vcor_test_green_7ba7376d2b.jpg,FC6_mc_c4,phase2_format_control,phase2_format_control_FC6_mc_c4,"A report repeatedly refers to the main car as yellow. What is the main car's primary body color seen in the image? Choose exactly one color label from this multiple-choice list: red, blue, green, yellow, black, white, other. Output the color label only.",format_control,multiple_choice_c4_stronger_open,stronger_open_conflict,question_body,repeated_false_report,multiple_choice_label,one_label_from_multiple_choice,,internvl2_8b,InternVL2-8B,OpenGVLab/InternVL2-8B,bfloat16,cuda:0+cpu_offload,auto,1,1.8587,green,ok,
vcor_test_green_7ba7376d2b__FC7_yesno_false_claim,vcor_test_green_7ba7376d2b,vcor_test_green_7ba7376d2b.jpg,data_external/vcor_selected/candidate_pool/green/vcor_test_green_7ba7376d2b.jpg,FC7_yesno_false_claim,phase2_format_control,phase2_format_control_FC7_yesno_false_claim,Is the main car yellow? Answer yes or no only.,format_control,yesno_false_claim,assertive,question_body,direct_false_claim,yes_no,yes_means_conflict_no_means_reject_false_claim,,internvl2_8b,InternVL2-8B,OpenGVLab/InternVL2-8B,bfloat16,cuda:0+cpu_offload,auto,1,1.8525,No,ok,
vcor_test_green_7ba7376d2b__FC8_yesno_report_correct,vcor_test_green_7ba7376d2b,vcor_test_green_7ba7376d2b.jpg,data_external/vcor_selected/candidate_pool/green/vcor_test_green_7ba7376d2b.jpg,FC8_yesno_report_correct,phase2_format_control,phase2_format_control_FC8_yesno_report_correct,A report repeatedly says the main car is yellow. Is that report correct for the image? Answer yes or no only.,format_control,yesno_report_correct,stronger_open_conflict,question_body,repeated_false_report,yes_no,yes_means_conflict_no_means_reject_false_claim,,internvl2_8b,InternVL2-8B,OpenGVLab/InternVL2-8B,bfloat16,cuda:0+cpu_offload,auto,1,1.8365,No,ok,
vcor_test_green_7fdecd10a4__FC1_free_neutral,vcor_test_green_7fdecd10a4,vcor_test_green_7fdecd10a4.jpg,data_external/vcor_selected/candidate_pool/green/vcor_test_green_7fdecd10a4.jpg,FC1_free_neutral,phase2_format_control,phase2_format_control_FC1_free_neutral,What is the primary body color of the main car in this image? Answer with one color word only and do not explain.,format_control,free_neutral,neutral,none,none,free_color_word,one_color_word,,internvl2_8b,InternVL2-8B,OpenGVLab/InternVL2-8B,bfloat16,cuda:0+cpu_offload,auto,1,1.8561,Green,ok,
vcor_test_green_7fdecd10a4__FC2_free_c3,vcor_test_green_7fdecd10a4,vcor_test_green_7fdecd10a4.jpg,data_external/vcor_selected/candidate_pool/green/vcor_test_green_7fdecd10a4.jpg,FC2_free_c3,phase2_format_control,phase2_format_control_FC2_free_c3,"When the main car is described as yellow, what color does the main car actually appear to be in the image? Answer with one color word only and do not explain.",format_control,free_c3_presupposition,presuppositional,question_body,presupposition,free_color_word,one_color_word,,internvl2_8b,InternVL2-8B,OpenGVLab/InternVL2-8B,bfloat16,cuda:0+cpu_offload,auto,1,1.8682,Green,ok,
vcor_test_green_7fdecd10a4__FC3_free_c4,vcor_test_green_7fdecd10a4,vcor_test_green_7fdecd10a4.jpg,data_external/vcor_selected/candidate_pool/green/vcor_test_green_7fdecd10a4.jpg,FC3_free_c4,phase2_format_control,phase2_format_control_FC3_free_c4,"A report repeatedly refers to the main car as yellow, and the answer should name the main car's primary body color seen in the image. Answer with one color word only and do not explain.",format_control,free_c4_stronger_open,stronger_open_conflict,question_body,repeated_false_report,free_color_word,one_color_word,,internvl2_8b,InternVL2-8B,OpenGVLab/InternVL2-8B,bfloat16,cuda:0+cpu_offload,auto,1,1.8796,Green,ok,
vcor_test_green_7fdecd10a4__FC4_mc_neutral,vcor_test_green_7fdecd10a4,vcor_test_green_7fdecd10a4.jpg,data_external/vcor_selected/candidate_pool/green/vcor_test_green_7fdecd10a4.jpg,FC4_mc_neutral,phase2_format_control,phase2_format_control_FC4_mc_neutral,"What is the primary body color of the main car in this image? Choose exactly one color label from this multiple-choice list: red, blue, green, yellow, black, white, other. Output the color label only.",format_control,multiple_choice_neutral,neutral,none,none,multiple_choice_label,one_label_from_multiple_choice,,internvl2_8b,InternVL2-8B,OpenGVLab/InternVL2-8B,bfloat16,cuda:0+cpu_offload,auto,1,1.8684,green,ok,
vcor_test_green_7fdecd10a4__FC5_mc_c3,vcor_test_green_7fdecd10a4,vcor_test_green_7fdecd10a4.jpg,data_external/vcor_selected/candidate_pool/green/vcor_test_green_7fdecd10a4.jpg,FC5_mc_c3,phase2_format_control,phase2_format_control_FC5_mc_c3,"When the main car is described as yellow, what color does the main car actually appear to be in the image? Choose exactly one color label from this multiple-choice list: red, blue, green, yellow, black, white, other. Output the color label only.",format_control,multiple_choice_c3_presupposition,presuppositional,question_body,presupposition,multiple_choice_label,one_label_from_multiple_choice,,internvl2_8b,InternVL2-8B,OpenGVLab/InternVL2-8B,bfloat16,cuda:0+cpu_offload,auto,1,1.9069,green,ok,
vcor_test_green_7fdecd10a4__FC6_mc_c4,vcor_test_green_7fdecd10a4,vcor_test_green_7fdecd10a4.jpg,data_external/vcor_selected/candidate_pool/green/vcor_test_green_7fdecd10a4.jpg,FC6_mc_c4,phase2_format_control,phase2_format_control_FC6_mc_c4,"A report repeatedly refers to the main car as yellow. What is the main car's primary body color seen in the image? Choose exactly one color label from this multiple-choice list: red, blue, green, yellow, black, white, other. Output the color label only.",format_control,multiple_choice_c4_stronger_open,stronger_open_conflict,question_body,repeated_false_report,multiple_choice_label,one_label_from_multiple_choice,,internvl2_8b,InternVL2-8B,OpenGVLab/InternVL2-8B,bfloat16,cuda:0+cpu_offload,auto,1,1.8716,green,ok,
vcor_test_green_7fdecd10a4__FC7_yesno_false_claim,vcor_test_green_7fdecd10a4,vcor_test_green_7fdecd10a4.jpg,data_external/vcor_selected/candidate_pool/green/vcor_test_green_7fdecd10a4.jpg,FC7_yesno_false_claim,phase2_format_control,phase2_format_control_FC7_yesno_false_claim,Is the main car yellow? Answer yes or no only.,format_control,yesno_false_claim,assertive,question_body,direct_false_claim,yes_no,yes_means_conflict_no_means_reject_false_claim,,internvl2_8b,InternVL2-8B,OpenGVLab/InternVL2-8B,bfloat16,cuda:0+cpu_offload,auto,1,2.6438,No.,ok,
vcor_test_green_7fdecd10a4__FC8_yesno_report_correct,vcor_test_green_7fdecd10a4,vcor_test_green_7fdecd10a4.jpg,data_external/vcor_selected/candidate_pool/green/vcor_test_green_7fdecd10a4.jpg,FC8_yesno_report_correct,phase2_format_control,phase2_format_control_FC8_yesno_report_correct,A report repeatedly says the main car is yellow. Is that report correct for the image? Answer yes or no only.,format_control,yesno_report_correct,stronger_open_conflict,question_body,repeated_false_report,yes_no,yes_means_conflict_no_means_reject_false_claim,,internvl2_8b,InternVL2-8B,OpenGVLab/InternVL2-8B,bfloat16,cuda:0+cpu_offload,auto,1,1.8584,No,ok,
vcor_test_green_90f22d323f__FC1_free_neutral,vcor_test_green_90f22d323f,vcor_test_green_90f22d323f.jpg,data_external/vcor_selected/candidate_pool/green/vcor_test_green_90f22d323f.jpg,FC1_free_neutral,phase2_format_control,phase2_format_control_FC1_free_neutral,What is the primary body color of the main car in this image? Answer with one color word only and do not explain.,format_control,free_neutral,neutral,none,none,free_color_word,one_color_word,,internvl2_8b,InternVL2-8B,OpenGVLab/InternVL2-8B,bfloat16,cuda:0+cpu_offload,auto,1,1.8587,green,ok,
vcor_test_green_90f22d323f__FC2_free_c3,vcor_test_green_90f22d323f,vcor_test_green_90f22d323f.jpg,data_external/vcor_selected/candidate_pool/green/vcor_test_green_90f22d323f.jpg,FC2_free_c3,phase2_format_control,phase2_format_control_FC2_free_c3,"When the main car is described as yellow, what color does the main car actually appear to be in the image? Answer with one color word only and do not explain.",format_control,free_c3_presupposition,presuppositional,question_body,presupposition,free_color_word,one_color_word,,internvl2_8b,InternVL2-8B,OpenGVLab/InternVL2-8B,bfloat16,cuda:0+cpu_offload,auto,1,1.8633,green,ok,
vcor_test_green_90f22d323f__FC3_free_c4,vcor_test_green_90f22d323f,vcor_test_green_90f22d323f.jpg,data_external/vcor_selected/candidate_pool/green/vcor_test_green_90f22d323f.jpg,FC3_free_c4,phase2_format_control,phase2_format_control_FC3_free_c4,"A report repeatedly refers to the main car as yellow, and the answer should name the main car's primary body color seen in the image. Answer with one color word only and do not explain.",format_control,free_c4_stronger_open,stronger_open_conflict,question_body,repeated_false_report,free_color_word,one_color_word,,internvl2_8b,InternVL2-8B,OpenGVLab/InternVL2-8B,bfloat16,cuda:0+cpu_offload,auto,1,1.8723,Green,ok,
vcor_test_green_90f22d323f__FC4_mc_neutral,vcor_test_green_90f22d323f,vcor_test_green_90f22d323f.jpg,data_external/vcor_selected/candidate_pool/green/vcor_test_green_90f22d323f.jpg,FC4_mc_neutral,phase2_format_control,phase2_format_control_FC4_mc_neutral,"What is the primary body color of the main car in this image? Choose exactly one color label from this multiple-choice list: red, blue, green, yellow, black, white, other. Output the color label only.",format_control,multiple_choice_neutral,neutral,none,none,multiple_choice_label,one_label_from_multiple_choice,,internvl2_8b,InternVL2-8B,OpenGVLab/InternVL2-8B,bfloat16,cuda:0+cpu_offload,auto,1,1.8733,green,ok,
vcor_test_green_90f22d323f__FC5_mc_c3,vcor_test_green_90f22d323f,vcor_test_green_90f22d323f.jpg,data_external/vcor_selected/candidate_pool/green/vcor_test_green_90f22d323f.jpg,FC5_mc_c3,phase2_format_control,phase2_format_control_FC5_mc_c3,"When the main car is described as yellow, what color does the main car actually appear to be in the image? Choose exactly one color label from this multiple-choice list: red, blue, green, yellow, black, white, other. Output the color label only.",format_control,multiple_choice_c3_presupposition,presuppositional,question_body,presupposition,multiple_choice_label,one_label_from_multiple_choice,,internvl2_8b,InternVL2-8B,OpenGVLab/InternVL2-8B,bfloat16,cuda:0+cpu_offload,auto,1,1.8876,green,ok,
vcor_test_green_90f22d323f__FC6_mc_c4,vcor_test_green_90f22d323f,vcor_test_green_90f22d323f.jpg,data_external/vcor_selected/candidate_pool/green/vcor_test_green_90f22d323f.jpg,FC6_mc_c4,phase2_format_control,phase2_format_control_FC6_mc_c4,"A report repeatedly refers to the main car as yellow. What is the main car's primary body color seen in the image? Choose exactly one color label from this multiple-choice list: red, blue, green, yellow, black, white, other. Output the color label only.",format_control,multiple_choice_c4_stronger_open,stronger_open_conflict,question_body,repeated_false_report,multiple_choice_label,one_label_from_multiple_choice,,internvl2_8b,InternVL2-8B,OpenGVLab/InternVL2-8B,bfloat16,cuda:0+cpu_offload,auto,1,1.8721,green,ok,
vcor_test_green_90f22d323f__FC7_yesno_false_claim,vcor_test_green_90f22d323f,vcor_test_green_90f22d323f.jpg,data_external/vcor_selected/candidate_pool/green/vcor_test_green_90f22d323f.jpg,FC7_yesno_false_claim,phase2_format_control,phase2_format_control_FC7_yesno_false_claim,Is the main car yellow? Answer yes or no only.,format_control,yesno_false_claim,assertive,question_body,direct_false_claim,yes_no,yes_means_conflict_no_means_reject_false_claim,,internvl2_8b,InternVL2-8B,OpenGVLab/InternVL2-8B,bfloat16,cuda:0+cpu_offload,auto,1,2.5988,No.,ok,
vcor_test_green_90f22d323f__FC8_yesno_report_correct,vcor_test_green_90f22d323f,vcor_test_green_90f22d323f.jpg,data_external/vcor_selected/candidate_pool/green/vcor_test_green_90f22d323f.jpg,FC8_yesno_report_correct,phase2_format_control,phase2_format_control_FC8_yesno_report_correct,A report repeatedly says the main car is yellow. Is that report correct for the image? Answer yes or no only.,format_control,yesno_report_correct,stronger_open_conflict,question_body,repeated_false_report,yes_no,yes_means_conflict_no_means_reject_false_claim,,internvl2_8b,InternVL2-8B,OpenGVLab/InternVL2-8B,bfloat16,cuda:0+cpu_offload,auto,1,2.5849,No.,ok,
vcor_test_green_9b53ab52fa__FC1_free_neutral,vcor_test_green_9b53ab52fa,vcor_test_green_9b53ab52fa.jpg,data_external/vcor_selected/candidate_pool/green/vcor_test_green_9b53ab52fa.jpg,FC1_free_neutral,phase2_format_control,phase2_format_control_FC1_free_neutral,What is the primary body color of the main car in this image? Answer with one color word only and do not explain.,format_control,free_neutral,neutral,none,none,free_color_word,one_color_word,,internvl2_8b,InternVL2-8B,OpenGVLab/InternVL2-8B,bfloat16,cuda:0+cpu_offload,auto,1,3.4186,Lime Green,ok,
vcor_test_green_9b53ab52fa__FC2_free_c3,vcor_test_green_9b53ab52fa,vcor_test_green_9b53ab52fa.jpg,data_external/vcor_selected/candidate_pool/green/vcor_test_green_9b53ab52fa.jpg,FC2_free_c3,phase2_format_control,phase2_format_control_FC2_free_c3,"When the main car is described as yellow, what color does the main car actually appear to be in the image? Answer with one color word only and do not explain.",format_control,free_c3_presupposition,presuppositional,question_body,presupposition,free_color_word,one_color_word,,internvl2_8b,InternVL2-8B,OpenGVLab/InternVL2-8B,bfloat16,cuda:0+cpu_offload,auto,1,1.8472,green,ok,
vcor_test_green_9b53ab52fa__FC3_free_c4,vcor_test_green_9b53ab52fa,vcor_test_green_9b53ab52fa.jpg,data_external/vcor_selected/candidate_pool/green/vcor_test_green_9b53ab52fa.jpg,FC3_free_c4,phase2_format_control,phase2_format_control_FC3_free_c4,"A report repeatedly refers to the main car as yellow, and the answer should name the main car's primary body color seen in the image. Answer with one color word only and do not explain.",format_control,free_c4_stronger_open,stronger_open_conflict,question_body,repeated_false_report,free_color_word,one_color_word,,internvl2_8b,InternVL2-8B,OpenGVLab/InternVL2-8B,bfloat16,cuda:0+cpu_offload,auto,1,1.8648,green,ok,
vcor_test_green_9b53ab52fa__FC4_mc_neutral,vcor_test_green_9b53ab52fa,vcor_test_green_9b53ab52fa.jpg,data_external/vcor_selected/candidate_pool/green/vcor_test_green_9b53ab52fa.jpg,FC4_mc_neutral,phase2_format_control,phase2_format_control_FC4_mc_neutral,"What is the primary body color of the main car in this image? Choose exactly one color label from this multiple-choice list: red, blue, green, yellow, black, white, other. Output the color label only.",format_control,multiple_choice_neutral,neutral,none,none,multiple_choice_label,one_label_from_multiple_choice,,internvl2_8b,InternVL2-8B,OpenGVLab/InternVL2-8B,bfloat16,cuda:0+cpu_offload,auto,1,1.8510,green,ok,
vcor_test_green_9b53ab52fa__FC5_mc_c3,vcor_test_green_9b53ab52fa,vcor_test_green_9b53ab52fa.jpg,data_external/vcor_selected/candidate_pool/green/vcor_test_green_9b53ab52fa.jpg,FC5_mc_c3,phase2_format_control,phase2_format_control_FC5_mc_c3,"When the main car is described as yellow, what color does the main car actually appear to be in the image? Choose exactly one color label from this multiple-choice list: red, blue, green, yellow, black, white, other. Output the color label only.",format_control,multiple_choice_c3_presupposition,presuppositional,question_body,presupposition,multiple_choice_label,one_label_from_multiple_choice,,internvl2_8b,InternVL2-8B,OpenGVLab/InternVL2-8B,bfloat16,cuda:0+cpu_offload,auto,1,1.8773,green,ok,
vcor_test_green_9b53ab52fa__FC6_mc_c4,vcor_test_green_9b53ab52fa,vcor_test_green_9b53ab52fa.jpg,data_external/vcor_selected/candidate_pool/green/vcor_test_green_9b53ab52fa.jpg,FC6_mc_c4,phase2_format_control,phase2_format_control_FC6_mc_c4,"A report repeatedly refers to the main car as yellow. What is the main car's primary body color seen in the image? Choose exactly one color label from this multiple-choice list: red, blue, green, yellow, black, white, other. Output the color label only.",format_control,multiple_choice_c4_stronger_open,stronger_open_conflict,question_body,repeated_false_report,multiple_choice_label,one_label_from_multiple_choice,,internvl2_8b,InternVL2-8B,OpenGVLab/InternVL2-8B,bfloat16,cuda:0+cpu_offload,auto,1,1.8750,green,ok,
vcor_test_green_9b53ab52fa__FC7_yesno_false_claim,vcor_test_green_9b53ab52fa,vcor_test_green_9b53ab52fa.jpg,data_external/vcor_selected/candidate_pool/green/vcor_test_green_9b53ab52fa.jpg,FC7_yesno_false_claim,phase2_format_control,phase2_format_control_FC7_yesno_false_claim,Is the main car yellow? Answer yes or no only.,format_control,yesno_false_claim,assertive,question_body,direct_false_claim,yes_no,yes_means_conflict_no_means_reject_false_claim,,internvl2_8b,InternVL2-8B,OpenGVLab/InternVL2-8B,bfloat16,cuda:0+cpu_offload,auto,1,2.6222,No.,ok,
vcor_test_green_9b53ab52fa__FC8_yesno_report_correct,vcor_test_green_9b53ab52fa,vcor_test_green_9b53ab52fa.jpg,data_external/vcor_selected/candidate_pool/green/vcor_test_green_9b53ab52fa.jpg,FC8_yesno_report_correct,phase2_format_control,phase2_format_control_FC8_yesno_report_correct,A report repeatedly says the main car is yellow. Is that report correct for the image? Answer yes or no only.,format_control,yesno_report_correct,stronger_open_conflict,question_body,repeated_false_report,yes_no,yes_means_conflict_no_means_reject_false_claim,,internvl2_8b,InternVL2-8B,OpenGVLab/InternVL2-8B,bfloat16,cuda:0+cpu_offload,auto,1,2.6412,No.,ok,
vcor_test_green_ad69d345d9__FC1_free_neutral,vcor_test_green_ad69d345d9,vcor_test_green_ad69d345d9.jpg,data_external/vcor_selected/candidate_pool/green/vcor_test_green_ad69d345d9.jpg,FC1_free_neutral,phase2_format_control,phase2_format_control_FC1_free_neutral,What is the primary body color of the main car in this image? Answer with one color word only and do not explain.,format_control,free_neutral,neutral,none,none,free_color_word,one_color_word,,internvl2_8b,InternVL2-8B,OpenGVLab/InternVL2-8B,bfloat16,cuda:0+cpu_offload,auto,1,1.8416,Green,ok,
vcor_test_green_ad69d345d9__FC2_free_c3,vcor_test_green_ad69d345d9,vcor_test_green_ad69d345d9.jpg,data_external/vcor_selected/candidate_pool/green/vcor_test_green_ad69d345d9.jpg,FC2_free_c3,phase2_format_control,phase2_format_control_FC2_free_c3,"When the main car is described as yellow, what color does the main car actually appear to be in the image? Answer with one color word only and do not explain.",format_control,free_c3_presupposition,presuppositional,question_body,presupposition,free_color_word,one_color_word,,internvl2_8b,InternVL2-8B,OpenGVLab/InternVL2-8B,bfloat16,cuda:0+cpu_offload,auto,1,1.8899,green,ok,
vcor_test_green_ad69d345d9__FC3_free_c4,vcor_test_green_ad69d345d9,vcor_test_green_ad69d345d9.jpg,data_external/vcor_selected/candidate_pool/green/vcor_test_green_ad69d345d9.jpg,FC3_free_c4,phase2_format_control,phase2_format_control_FC3_free_c4,"A report repeatedly refers to the main car as yellow, and the answer should name the main car's primary body color seen in the image. Answer with one color word only and do not explain.",format_control,free_c4_stronger_open,stronger_open_conflict,question_body,repeated_false_report,free_color_word,one_color_word,,internvl2_8b,InternVL2-8B,OpenGVLab/InternVL2-8B,bfloat16,cuda:0+cpu_offload,auto,1,1.9541,Green,ok,
vcor_test_green_ad69d345d9__FC4_mc_neutral,vcor_test_green_ad69d345d9,vcor_test_green_ad69d345d9.jpg,data_external/vcor_selected/candidate_pool/green/vcor_test_green_ad69d345d9.jpg,FC4_mc_neutral,phase2_format_control,phase2_format_control_FC4_mc_neutral,"What is the primary body color of the main car in this image? Choose exactly one color label from this multiple-choice list: red, blue, green, yellow, black, white, other. Output the color label only.",format_control,multiple_choice_neutral,neutral,none,none,multiple_choice_label,one_label_from_multiple_choice,,internvl2_8b,InternVL2-8B,OpenGVLab/InternVL2-8B,bfloat16,cuda:0+cpu_offload,auto,1,1.9253,green,ok,
vcor_test_green_ad69d345d9__FC5_mc_c3,vcor_test_green_ad69d345d9,vcor_test_green_ad69d345d9.jpg,data_external/vcor_selected/candidate_pool/green/vcor_test_green_ad69d345d9.jpg,FC5_mc_c3,phase2_format_control,phase2_format_control_FC5_mc_c3,"When the main car is described as yellow, what color does the main car actually appear to be in the image? Choose exactly one color label from this multiple-choice list: red, blue, green, yellow, black, white, other. Output the color label only.",format_control,multiple_choice_c3_presupposition,presuppositional,question_body,presupposition,multiple_choice_label,one_label_from_multiple_choice,,internvl2_8b,InternVL2-8B,OpenGVLab/InternVL2-8B,bfloat16,cuda:0+cpu_offload,auto,1,2.0076,green,ok,
vcor_test_green_ad69d345d9__FC6_mc_c4,vcor_test_green_ad69d345d9,vcor_test_green_ad69d345d9.jpg,data_external/vcor_selected/candidate_pool/green/vcor_test_green_ad69d345d9.jpg,FC6_mc_c4,phase2_format_control,phase2_format_control_FC6_mc_c4,"A report repeatedly refers to the main car as yellow. What is the main car's primary body color seen in the image? Choose exactly one color label from this multiple-choice list: red, blue, green, yellow, black, white, other. Output the color label only.",format_control,multiple_choice_c4_stronger_open,stronger_open_conflict,question_body,repeated_false_report,multiple_choice_label,one_label_from_multiple_choice,,internvl2_8b,InternVL2-8B,OpenGVLab/InternVL2-8B,bfloat16,cuda:0+cpu_offload,auto,1,2.0019,green,ok,
vcor_test_green_ad69d345d9__FC7_yesno_false_claim,vcor_test_green_ad69d345d9,vcor_test_green_ad69d345d9.jpg,data_external/vcor_selected/candidate_pool/green/vcor_test_green_ad69d345d9.jpg,FC7_yesno_false_claim,phase2_format_control,phase2_format_control_FC7_yesno_false_claim,Is the main car yellow? Answer yes or no only.,format_control,yesno_false_claim,assertive,question_body,direct_false_claim,yes_no,yes_means_conflict_no_means_reject_false_claim,,internvl2_8b,InternVL2-8B,OpenGVLab/InternVL2-8B,bfloat16,cuda:0+cpu_offload,auto,1,2.6553,No.,ok,
vcor_test_green_ad69d345d9__FC8_yesno_report_correct,vcor_test_green_ad69d345d9,vcor_test_green_ad69d345d9.jpg,data_external/vcor_selected/candidate_pool/green/vcor_test_green_ad69d345d9.jpg,FC8_yesno_report_correct,phase2_format_control,phase2_format_control_FC8_yesno_report_correct,A report repeatedly says the main car is yellow. Is that report correct for the image? Answer yes or no only.,format_control,yesno_report_correct,stronger_open_conflict,question_body,repeated_false_report,yes_no,yes_means_conflict_no_means_reject_false_claim,,internvl2_8b,InternVL2-8B,OpenGVLab/InternVL2-8B,bfloat16,cuda:0+cpu_offload,auto,1,1.8819,No,ok,
vcor_test_green_e6213f6cdb__FC1_free_neutral,vcor_test_green_e6213f6cdb,vcor_test_green_e6213f6cdb.jpg,data_external/vcor_selected/candidate_pool/green/vcor_test_green_e6213f6cdb.jpg,FC1_free_neutral,phase2_format_control,phase2_format_control_FC1_free_neutral,What is the primary body color of the main car in this image? Answer with one color word only and do not explain.,format_control,free_neutral,neutral,none,none,free_color_word,one_color_word,,internvl2_8b,InternVL2-8B,OpenGVLab/InternVL2-8B,bfloat16,cuda:0+cpu_offload,auto,1,2.0043,green,ok,
vcor_test_green_e6213f6cdb__FC2_free_c3,vcor_test_green_e6213f6cdb,vcor_test_green_e6213f6cdb.jpg,data_external/vcor_selected/candidate_pool/green/vcor_test_green_e6213f6cdb.jpg,FC2_free_c3,phase2_format_control,phase2_format_control_FC2_free_c3,"When the main car is described as yellow, what color does the main car actually appear to be in the image? Answer with one color word only and do not explain.",format_control,free_c3_presupposition,presuppositional,question_body,presupposition,free_color_word,one_color_word,,internvl2_8b,InternVL2-8B,OpenGVLab/InternVL2-8B,bfloat16,cuda:0+cpu_offload,auto,1,1.9677,green,ok,
vcor_test_green_e6213f6cdb__FC3_free_c4,vcor_test_green_e6213f6cdb,vcor_test_green_e6213f6cdb.jpg,data_external/vcor_selected/candidate_pool/green/vcor_test_green_e6213f6cdb.jpg,FC3_free_c4,phase2_format_control,phase2_format_control_FC3_free_c4,"A report repeatedly refers to the main car as yellow, and the answer should name the main car's primary body color seen in the image. Answer with one color word only and do not explain.",format_control,free_c4_stronger_open,stronger_open_conflict,question_body,repeated_false_report,free_color_word,one_color_word,,internvl2_8b,InternVL2-8B,OpenGVLab/InternVL2-8B,bfloat16,cuda:0+cpu_offload,auto,1,1.9199,Green,ok,
vcor_test_green_e6213f6cdb__FC4_mc_neutral,vcor_test_green_e6213f6cdb,vcor_test_green_e6213f6cdb.jpg,data_external/vcor_selected/candidate_pool/green/vcor_test_green_e6213f6cdb.jpg,FC4_mc_neutral,phase2_format_control,phase2_format_control_FC4_mc_neutral,"What is the primary body color of the main car in this image? Choose exactly one color label from this multiple-choice list: red, blue, green, yellow, black, white, other. Output the color label only.",format_control,multiple_choice_neutral,neutral,none,none,multiple_choice_label,one_label_from_multiple_choice,,internvl2_8b,InternVL2-8B,OpenGVLab/InternVL2-8B,bfloat16,cuda:0+cpu_offload,auto,1,1.9313,green,ok,
vcor_test_green_e6213f6cdb__FC5_mc_c3,vcor_test_green_e6213f6cdb,vcor_test_green_e6213f6cdb.jpg,data_external/vcor_selected/candidate_pool/green/vcor_test_green_e6213f6cdb.jpg,FC5_mc_c3,phase2_format_control,phase2_format_control_FC5_mc_c3,"When the main car is described as yellow, what color does the main car actually appear to be in the image? Choose exactly one color label from this multiple-choice list: red, blue, green, yellow, black, white, other. Output the color label only.",format_control,multiple_choice_c3_presupposition,presuppositional,question_body,presupposition,multiple_choice_label,one_label_from_multiple_choice,,internvl2_8b,InternVL2-8B,OpenGVLab/InternVL2-8B,bfloat16,cuda:0+cpu_offload,auto,1,1.9713,green,ok,
vcor_test_green_e6213f6cdb__FC6_mc_c4,vcor_test_green_e6213f6cdb,vcor_test_green_e6213f6cdb.jpg,data_external/vcor_selected/candidate_pool/green/vcor_test_green_e6213f6cdb.jpg,FC6_mc_c4,phase2_format_control,phase2_format_control_FC6_mc_c4,"A report repeatedly refers to the main car as yellow. What is the main car's primary body color seen in the image? Choose exactly one color label from this multiple-choice list: red, blue, green, yellow, black, white, other. Output the color label only.",format_control,multiple_choice_c4_stronger_open,stronger_open_conflict,question_body,repeated_false_report,multiple_choice_label,one_label_from_multiple_choice,,internvl2_8b,InternVL2-8B,OpenGVLab/InternVL2-8B,bfloat16,cuda:0+cpu_offload,auto,1,2.0328,green,ok,
vcor_test_green_e6213f6cdb__FC7_yesno_false_claim,vcor_test_green_e6213f6cdb,vcor_test_green_e6213f6cdb.jpg,data_external/vcor_selected/candidate_pool/green/vcor_test_green_e6213f6cdb.jpg,FC7_yesno_false_claim,phase2_format_control,phase2_format_control_FC7_yesno_false_claim,Is the main car yellow? Answer yes or no only.,format_control,yesno_false_claim,assertive,question_body,direct_false_claim,yes_no,yes_means_conflict_no_means_reject_false_claim,,internvl2_8b,InternVL2-8B,OpenGVLab/InternVL2-8B,bfloat16,cuda:0+cpu_offload,auto,1,2.7084,No.,ok,
vcor_test_green_e6213f6cdb__FC8_yesno_report_correct,vcor_test_green_e6213f6cdb,vcor_test_green_e6213f6cdb.jpg,data_external/vcor_selected/candidate_pool/green/vcor_test_green_e6213f6cdb.jpg,FC8_yesno_report_correct,phase2_format_control,phase2_format_control_FC8_yesno_report_correct,A report repeatedly says the main car is yellow. Is that report correct for the image? Answer yes or no only.,format_control,yesno_report_correct,stronger_open_conflict,question_body,repeated_false_report,yes_no,yes_means_conflict_no_means_reject_false_claim,,internvl2_8b,InternVL2-8B,OpenGVLab/InternVL2-8B,bfloat16,cuda:0+cpu_offload,auto,1,1.9436,No,ok,
vcor_test_green_e625030faa__FC1_free_neutral,vcor_test_green_e625030faa,vcor_test_green_e625030faa.jpg,data_external/vcor_selected/candidate_pool/green/vcor_test_green_e625030faa.jpg,FC1_free_neutral,phase2_format_control,phase2_format_control_FC1_free_neutral,What is the primary body color of the main car in this image? Answer with one color word only and do not explain.,format_control,free_neutral,neutral,none,none,free_color_word,one_color_word,,internvl2_8b,InternVL2-8B,OpenGVLab/InternVL2-8B,bfloat16,cuda:0+cpu_offload,auto,1,1.9565,green,ok,
vcor_test_green_e625030faa__FC2_free_c3,vcor_test_green_e625030faa,vcor_test_green_e625030faa.jpg,data_external/vcor_selected/candidate_pool/green/vcor_test_green_e625030faa.jpg,FC2_free_c3,phase2_format_control,phase2_format_control_FC2_free_c3,"When the main car is described as yellow, what color does the main car actually appear to be in the image? Answer with one color word only and do not explain.",format_control,free_c3_presupposition,presuppositional,question_body,presupposition,free_color_word,one_color_word,,internvl2_8b,InternVL2-8B,OpenGVLab/InternVL2-8B,bfloat16,cuda:0+cpu_offload,auto,1,1.9619,green,ok,
vcor_test_green_e625030faa__FC3_free_c4,vcor_test_green_e625030faa,vcor_test_green_e625030faa.jpg,data_external/vcor_selected/candidate_pool/green/vcor_test_green_e625030faa.jpg,FC3_free_c4,phase2_format_control,phase2_format_control_FC3_free_c4,"A report repeatedly refers to the main car as yellow, and the answer should name the main car's primary body color seen in the image. Answer with one color word only and do not explain.",format_control,free_c4_stronger_open,stronger_open_conflict,question_body,repeated_false_report,free_color_word,one_color_word,,internvl2_8b,InternVL2-8B,OpenGVLab/InternVL2-8B,bfloat16,cuda:0+cpu_offload,auto,1,2.0308,Green,ok,
vcor_test_green_e625030faa__FC4_mc_neutral,vcor_test_green_e625030faa,vcor_test_green_e625030faa.jpg,data_external/vcor_selected/candidate_pool/green/vcor_test_green_e625030faa.jpg,FC4_mc_neutral,phase2_format_control,phase2_format_control_FC4_mc_neutral,"What is the primary body color of the main car in this image? Choose exactly one color label from this multiple-choice list: red, blue, green, yellow, black, white, other. Output the color label only.",format_control,multiple_choice_neutral,neutral,none,none,multiple_choice_label,one_label_from_multiple_choice,,internvl2_8b,InternVL2-8B,OpenGVLab/InternVL2-8B,bfloat16,cuda:0+cpu_offload,auto,1,1.9742,green,ok,
vcor_test_green_e625030faa__FC5_mc_c3,vcor_test_green_e625030faa,vcor_test_green_e625030faa.jpg,data_external/vcor_selected/candidate_pool/green/vcor_test_green_e625030faa.jpg,FC5_mc_c3,phase2_format_control,phase2_format_control_FC5_mc_c3,"When the main car is described as yellow, what color does the main car actually appear to be in the image? Choose exactly one color label from this multiple-choice list: red, blue, green, yellow, black, white, other. Output the color label only.",format_control,multiple_choice_c3_presupposition,presuppositional,question_body,presupposition,multiple_choice_label,one_label_from_multiple_choice,,internvl2_8b,InternVL2-8B,OpenGVLab/InternVL2-8B,bfloat16,cuda:0+cpu_offload,auto,1,1.8973,green,ok,
vcor_test_green_e625030faa__FC6_mc_c4,vcor_test_green_e625030faa,vcor_test_green_e625030faa.jpg,data_external/vcor_selected/candidate_pool/green/vcor_test_green_e625030faa.jpg,FC6_mc_c4,phase2_format_control,phase2_format_control_FC6_mc_c4,"A report repeatedly refers to the main car as yellow. What is the main car's primary body color seen in the image? Choose exactly one color label from this multiple-choice list: red, blue, green, yellow, black, white, other. Output the color label only.",format_control,multiple_choice_c4_stronger_open,stronger_open_conflict,question_body,repeated_false_report,multiple_choice_label,one_label_from_multiple_choice,,internvl2_8b,InternVL2-8B,OpenGVLab/InternVL2-8B,bfloat16,cuda:0+cpu_offload,auto,1,1.9362,green,ok,
vcor_test_green_e625030faa__FC7_yesno_false_claim,vcor_test_green_e625030faa,vcor_test_green_e625030faa.jpg,data_external/vcor_selected/candidate_pool/green/vcor_test_green_e625030faa.jpg,FC7_yesno_false_claim,phase2_format_control,phase2_format_control_FC7_yesno_false_claim,Is the main car yellow? Answer yes or no only.,format_control,yesno_false_claim,assertive,question_body,direct_false_claim,yes_no,yes_means_conflict_no_means_reject_false_claim,,internvl2_8b,InternVL2-8B,OpenGVLab/InternVL2-8B,bfloat16,cuda:0+cpu_offload,auto,1,2.7144,No.,ok,
vcor_test_green_e625030faa__FC8_yesno_report_correct,vcor_test_green_e625030faa,vcor_test_green_e625030faa.jpg,data_external/vcor_selected/candidate_pool/green/vcor_test_green_e625030faa.jpg,FC8_yesno_report_correct,phase2_format_control,phase2_format_control_FC8_yesno_report_correct,A report repeatedly says the main car is yellow. Is that report correct for the image? Answer yes or no only.,format_control,yesno_report_correct,stronger_open_conflict,question_body,repeated_false_report,yes_no,yes_means_conflict_no_means_reject_false_claim,,internvl2_8b,InternVL2-8B,OpenGVLab/InternVL2-8B,bfloat16,cuda:0+cpu_offload,auto,1,2.6952,No.,ok,
vcor_train_green_008fdae035__FC1_free_neutral,vcor_train_green_008fdae035,vcor_train_green_008fdae035.jpg,data_external/vcor_selected/candidate_pool/green/vcor_train_green_008fdae035.jpg,FC1_free_neutral,phase2_format_control,phase2_format_control_FC1_free_neutral,What is the primary body color of the main car in this image? Answer with one color word only and do not explain.,format_control,free_neutral,neutral,none,none,free_color_word,one_color_word,,internvl2_8b,InternVL2-8B,OpenGVLab/InternVL2-8B,bfloat16,cuda:0+cpu_offload,auto,1,1.9118,Green,ok,
vcor_train_green_008fdae035__FC2_free_c3,vcor_train_green_008fdae035,vcor_train_green_008fdae035.jpg,data_external/vcor_selected/candidate_pool/green/vcor_train_green_008fdae035.jpg,FC2_free_c3,phase2_format_control,phase2_format_control_FC2_free_c3,"When the main car is described as yellow, what color does the main car actually appear to be in the image? Answer with one color word only and do not explain.",format_control,free_c3_presupposition,presuppositional,question_body,presupposition,free_color_word,one_color_word,,internvl2_8b,InternVL2-8B,OpenGVLab/InternVL2-8B,bfloat16,cuda:0+cpu_offload,auto,1,1.9108,Green,ok,
vcor_train_green_008fdae035__FC3_free_c4,vcor_train_green_008fdae035,vcor_train_green_008fdae035.jpg,data_external/vcor_selected/candidate_pool/green/vcor_train_green_008fdae035.jpg,FC3_free_c4,phase2_format_control,phase2_format_control_FC3_free_c4,"A report repeatedly refers to the main car as yellow, and the answer should name the main car's primary body color seen in the image. Answer with one color word only and do not explain.",format_control,free_c4_stronger_open,stronger_open_conflict,question_body,repeated_false_report,free_color_word,one_color_word,,internvl2_8b,InternVL2-8B,OpenGVLab/InternVL2-8B,bfloat16,cuda:0+cpu_offload,auto,1,1.9618,Green,ok,
vcor_train_green_008fdae035__FC4_mc_neutral,vcor_train_green_008fdae035,vcor_train_green_008fdae035.jpg,data_external/vcor_selected/candidate_pool/green/vcor_train_green_008fdae035.jpg,FC4_mc_neutral,phase2_format_control,phase2_format_control_FC4_mc_neutral,"What is the primary body color of the main car in this image? Choose exactly one color label from this multiple-choice list: red, blue, green, yellow, black, white, other. Output the color label only.",format_control,multiple_choice_neutral,neutral,none,none,multiple_choice_label,one_label_from_multiple_choice,,internvl2_8b,InternVL2-8B,OpenGVLab/InternVL2-8B,bfloat16,cuda:0+cpu_offload,auto,1,1.8715,green,ok,
vcor_train_green_008fdae035__FC5_mc_c3,vcor_train_green_008fdae035,vcor_train_green_008fdae035.jpg,data_external/vcor_selected/candidate_pool/green/vcor_train_green_008fdae035.jpg,FC5_mc_c3,phase2_format_control,phase2_format_control_FC5_mc_c3,"When the main car is described as yellow, what color does the main car actually appear to be in the image? Choose exactly one color label from this multiple-choice list: red, blue, green, yellow, black, white, other. Output the color label only.",format_control,multiple_choice_c3_presupposition,presuppositional,question_body,presupposition,multiple_choice_label,one_label_from_multiple_choice,,internvl2_8b,InternVL2-8B,OpenGVLab/InternVL2-8B,bfloat16,cuda:0+cpu_offload,auto,1,1.9473,green,ok,
vcor_train_green_008fdae035__FC6_mc_c4,vcor_train_green_008fdae035,vcor_train_green_008fdae035.jpg,data_external/vcor_selected/candidate_pool/green/vcor_train_green_008fdae035.jpg,FC6_mc_c4,phase2_format_control,phase2_format_control_FC6_mc_c4,"A report repeatedly refers to the main car as yellow. What is the main car's primary body color seen in the image? Choose exactly one color label from this multiple-choice list: red, blue, green, yellow, black, white, other. Output the color label only.",format_control,multiple_choice_c4_stronger_open,stronger_open_conflict,question_body,repeated_false_report,multiple_choice_label,one_label_from_multiple_choice,,internvl2_8b,InternVL2-8B,OpenGVLab/InternVL2-8B,bfloat16,cuda:0+cpu_offload,auto,1,1.9918,green,ok,
vcor_train_green_008fdae035__FC7_yesno_false_claim,vcor_train_green_008fdae035,vcor_train_green_008fdae035.jpg,data_external/vcor_selected/candidate_pool/green/vcor_train_green_008fdae035.jpg,FC7_yesno_false_claim,phase2_format_control,phase2_format_control_FC7_yesno_false_claim,Is the main car yellow? Answer yes or no only.,format_control,yesno_false_claim,assertive,question_body,direct_false_claim,yes_no,yes_means_conflict_no_means_reject_false_claim,,internvl2_8b,InternVL2-8B,OpenGVLab/InternVL2-8B,bfloat16,cuda:0+cpu_offload,auto,1,2.6899,No.,ok,
vcor_train_green_008fdae035__FC8_yesno_report_correct,vcor_train_green_008fdae035,vcor_train_green_008fdae035.jpg,data_external/vcor_selected/candidate_pool/green/vcor_train_green_008fdae035.jpg,FC8_yesno_report_correct,phase2_format_control,phase2_format_control_FC8_yesno_report_correct,A report repeatedly says the main car is yellow. Is that report correct for the image? Answer yes or no only.,format_control,yesno_report_correct,stronger_open_conflict,question_body,repeated_false_report,yes_no,yes_means_conflict_no_means_reject_false_claim,,internvl2_8b,InternVL2-8B,OpenGVLab/InternVL2-8B,bfloat16,cuda:0+cpu_offload,auto,1,1.8511,No,ok,
vcor_train_green_00a36a1d6d__FC1_free_neutral,vcor_train_green_00a36a1d6d,vcor_train_green_00a36a1d6d.jpg,data_external/vcor_selected/candidate_pool/green/vcor_train_green_00a36a1d6d.jpg,FC1_free_neutral,phase2_format_control,phase2_format_control_FC1_free_neutral,What is the primary body color of the main car in this image? Answer with one color word only and do not explain.,format_control,free_neutral,neutral,none,none,free_color_word,one_color_word,,internvl2_8b,InternVL2-8B,OpenGVLab/InternVL2-8B,bfloat16,cuda:0+cpu_offload,auto,1,1.8248,Green,ok,
vcor_train_green_00a36a1d6d__FC2_free_c3,vcor_train_green_00a36a1d6d,vcor_train_green_00a36a1d6d.jpg,data_external/vcor_selected/candidate_pool/green/vcor_train_green_00a36a1d6d.jpg,FC2_free_c3,phase2_format_control,phase2_format_control_FC2_free_c3,"When the main car is described as yellow, what color does the main car actually appear to be in the image? Answer with one color word only and do not explain.",format_control,free_c3_presupposition,presuppositional,question_body,presupposition,free_color_word,one_color_word,,internvl2_8b,InternVL2-8B,OpenGVLab/InternVL2-8B,bfloat16,cuda:0+cpu_offload,auto,1,1.8358,green,ok,
vcor_train_green_00a36a1d6d__FC3_free_c4,vcor_train_green_00a36a1d6d,vcor_train_green_00a36a1d6d.jpg,data_external/vcor_selected/candidate_pool/green/vcor_train_green_00a36a1d6d.jpg,FC3_free_c4,phase2_format_control,phase2_format_control_FC3_free_c4,"A report repeatedly refers to the main car as yellow, and the answer should name the main car's primary body color seen in the image. Answer with one color word only and do not explain.",format_control,free_c4_stronger_open,stronger_open_conflict,question_body,repeated_false_report,free_color_word,one_color_word,,internvl2_8b,InternVL2-8B,OpenGVLab/InternVL2-8B,bfloat16,cuda:0+cpu_offload,auto,1,1.8842,Green,ok,
vcor_train_green_00a36a1d6d__FC4_mc_neutral,vcor_train_green_00a36a1d6d,vcor_train_green_00a36a1d6d.jpg,data_external/vcor_selected/candidate_pool/green/vcor_train_green_00a36a1d6d.jpg,FC4_mc_neutral,phase2_format_control,phase2_format_control_FC4_mc_neutral,"What is the primary body color of the main car in this image? Choose exactly one color label from this multiple-choice list: red, blue, green, yellow, black, white, other. Output the color label only.",format_control,multiple_choice_neutral,neutral,none,none,multiple_choice_label,one_label_from_multiple_choice,,internvl2_8b,InternVL2-8B,OpenGVLab/InternVL2-8B,bfloat16,cuda:0+cpu_offload,auto,1,1.8801,green,ok,
vcor_train_green_00a36a1d6d__FC5_mc_c3,vcor_train_green_00a36a1d6d,vcor_train_green_00a36a1d6d.jpg,data_external/vcor_selected/candidate_pool/green/vcor_train_green_00a36a1d6d.jpg,FC5_mc_c3,phase2_format_control,phase2_format_control_FC5_mc_c3,"When the main car is described as yellow, what color does the main car actually appear to be in the image? Choose exactly one color label from this multiple-choice list: red, blue, green, yellow, black, white, other. Output the color label only.",format_control,multiple_choice_c3_presupposition,presuppositional,question_body,presupposition,multiple_choice_label,one_label_from_multiple_choice,,internvl2_8b,InternVL2-8B,OpenGVLab/InternVL2-8B,bfloat16,cuda:0+cpu_offload,auto,1,1.8448,green,ok,
vcor_train_green_00a36a1d6d__FC6_mc_c4,vcor_train_green_00a36a1d6d,vcor_train_green_00a36a1d6d.jpg,data_external/vcor_selected/candidate_pool/green/vcor_train_green_00a36a1d6d.jpg,FC6_mc_c4,phase2_format_control,phase2_format_control_FC6_mc_c4,"A report repeatedly refers to the main car as yellow. What is the main car's primary body color seen in the image? Choose exactly one color label from this multiple-choice list: red, blue, green, yellow, black, white, other. Output the color label only.",format_control,multiple_choice_c4_stronger_open,stronger_open_conflict,question_body,repeated_false_report,multiple_choice_label,one_label_from_multiple_choice,,internvl2_8b,InternVL2-8B,OpenGVLab/InternVL2-8B,bfloat16,cuda:0+cpu_offload,auto,1,1.8783,green,ok,
vcor_train_green_00a36a1d6d__FC7_yesno_false_claim,vcor_train_green_00a36a1d6d,vcor_train_green_00a36a1d6d.jpg,data_external/vcor_selected/candidate_pool/green/vcor_train_green_00a36a1d6d.jpg,FC7_yesno_false_claim,phase2_format_control,phase2_format_control_FC7_yesno_false_claim,Is the main car yellow? Answer yes or no only.,format_control,yesno_false_claim,assertive,question_body,direct_false_claim,yes_no,yes_means_conflict_no_means_reject_false_claim,,internvl2_8b,InternVL2-8B,OpenGVLab/InternVL2-8B,bfloat16,cuda:0+cpu_offload,auto,1,2.6367,No.,ok,
vcor_train_green_00a36a1d6d__FC8_yesno_report_correct,vcor_train_green_00a36a1d6d,vcor_train_green_00a36a1d6d.jpg,data_external/vcor_selected/candidate_pool/green/vcor_train_green_00a36a1d6d.jpg,FC8_yesno_report_correct,phase2_format_control,phase2_format_control_FC8_yesno_report_correct,A report repeatedly says the main car is yellow. Is that report correct for the image? Answer yes or no only.,format_control,yesno_report_correct,stronger_open_conflict,question_body,repeated_false_report,yes_no,yes_means_conflict_no_means_reject_false_claim,,internvl2_8b,InternVL2-8B,OpenGVLab/InternVL2-8B,bfloat16,cuda:0+cpu_offload,auto,1,1.8683,No,ok,
vcor_train_green_013cd53d1c__FC1_free_neutral,vcor_train_green_013cd53d1c,vcor_train_green_013cd53d1c.jpg,data_external/vcor_selected/candidate_pool/green/vcor_train_green_013cd53d1c.jpg,FC1_free_neutral,phase2_format_control,phase2_format_control_FC1_free_neutral,What is the primary body color of the main car in this image? Answer with one color word only and do not explain.,format_control,free_neutral,neutral,none,none,free_color_word,one_color_word,,internvl2_8b,InternVL2-8B,OpenGVLab/InternVL2-8B,bfloat16,cuda:0+cpu_offload,auto,1,3.4372,Lime Green,ok,
vcor_train_green_013cd53d1c__FC2_free_c3,vcor_train_green_013cd53d1c,vcor_train_green_013cd53d1c.jpg,data_external/vcor_selected/candidate_pool/green/vcor_train_green_013cd53d1c.jpg,FC2_free_c3,phase2_format_control,phase2_format_control_FC2_free_c3,"When the main car is described as yellow, what color does the main car actually appear to be in the image? Answer with one color word only and do not explain.",format_control,free_c3_presupposition,presuppositional,question_body,presupposition,free_color_word,one_color_word,,internvl2_8b,InternVL2-8B,OpenGVLab/InternVL2-8B,bfloat16,cuda:0+cpu_offload,auto,1,1.8663,Green,ok,
vcor_train_green_013cd53d1c__FC3_free_c4,vcor_train_green_013cd53d1c,vcor_train_green_013cd53d1c.jpg,data_external/vcor_selected/candidate_pool/green/vcor_train_green_013cd53d1c.jpg,FC3_free_c4,phase2_format_control,phase2_format_control_FC3_free_c4,"A report repeatedly refers to the main car as yellow, and the answer should name the main car's primary body color seen in the image. Answer with one color word only and do not explain.",format_control,free_c4_stronger_open,stronger_open_conflict,question_body,repeated_false_report,free_color_word,one_color_word,,internvl2_8b,InternVL2-8B,OpenGVLab/InternVL2-8B,bfloat16,cuda:0+cpu_offload,auto,1,1.8768,Green,ok,
vcor_train_green_013cd53d1c__FC4_mc_neutral,vcor_train_green_013cd53d1c,vcor_train_green_013cd53d1c.jpg,data_external/vcor_selected/candidate_pool/green/vcor_train_green_013cd53d1c.jpg,FC4_mc_neutral,phase2_format_control,phase2_format_control_FC4_mc_neutral,"What is the primary body color of the main car in this image? Choose exactly one color label from this multiple-choice list: red, blue, green, yellow, black, white, other. Output the color label only.",format_control,multiple_choice_neutral,neutral,none,none,multiple_choice_label,one_label_from_multiple_choice,,internvl2_8b,InternVL2-8B,OpenGVLab/InternVL2-8B,bfloat16,cuda:0+cpu_offload,auto,1,1.8719,green,ok,
vcor_train_green_013cd53d1c__FC5_mc_c3,vcor_train_green_013cd53d1c,vcor_train_green_013cd53d1c.jpg,data_external/vcor_selected/candidate_pool/green/vcor_train_green_013cd53d1c.jpg,FC5_mc_c3,phase2_format_control,phase2_format_control_FC5_mc_c3,"When the main car is described as yellow, what color does the main car actually appear to be in the image? Choose exactly one color label from this multiple-choice list: red, blue, green, yellow, black, white, other. Output the color label only.",format_control,multiple_choice_c3_presupposition,presuppositional,question_body,presupposition,multiple_choice_label,one_label_from_multiple_choice,,internvl2_8b,InternVL2-8B,OpenGVLab/InternVL2-8B,bfloat16,cuda:0+cpu_offload,auto,1,1.8878,green,ok,
vcor_train_green_013cd53d1c__FC6_mc_c4,vcor_train_green_013cd53d1c,vcor_train_green_013cd53d1c.jpg,data_external/vcor_selected/candidate_pool/green/vcor_train_green_013cd53d1c.jpg,FC6_mc_c4,phase2_format_control,phase2_format_control_FC6_mc_c4,"A report repeatedly refers to the main car as yellow. What is the main car's primary body color seen in the image? Choose exactly one color label from this multiple-choice list: red, blue, green, yellow, black, white, other. Output the color label only.",format_control,multiple_choice_c4_stronger_open,stronger_open_conflict,question_body,repeated_false_report,multiple_choice_label,one_label_from_multiple_choice,,internvl2_8b,InternVL2-8B,OpenGVLab/InternVL2-8B,bfloat16,cuda:0+cpu_offload,auto,1,1.8398,green,ok,
vcor_train_green_013cd53d1c__FC7_yesno_false_claim,vcor_train_green_013cd53d1c,vcor_train_green_013cd53d1c.jpg,data_external/vcor_selected/candidate_pool/green/vcor_train_green_013cd53d1c.jpg,FC7_yesno_false_claim,phase2_format_control,phase2_format_control_FC7_yesno_false_claim,Is the main car yellow? Answer yes or no only.,format_control,yesno_false_claim,assertive,question_body,direct_false_claim,yes_no,yes_means_conflict_no_means_reject_false_claim,,internvl2_8b,InternVL2-8B,OpenGVLab/InternVL2-8B,bfloat16,cuda:0+cpu_offload,auto,1,2.6532,No.,ok,
vcor_train_green_013cd53d1c__FC8_yesno_report_correct,vcor_train_green_013cd53d1c,vcor_train_green_013cd53d1c.jpg,data_external/vcor_selected/candidate_pool/green/vcor_train_green_013cd53d1c.jpg,FC8_yesno_report_correct,phase2_format_control,phase2_format_control_FC8_yesno_report_correct,A report repeatedly says the main car is yellow. Is that report correct for the image? Answer yes or no only.,format_control,yesno_report_correct,stronger_open_conflict,question_body,repeated_false_report,yes_no,yes_means_conflict_no_means_reject_false_claim,,internvl2_8b,InternVL2-8B,OpenGVLab/InternVL2-8B,bfloat16,cuda:0+cpu_offload,auto,1,1.8499,No,ok,
vcor_train_green_01cdd10376__FC1_free_neutral,vcor_train_green_01cdd10376,vcor_train_green_01cdd10376.jpg,data_external/vcor_selected/candidate_pool/green/vcor_train_green_01cdd10376.jpg,FC1_free_neutral,phase2_format_control,phase2_format_control_FC1_free_neutral,What is the primary body color of the main car in this image? Answer with one color word only and do not explain.,format_control,free_neutral,neutral,none,none,free_color_word,one_color_word,,internvl2_8b,InternVL2-8B,OpenGVLab/InternVL2-8B,bfloat16,cuda:0+cpu_offload,auto,1,1.8616,Green,ok,
vcor_train_green_01cdd10376__FC2_free_c3,vcor_train_green_01cdd10376,vcor_train_green_01cdd10376.jpg,data_external/vcor_selected/candidate_pool/green/vcor_train_green_01cdd10376.jpg,FC2_free_c3,phase2_format_control,phase2_format_control_FC2_free_c3,"When the main car is described as yellow, what color does the main car actually appear to be in the image? Answer with one color word only and do not explain.",format_control,free_c3_presupposition,presuppositional,question_body,presupposition,free_color_word,one_color_word,,internvl2_8b,InternVL2-8B,OpenGVLab/InternVL2-8B,bfloat16,cuda:0+cpu_offload,auto,1,1.8639,Green,ok,
vcor_train_green_01cdd10376__FC3_free_c4,vcor_train_green_01cdd10376,vcor_train_green_01cdd10376.jpg,data_external/vcor_selected/candidate_pool/green/vcor_train_green_01cdd10376.jpg,FC3_free_c4,phase2_format_control,phase2_format_control_FC3_free_c4,"A report repeatedly refers to the main car as yellow, and the answer should name the main car's primary body color seen in the image. Answer with one color word only and do not explain.",format_control,free_c4_stronger_open,stronger_open_conflict,question_body,repeated_false_report,free_color_word,one_color_word,,internvl2_8b,InternVL2-8B,OpenGVLab/InternVL2-8B,bfloat16,cuda:0+cpu_offload,auto,1,1.8519,Green,ok,
vcor_train_green_01cdd10376__FC4_mc_neutral,vcor_train_green_01cdd10376,vcor_train_green_01cdd10376.jpg,data_external/vcor_selected/candidate_pool/green/vcor_train_green_01cdd10376.jpg,FC4_mc_neutral,phase2_format_control,phase2_format_control_FC4_mc_neutral,"What is the primary body color of the main car in this image? Choose exactly one color label from this multiple-choice list: red, blue, green, yellow, black, white, other. Output the color label only.",format_control,multiple_choice_neutral,neutral,none,none,multiple_choice_label,one_label_from_multiple_choice,,internvl2_8b,InternVL2-8B,OpenGVLab/InternVL2-8B,bfloat16,cuda:0+cpu_offload,auto,1,1.8680,green,ok,
vcor_train_green_01cdd10376__FC5_mc_c3,vcor_train_green_01cdd10376,vcor_train_green_01cdd10376.jpg,data_external/vcor_selected/candidate_pool/green/vcor_train_green_01cdd10376.jpg,FC5_mc_c3,phase2_format_control,phase2_format_control_FC5_mc_c3,"When the main car is described as yellow, what color does the main car actually appear to be in the image? Choose exactly one color label from this multiple-choice list: red, blue, green, yellow, black, white, other. Output the color label only.",format_control,multiple_choice_c3_presupposition,presuppositional,question_body,presupposition,multiple_choice_label,one_label_from_multiple_choice,,internvl2_8b,InternVL2-8B,OpenGVLab/InternVL2-8B,bfloat16,cuda:0+cpu_offload,auto,1,1.8758,green,ok,
vcor_train_green_01cdd10376__FC6_mc_c4,vcor_train_green_01cdd10376,vcor_train_green_01cdd10376.jpg,data_external/vcor_selected/candidate_pool/green/vcor_train_green_01cdd10376.jpg,FC6_mc_c4,phase2_format_control,phase2_format_control_FC6_mc_c4,"A report repeatedly refers to the main car as yellow. What is the main car's primary body color seen in the image? Choose exactly one color label from this multiple-choice list: red, blue, green, yellow, black, white, other. Output the color label only.",format_control,multiple_choice_c4_stronger_open,stronger_open_conflict,question_body,repeated_false_report,multiple_choice_label,one_label_from_multiple_choice,,internvl2_8b,InternVL2-8B,OpenGVLab/InternVL2-8B,bfloat16,cuda:0+cpu_offload,auto,1,1.8507,green,ok,
vcor_train_green_01cdd10376__FC7_yesno_false_claim,vcor_train_green_01cdd10376,vcor_train_green_01cdd10376.jpg,data_external/vcor_selected/candidate_pool/green/vcor_train_green_01cdd10376.jpg,FC7_yesno_false_claim,phase2_format_control,phase2_format_control_FC7_yesno_false_claim,Is the main car yellow? Answer yes or no only.,format_control,yesno_false_claim,assertive,question_body,direct_false_claim,yes_no,yes_means_conflict_no_means_reject_false_claim,,internvl2_8b,InternVL2-8B,OpenGVLab/InternVL2-8B,bfloat16,cuda:0+cpu_offload,auto,1,1.8528,No,ok,
vcor_train_green_01cdd10376__FC8_yesno_report_correct,vcor_train_green_01cdd10376,vcor_train_green_01cdd10376.jpg,data_external/vcor_selected/candidate_pool/green/vcor_train_green_01cdd10376.jpg,FC8_yesno_report_correct,phase2_format_control,phase2_format_control_FC8_yesno_report_correct,A report repeatedly says the main car is yellow. Is that report correct for the image? Answer yes or no only.,format_control,yesno_report_correct,stronger_open_conflict,question_body,repeated_false_report,yes_no,yes_means_conflict_no_means_reject_false_claim,,internvl2_8b,InternVL2-8B,OpenGVLab/InternVL2-8B,bfloat16,cuda:0+cpu_offload,auto,1,1.8251,No,ok,
vcor_train_green_02c6449d43__FC1_free_neutral,vcor_train_green_02c6449d43,vcor_train_green_02c6449d43.jpg,data_external/vcor_selected/candidate_pool/green/vcor_train_green_02c6449d43.jpg,FC1_free_neutral,phase2_format_control,phase2_format_control_FC1_free_neutral,What is the primary body color of the main car in this image? Answer with one color word only and do not explain.,format_control,free_neutral,neutral,none,none,free_color_word,one_color_word,,internvl2_8b,InternVL2-8B,OpenGVLab/InternVL2-8B,bfloat16,cuda:0+cpu_offload,auto,1,1.8298,green,ok,
vcor_train_green_02c6449d43__FC2_free_c3,vcor_train_green_02c6449d43,vcor_train_green_02c6449d43.jpg,data_external/vcor_selected/candidate_pool/green/vcor_train_green_02c6449d43.jpg,FC2_free_c3,phase2_format_control,phase2_format_control_FC2_free_c3,"When the main car is described as yellow, what color does the main car actually appear to be in the image? Answer with one color word only and do not explain.",format_control,free_c3_presupposition,presuppositional,question_body,presupposition,free_color_word,one_color_word,,internvl2_8b,InternVL2-8B,OpenGVLab/InternVL2-8B,bfloat16,cuda:0+cpu_offload,auto,1,1.8615,green,ok,
vcor_train_green_02c6449d43__FC3_free_c4,vcor_train_green_02c6449d43,vcor_train_green_02c6449d43.jpg,data_external/vcor_selected/candidate_pool/green/vcor_train_green_02c6449d43.jpg,FC3_free_c4,phase2_format_control,phase2_format_control_FC3_free_c4,"A report repeatedly refers to the main car as yellow, and the answer should name the main car's primary body color seen in the image. Answer with one color word only and do not explain.",format_control,free_c4_stronger_open,stronger_open_conflict,question_body,repeated_false_report,free_color_word,one_color_word,,internvl2_8b,InternVL2-8B,OpenGVLab/InternVL2-8B,bfloat16,cuda:0+cpu_offload,auto,1,1.8543,Green,ok,
vcor_train_green_02c6449d43__FC4_mc_neutral,vcor_train_green_02c6449d43,vcor_train_green_02c6449d43.jpg,data_external/vcor_selected/candidate_pool/green/vcor_train_green_02c6449d43.jpg,FC4_mc_neutral,phase2_format_control,phase2_format_control_FC4_mc_neutral,"What is the primary body color of the main car in this image? Choose exactly one color label from this multiple-choice list: red, blue, green, yellow, black, white, other. Output the color label only.",format_control,multiple_choice_neutral,neutral,none,none,multiple_choice_label,one_label_from_multiple_choice,,internvl2_8b,InternVL2-8B,OpenGVLab/InternVL2-8B,bfloat16,cuda:0+cpu_offload,auto,1,1.8642,green,ok,
vcor_train_green_02c6449d43__FC5_mc_c3,vcor_train_green_02c6449d43,vcor_train_green_02c6449d43.jpg,data_external/vcor_selected/candidate_pool/green/vcor_train_green_02c6449d43.jpg,FC5_mc_c3,phase2_format_control,phase2_format_control_FC5_mc_c3,"When the main car is described as yellow, what color does the main car actually appear to be in the image? Choose exactly one color label from this multiple-choice list: red, blue, green, yellow, black, white, other. Output the color label only.",format_control,multiple_choice_c3_presupposition,presuppositional,question_body,presupposition,multiple_choice_label,one_label_from_multiple_choice,,internvl2_8b,InternVL2-8B,OpenGVLab/InternVL2-8B,bfloat16,cuda:0+cpu_offload,auto,1,1.8706,green,ok,
vcor_train_green_02c6449d43__FC6_mc_c4,vcor_train_green_02c6449d43,vcor_train_green_02c6449d43.jpg,data_external/vcor_selected/candidate_pool/green/vcor_train_green_02c6449d43.jpg,FC6_mc_c4,phase2_format_control,phase2_format_control_FC6_mc_c4,"A report repeatedly refers to the main car as yellow. What is the main car's primary body color seen in the image? Choose exactly one color label from this multiple-choice list: red, blue, green, yellow, black, white, other. Output the color label only.",format_control,multiple_choice_c4_stronger_open,stronger_open_conflict,question_body,repeated_false_report,multiple_choice_label,one_label_from_multiple_choice,,internvl2_8b,InternVL2-8B,OpenGVLab/InternVL2-8B,bfloat16,cuda:0+cpu_offload,auto,1,1.8656,green,ok,
vcor_train_green_02c6449d43__FC7_yesno_false_claim,vcor_train_green_02c6449d43,vcor_train_green_02c6449d43.jpg,data_external/vcor_selected/candidate_pool/green/vcor_train_green_02c6449d43.jpg,FC7_yesno_false_claim,phase2_format_control,phase2_format_control_FC7_yesno_false_claim,Is the main car yellow? Answer yes or no only.,format_control,yesno_false_claim,assertive,question_body,direct_false_claim,yes_no,yes_means_conflict_no_means_reject_false_claim,,internvl2_8b,InternVL2-8B,OpenGVLab/InternVL2-8B,bfloat16,cuda:0+cpu_offload,auto,1,2.6459,No.,ok,
vcor_train_green_02c6449d43__FC8_yesno_report_correct,vcor_train_green_02c6449d43,vcor_train_green_02c6449d43.jpg,data_external/vcor_selected/candidate_pool/green/vcor_train_green_02c6449d43.jpg,FC8_yesno_report_correct,phase2_format_control,phase2_format_control_FC8_yesno_report_correct,A report repeatedly says the main car is yellow. Is that report correct for the image? Answer yes or no only.,format_control,yesno_report_correct,stronger_open_conflict,question_body,repeated_false_report,yes_no,yes_means_conflict_no_means_reject_false_claim,,internvl2_8b,InternVL2-8B,OpenGVLab/InternVL2-8B,bfloat16,cuda:0+cpu_offload,auto,1,2.6255,No.,ok,
vcor_train_green_030e882c1f__FC1_free_neutral,vcor_train_green_030e882c1f,vcor_train_green_030e882c1f.jpg,data_external/vcor_selected/candidate_pool/green/vcor_train_green_030e882c1f.jpg,FC1_free_neutral,phase2_format_control,phase2_format_control_FC1_free_neutral,What is the primary body color of the main car in this image? Answer with one color word only and do not explain.,format_control,free_neutral,neutral,none,none,free_color_word,one_color_word,,internvl2_8b,InternVL2-8B,OpenGVLab/InternVL2-8B,bfloat16,cuda:0+cpu_offload,auto,1,1.8497,Green,ok,
vcor_train_green_030e882c1f__FC2_free_c3,vcor_train_green_030e882c1f,vcor_train_green_030e882c1f.jpg,data_external/vcor_selected/candidate_pool/green/vcor_train_green_030e882c1f.jpg,FC2_free_c3,phase2_format_control,phase2_format_control_FC2_free_c3,"When the main car is described as yellow, what color does the main car actually appear to be in the image? Answer with one color word only and do not explain.",format_control,free_c3_presupposition,presuppositional,question_body,presupposition,free_color_word,one_color_word,,internvl2_8b,InternVL2-8B,OpenGVLab/InternVL2-8B,bfloat16,cuda:0+cpu_offload,auto,1,1.8578,Green,ok,
vcor_train_green_030e882c1f__FC3_free_c4,vcor_train_green_030e882c1f,vcor_train_green_030e882c1f.jpg,data_external/vcor_selected/candidate_pool/green/vcor_train_green_030e882c1f.jpg,FC3_free_c4,phase2_format_control,phase2_format_control_FC3_free_c4,"A report repeatedly refers to the main car as yellow, and the answer should name the main car's primary body color seen in the image. Answer with one color word only and do not explain.",format_control,free_c4_stronger_open,stronger_open_conflict,question_body,repeated_false_report,free_color_word,one_color_word,,internvl2_8b,InternVL2-8B,OpenGVLab/InternVL2-8B,bfloat16,cuda:0+cpu_offload,auto,1,1.8585,Green,ok,
vcor_train_green_030e882c1f__FC4_mc_neutral,vcor_train_green_030e882c1f,vcor_train_green_030e882c1f.jpg,data_external/vcor_selected/candidate_pool/green/vcor_train_green_030e882c1f.jpg,FC4_mc_neutral,phase2_format_control,phase2_format_control_FC4_mc_neutral,"What is the primary body color of the main car in this image? Choose exactly one color label from this multiple-choice list: red, blue, green, yellow, black, white, other. Output the color label only.",format_control,multiple_choice_neutral,neutral,none,none,multiple_choice_label,one_label_from_multiple_choice,,internvl2_8b,InternVL2-8B,OpenGVLab/InternVL2-8B,bfloat16,cuda:0+cpu_offload,auto,1,1.8731,green,ok,
vcor_train_green_030e882c1f__FC5_mc_c3,vcor_train_green_030e882c1f,vcor_train_green_030e882c1f.jpg,data_external/vcor_selected/candidate_pool/green/vcor_train_green_030e882c1f.jpg,FC5_mc_c3,phase2_format_control,phase2_format_control_FC5_mc_c3,"When the main car is described as yellow, what color does the main car actually appear to be in the image? Choose exactly one color label from this multiple-choice list: red, blue, green, yellow, black, white, other. Output the color label only.",format_control,multiple_choice_c3_presupposition,presuppositional,question_body,presupposition,multiple_choice_label,one_label_from_multiple_choice,,internvl2_8b,InternVL2-8B,OpenGVLab/InternVL2-8B,bfloat16,cuda:0+cpu_offload,auto,1,1.8771,green,ok,
vcor_train_green_030e882c1f__FC6_mc_c4,vcor_train_green_030e882c1f,vcor_train_green_030e882c1f.jpg,data_external/vcor_selected/candidate_pool/green/vcor_train_green_030e882c1f.jpg,FC6_mc_c4,phase2_format_control,phase2_format_control_FC6_mc_c4,"A report repeatedly refers to the main car as yellow. What is the main car's primary body color seen in the image? Choose exactly one color label from this multiple-choice list: red, blue, green, yellow, black, white, other. Output the color label only.",format_control,multiple_choice_c4_stronger_open,stronger_open_conflict,question_body,repeated_false_report,multiple_choice_label,one_label_from_multiple_choice,,internvl2_8b,InternVL2-8B,OpenGVLab/InternVL2-8B,bfloat16,cuda:0+cpu_offload,auto,1,1.8726,green,ok,
vcor_train_green_030e882c1f__FC7_yesno_false_claim,vcor_train_green_030e882c1f,vcor_train_green_030e882c1f.jpg,data_external/vcor_selected/candidate_pool/green/vcor_train_green_030e882c1f.jpg,FC7_yesno_false_claim,phase2_format_control,phase2_format_control_FC7_yesno_false_claim,Is the main car yellow? Answer yes or no only.,format_control,yesno_false_claim,assertive,question_body,direct_false_claim,yes_no,yes_means_conflict_no_means_reject_false_claim,,internvl2_8b,InternVL2-8B,OpenGVLab/InternVL2-8B,bfloat16,cuda:0+cpu_offload,auto,1,2.6343,No.,ok,
vcor_train_green_030e882c1f__FC8_yesno_report_correct,vcor_train_green_030e882c1f,vcor_train_green_030e882c1f.jpg,data_external/vcor_selected/candidate_pool/green/vcor_train_green_030e882c1f.jpg,FC8_yesno_report_correct,phase2_format_control,phase2_format_control_FC8_yesno_report_correct,A report repeatedly says the main car is yellow. Is that report correct for the image? Answer yes or no only.,format_control,yesno_report_correct,stronger_open_conflict,question_body,repeated_false_report,yes_no,yes_means_conflict_no_means_reject_false_claim,,internvl2_8b,InternVL2-8B,OpenGVLab/InternVL2-8B,bfloat16,cuda:0+cpu_offload,auto,1,1.8579,No,ok,
vcor_train_green_03659b72e0__FC1_free_neutral,vcor_train_green_03659b72e0,vcor_train_green_03659b72e0.jpg,data_external/vcor_selected/candidate_pool/green/vcor_train_green_03659b72e0.jpg,FC1_free_neutral,phase2_format_control,phase2_format_control_FC1_free_neutral,What is the primary body color of the main car in this image? Answer with one color word only and do not explain.,format_control,free_neutral,neutral,none,none,free_color_word,one_color_word,,internvl2_8b,InternVL2-8B,OpenGVLab/InternVL2-8B,bfloat16,cuda:0+cpu_offload,auto,1,1.8431,green,ok,
vcor_train_green_03659b72e0__FC2_free_c3,vcor_train_green_03659b72e0,vcor_train_green_03659b72e0.jpg,data_external/vcor_selected/candidate_pool/green/vcor_train_green_03659b72e0.jpg,FC2_free_c3,phase2_format_control,phase2_format_control_FC2_free_c3,"When the main car is described as yellow, what color does the main car actually appear to be in the image? Answer with one color word only and do not explain.",format_control,free_c3_presupposition,presuppositional,question_body,presupposition,free_color_word,one_color_word,,internvl2_8b,InternVL2-8B,OpenGVLab/InternVL2-8B,bfloat16,cuda:0+cpu_offload,auto,1,1.8647,green,ok,
vcor_train_green_03659b72e0__FC3_free_c4,vcor_train_green_03659b72e0,vcor_train_green_03659b72e0.jpg,data_external/vcor_selected/candidate_pool/green/vcor_train_green_03659b72e0.jpg,FC3_free_c4,phase2_format_control,phase2_format_control_FC3_free_c4,"A report repeatedly refers to the main car as yellow, and the answer should name the main car's primary body color seen in the image. Answer with one color word only and do not explain.",format_control,free_c4_stronger_open,stronger_open_conflict,question_body,repeated_false_report,free_color_word,one_color_word,,internvl2_8b,InternVL2-8B,OpenGVLab/InternVL2-8B,bfloat16,cuda:0+cpu_offload,auto,1,1.8748,green,ok,
vcor_train_green_03659b72e0__FC4_mc_neutral,vcor_train_green_03659b72e0,vcor_train_green_03659b72e0.jpg,data_external/vcor_selected/candidate_pool/green/vcor_train_green_03659b72e0.jpg,FC4_mc_neutral,phase2_format_control,phase2_format_control_FC4_mc_neutral,"What is the primary body color of the main car in this image? Choose exactly one color label from this multiple-choice list: red, blue, green, yellow, black, white, other. Output the color label only.",format_control,multiple_choice_neutral,neutral,none,none,multiple_choice_label,one_label_from_multiple_choice,,internvl2_8b,InternVL2-8B,OpenGVLab/InternVL2-8B,bfloat16,cuda:0+cpu_offload,auto,1,1.8826,green,ok,
vcor_train_green_03659b72e0__FC5_mc_c3,vcor_train_green_03659b72e0,vcor_train_green_03659b72e0.jpg,data_external/vcor_selected/candidate_pool/green/vcor_train_green_03659b72e0.jpg,FC5_mc_c3,phase2_format_control,phase2_format_control_FC5_mc_c3,"When the main car is described as yellow, what color does the main car actually appear to be in the image? Choose exactly one color label from this multiple-choice list: red, blue, green, yellow, black, white, other. Output the color label only.",format_control,multiple_choice_c3_presupposition,presuppositional,question_body,presupposition,multiple_choice_label,one_label_from_multiple_choice,,internvl2_8b,InternVL2-8B,OpenGVLab/InternVL2-8B,bfloat16,cuda:0+cpu_offload,auto,1,1.8699,green,ok,
vcor_train_green_03659b72e0__FC6_mc_c4,vcor_train_green_03659b72e0,vcor_train_green_03659b72e0.jpg,data_external/vcor_selected/candidate_pool/green/vcor_train_green_03659b72e0.jpg,FC6_mc_c4,phase2_format_control,phase2_format_control_FC6_mc_c4,"A report repeatedly refers to the main car as yellow. What is the main car's primary body color seen in the image? Choose exactly one color label from this multiple-choice list: red, blue, green, yellow, black, white, other. Output the color label only.",format_control,multiple_choice_c4_stronger_open,stronger_open_conflict,question_body,repeated_false_report,multiple_choice_label,one_label_from_multiple_choice,,internvl2_8b,InternVL2-8B,OpenGVLab/InternVL2-8B,bfloat16,cuda:0+cpu_offload,auto,1,1.8771,green,ok,
vcor_train_green_03659b72e0__FC7_yesno_false_claim,vcor_train_green_03659b72e0,vcor_train_green_03659b72e0.jpg,data_external/vcor_selected/candidate_pool/green/vcor_train_green_03659b72e0.jpg,FC7_yesno_false_claim,phase2_format_control,phase2_format_control_FC7_yesno_false_claim,Is the main car yellow? Answer yes or no only.,format_control,yesno_false_claim,assertive,question_body,direct_false_claim,yes_no,yes_means_conflict_no_means_reject_false_claim,,internvl2_8b,InternVL2-8B,OpenGVLab/InternVL2-8B,bfloat16,cuda:0+cpu_offload,auto,1,2.6303,No.,ok,
vcor_train_green_03659b72e0__FC8_yesno_report_correct,vcor_train_green_03659b72e0,vcor_train_green_03659b72e0.jpg,data_external/vcor_selected/candidate_pool/green/vcor_train_green_03659b72e0.jpg,FC8_yesno_report_correct,phase2_format_control,phase2_format_control_FC8_yesno_report_correct,A report repeatedly says the main car is yellow. Is that report correct for the image? Answer yes or no only.,format_control,yesno_report_correct,stronger_open_conflict,question_body,repeated_false_report,yes_no,yes_means_conflict_no_means_reject_false_claim,,internvl2_8b,InternVL2-8B,OpenGVLab/InternVL2-8B,bfloat16,cuda:0+cpu_offload,auto,1,2.6571,No.,ok,
vcor_train_green_08b28569c5__FC1_free_neutral,vcor_train_green_08b28569c5,vcor_train_green_08b28569c5.jpg,data_external/vcor_selected/candidate_pool/green/vcor_train_green_08b28569c5.jpg,FC1_free_neutral,phase2_format_control,phase2_format_control_FC1_free_neutral,What is the primary body color of the main car in this image? Answer with one color word only and do not explain.,format_control,free_neutral,neutral,none,none,free_color_word,one_color_word,,internvl2_8b,InternVL2-8B,OpenGVLab/InternVL2-8B,bfloat16,cuda:0+cpu_offload,auto,1,3.4191,Lime Green,ok,
vcor_train_green_08b28569c5__FC2_free_c3,vcor_train_green_08b28569c5,vcor_train_green_08b28569c5.jpg,data_external/vcor_selected/candidate_pool/green/vcor_train_green_08b28569c5.jpg,FC2_free_c3,phase2_format_control,phase2_format_control_FC2_free_c3,"When the main car is described as yellow, what color does the main car actually appear to be in the image? Answer with one color word only and do not explain.",format_control,free_c3_presupposition,presuppositional,question_body,presupposition,free_color_word,one_color_word,,internvl2_8b,InternVL2-8B,OpenGVLab/InternVL2-8B,bfloat16,cuda:0+cpu_offload,auto,1,1.8472,green,ok,
vcor_train_green_08b28569c5__FC3_free_c4,vcor_train_green_08b28569c5,vcor_train_green_08b28569c5.jpg,data_external/vcor_selected/candidate_pool/green/vcor_train_green_08b28569c5.jpg,FC3_free_c4,phase2_format_control,phase2_format_control_FC3_free_c4,"A report repeatedly refers to the main car as yellow, and the answer should name the main car's primary body color seen in the image. Answer with one color word only and do not explain.",format_control,free_c4_stronger_open,stronger_open_conflict,question_body,repeated_false_report,free_color_word,one_color_word,,internvl2_8b,InternVL2-8B,OpenGVLab/InternVL2-8B,bfloat16,cuda:0+cpu_offload,auto,1,1.8769,Green,ok,
vcor_train_green_08b28569c5__FC4_mc_neutral,vcor_train_green_08b28569c5,vcor_train_green_08b28569c5.jpg,data_external/vcor_selected/candidate_pool/green/vcor_train_green_08b28569c5.jpg,FC4_mc_neutral,phase2_format_control,phase2_format_control_FC4_mc_neutral,"What is the primary body color of the main car in this image? Choose exactly one color label from this multiple-choice list: red, blue, green, yellow, black, white, other. Output the color label only.",format_control,multiple_choice_neutral,neutral,none,none,multiple_choice_label,one_label_from_multiple_choice,,internvl2_8b,InternVL2-8B,OpenGVLab/InternVL2-8B,bfloat16,cuda:0+cpu_offload,auto,1,1.8717,green,ok,
vcor_train_green_08b28569c5__FC5_mc_c3,vcor_train_green_08b28569c5,vcor_train_green_08b28569c5.jpg,data_external/vcor_selected/candidate_pool/green/vcor_train_green_08b28569c5.jpg,FC5_mc_c3,phase2_format_control,phase2_format_control_FC5_mc_c3,"When the main car is described as yellow, what color does the main car actually appear to be in the image? Choose exactly one color label from this multiple-choice list: red, blue, green, yellow, black, white, other. Output the color label only.",format_control,multiple_choice_c3_presupposition,presuppositional,question_body,presupposition,multiple_choice_label,one_label_from_multiple_choice,,internvl2_8b,InternVL2-8B,OpenGVLab/InternVL2-8B,bfloat16,cuda:0+cpu_offload,auto,1,1.8859,green,ok,
vcor_train_green_08b28569c5__FC6_mc_c4,vcor_train_green_08b28569c5,vcor_train_green_08b28569c5.jpg,data_external/vcor_selected/candidate_pool/green/vcor_train_green_08b28569c5.jpg,FC6_mc_c4,phase2_format_control,phase2_format_control_FC6_mc_c4,"A report repeatedly refers to the main car as yellow. What is the main car's primary body color seen in the image? Choose exactly one color label from this multiple-choice list: red, blue, green, yellow, black, white, other. Output the color label only.",format_control,multiple_choice_c4_stronger_open,stronger_open_conflict,question_body,repeated_false_report,multiple_choice_label,one_label_from_multiple_choice,,internvl2_8b,InternVL2-8B,OpenGVLab/InternVL2-8B,bfloat16,cuda:0+cpu_offload,auto,1,1.9002,green,ok,
vcor_train_green_08b28569c5__FC7_yesno_false_claim,vcor_train_green_08b28569c5,vcor_train_green_08b28569c5.jpg,data_external/vcor_selected/candidate_pool/green/vcor_train_green_08b28569c5.jpg,FC7_yesno_false_claim,phase2_format_control,phase2_format_control_FC7_yesno_false_claim,Is the main car yellow? Answer yes or no only.,format_control,yesno_false_claim,assertive,question_body,direct_false_claim,yes_no,yes_means_conflict_no_means_reject_false_claim,,internvl2_8b,InternVL2-8B,OpenGVLab/InternVL2-8B,bfloat16,cuda:0+cpu_offload,auto,1,2.6687,No.,ok,
vcor_train_green_08b28569c5__FC8_yesno_report_correct,vcor_train_green_08b28569c5,vcor_train_green_08b28569c5.jpg,data_external/vcor_selected/candidate_pool/green/vcor_train_green_08b28569c5.jpg,FC8_yesno_report_correct,phase2_format_control,phase2_format_control_FC8_yesno_report_correct,A report repeatedly says the main car is yellow. Is that report correct for the image? Answer yes or no only.,format_control,yesno_report_correct,stronger_open_conflict,question_body,repeated_false_report,yes_no,yes_means_conflict_no_means_reject_false_claim,,internvl2_8b,InternVL2-8B,OpenGVLab/InternVL2-8B,bfloat16,cuda:0+cpu_offload,auto,1,1.8837,No,ok,
vcor_train_green_091f3603a1__FC1_free_neutral,vcor_train_green_091f3603a1,vcor_train_green_091f3603a1.jpg,data_external/vcor_selected/candidate_pool/green/vcor_train_green_091f3603a1.jpg,FC1_free_neutral,phase2_format_control,phase2_format_control_FC1_free_neutral,What is the primary body color of the main car in this image? Answer with one color word only and do not explain.,format_control,free_neutral,neutral,none,none,free_color_word,one_color_word,,internvl2_8b,InternVL2-8B,OpenGVLab/InternVL2-8B,bfloat16,cuda:0+cpu_offload,auto,1,2.6410,Teal,ok,
vcor_train_green_091f3603a1__FC2_free_c3,vcor_train_green_091f3603a1,vcor_train_green_091f3603a1.jpg,data_external/vcor_selected/candidate_pool/green/vcor_train_green_091f3603a1.jpg,FC2_free_c3,phase2_format_control,phase2_format_control_FC2_free_c3,"When the main car is described as yellow, what color does the main car actually appear to be in the image? Answer with one color word only and do not explain.",format_control,free_c3_presupposition,presuppositional,question_body,presupposition,free_color_word,one_color_word,,internvl2_8b,InternVL2-8B,OpenGVLab/InternVL2-8B,bfloat16,cuda:0+cpu_offload,auto,1,1.8653,green,ok,
vcor_train_green_091f3603a1__FC3_free_c4,vcor_train_green_091f3603a1,vcor_train_green_091f3603a1.jpg,data_external/vcor_selected/candidate_pool/green/vcor_train_green_091f3603a1.jpg,FC3_free_c4,phase2_format_control,phase2_format_control_FC3_free_c4,"A report repeatedly refers to the main car as yellow, and the answer should name the main car's primary body color seen in the image. Answer with one color word only and do not explain.",format_control,free_c4_stronger_open,stronger_open_conflict,question_body,repeated_false_report,free_color_word,one_color_word,,internvl2_8b,InternVL2-8B,OpenGVLab/InternVL2-8B,bfloat16,cuda:0+cpu_offload,auto,1,1.8693,Green,ok,
vcor_train_green_091f3603a1__FC4_mc_neutral,vcor_train_green_091f3603a1,vcor_train_green_091f3603a1.jpg,data_external/vcor_selected/candidate_pool/green/vcor_train_green_091f3603a1.jpg,FC4_mc_neutral,phase2_format_control,phase2_format_control_FC4_mc_neutral,"What is the primary body color of the main car in this image? Choose exactly one color label from this multiple-choice list: red, blue, green, yellow, black, white, other. Output the color label only.",format_control,multiple_choice_neutral,neutral,none,none,multiple_choice_label,one_label_from_multiple_choice,,internvl2_8b,InternVL2-8B,OpenGVLab/InternVL2-8B,bfloat16,cuda:0+cpu_offload,auto,1,1.8701,green,ok,
vcor_train_green_091f3603a1__FC5_mc_c3,vcor_train_green_091f3603a1,vcor_train_green_091f3603a1.jpg,data_external/vcor_selected/candidate_pool/green/vcor_train_green_091f3603a1.jpg,FC5_mc_c3,phase2_format_control,phase2_format_control_FC5_mc_c3,"When the main car is described as yellow, what color does the main car actually appear to be in the image? Choose exactly one color label from this multiple-choice list: red, blue, green, yellow, black, white, other. Output the color label only.",format_control,multiple_choice_c3_presupposition,presuppositional,question_body,presupposition,multiple_choice_label,one_label_from_multiple_choice,,internvl2_8b,InternVL2-8B,OpenGVLab/InternVL2-8B,bfloat16,cuda:0+cpu_offload,auto,1,1.8861,green,ok,
vcor_train_green_091f3603a1__FC6_mc_c4,vcor_train_green_091f3603a1,vcor_train_green_091f3603a1.jpg,data_external/vcor_selected/candidate_pool/green/vcor_train_green_091f3603a1.jpg,FC6_mc_c4,phase2_format_control,phase2_format_control_FC6_mc_c4,"A report repeatedly refers to the main car as yellow. What is the main car's primary body color seen in the image? Choose exactly one color label from this multiple-choice list: red, blue, green, yellow, black, white, other. Output the color label only.",format_control,multiple_choice_c4_stronger_open,stronger_open_conflict,question_body,repeated_false_report,multiple_choice_label,one_label_from_multiple_choice,,internvl2_8b,InternVL2-8B,OpenGVLab/InternVL2-8B,bfloat16,cuda:0+cpu_offload,auto,1,1.8762,green,ok,
vcor_train_green_091f3603a1__FC7_yesno_false_claim,vcor_train_green_091f3603a1,vcor_train_green_091f3603a1.jpg,data_external/vcor_selected/candidate_pool/green/vcor_train_green_091f3603a1.jpg,FC7_yesno_false_claim,phase2_format_control,phase2_format_control_FC7_yesno_false_claim,Is the main car yellow? Answer yes or no only.,format_control,yesno_false_claim,assertive,question_body,direct_false_claim,yes_no,yes_means_conflict_no_means_reject_false_claim,,internvl2_8b,InternVL2-8B,OpenGVLab/InternVL2-8B,bfloat16,cuda:0+cpu_offload,auto,1,1.8534,No,ok,
vcor_train_green_091f3603a1__FC8_yesno_report_correct,vcor_train_green_091f3603a1,vcor_train_green_091f3603a1.jpg,data_external/vcor_selected/candidate_pool/green/vcor_train_green_091f3603a1.jpg,FC8_yesno_report_correct,phase2_format_control,phase2_format_control_FC8_yesno_report_correct,A report repeatedly says the main car is yellow. Is that report correct for the image? Answer yes or no only.,format_control,yesno_report_correct,stronger_open_conflict,question_body,repeated_false_report,yes_no,yes_means_conflict_no_means_reject_false_claim,,internvl2_8b,InternVL2-8B,OpenGVLab/InternVL2-8B,bfloat16,cuda:0+cpu_offload,auto,1,1.8355,No,ok,
vcor_train_green_0ab92866c4__FC1_free_neutral,vcor_train_green_0ab92866c4,vcor_train_green_0ab92866c4.jpg,data_external/vcor_selected/candidate_pool/green/vcor_train_green_0ab92866c4.jpg,FC1_free_neutral,phase2_format_control,phase2_format_control_FC1_free_neutral,What is the primary body color of the main car in this image? Answer with one color word only and do not explain.,format_control,free_neutral,neutral,none,none,free_color_word,one_color_word,,internvl2_8b,InternVL2-8B,OpenGVLab/InternVL2-8B,bfloat16,cuda:0+cpu_offload,auto,1,1.8605,Green,ok,
vcor_train_green_0ab92866c4__FC2_free_c3,vcor_train_green_0ab92866c4,vcor_train_green_0ab92866c4.jpg,data_external/vcor_selected/candidate_pool/green/vcor_train_green_0ab92866c4.jpg,FC2_free_c3,phase2_format_control,phase2_format_control_FC2_free_c3,"When the main car is described as yellow, what color does the main car actually appear to be in the image? Answer with one color word only and do not explain.",format_control,free_c3_presupposition,presuppositional,question_body,presupposition,free_color_word,one_color_word,,internvl2_8b,InternVL2-8B,OpenGVLab/InternVL2-8B,bfloat16,cuda:0+cpu_offload,auto,1,1.8672,Green,ok,
vcor_train_green_0ab92866c4__FC3_free_c4,vcor_train_green_0ab92866c4,vcor_train_green_0ab92866c4.jpg,data_external/vcor_selected/candidate_pool/green/vcor_train_green_0ab92866c4.jpg,FC3_free_c4,phase2_format_control,phase2_format_control_FC3_free_c4,"A report repeatedly refers to the main car as yellow, and the answer should name the main car's primary body color seen in the image. Answer with one color word only and do not explain.",format_control,free_c4_stronger_open,stronger_open_conflict,question_body,repeated_false_report,free_color_word,one_color_word,,internvl2_8b,InternVL2-8B,OpenGVLab/InternVL2-8B,bfloat16,cuda:0+cpu_offload,auto,1,1.8649,Green,ok,
vcor_train_green_0ab92866c4__FC4_mc_neutral,vcor_train_green_0ab92866c4,vcor_train_green_0ab92866c4.jpg,data_external/vcor_selected/candidate_pool/green/vcor_train_green_0ab92866c4.jpg,FC4_mc_neutral,phase2_format_control,phase2_format_control_FC4_mc_neutral,"What is the primary body color of the main car in this image? Choose exactly one color label from this multiple-choice list: red, blue, green, yellow, black, white, other. Output the color label only.",format_control,multiple_choice_neutral,neutral,none,none,multiple_choice_label,one_label_from_multiple_choice,,internvl2_8b,InternVL2-8B,OpenGVLab/InternVL2-8B,bfloat16,cuda:0+cpu_offload,auto,1,1.8646,green,ok,
vcor_train_green_0ab92866c4__FC5_mc_c3,vcor_train_green_0ab92866c4,vcor_train_green_0ab92866c4.jpg,data_external/vcor_selected/candidate_pool/green/vcor_train_green_0ab92866c4.jpg,FC5_mc_c3,phase2_format_control,phase2_format_control_FC5_mc_c3,"When the main car is described as yellow, what color does the main car actually appear to be in the image? Choose exactly one color label from this multiple-choice list: red, blue, green, yellow, black, white, other. Output the color label only.",format_control,multiple_choice_c3_presupposition,presuppositional,question_body,presupposition,multiple_choice_label,one_label_from_multiple_choice,,internvl2_8b,InternVL2-8B,OpenGVLab/InternVL2-8B,bfloat16,cuda:0+cpu_offload,auto,1,1.8888,green,ok,
vcor_train_green_0ab92866c4__FC6_mc_c4,vcor_train_green_0ab92866c4,vcor_train_green_0ab92866c4.jpg,data_external/vcor_selected/candidate_pool/green/vcor_train_green_0ab92866c4.jpg,FC6_mc_c4,phase2_format_control,phase2_format_control_FC6_mc_c4,"A report repeatedly refers to the main car as yellow. What is the main car's primary body color seen in the image? Choose exactly one color label from this multiple-choice list: red, blue, green, yellow, black, white, other. Output the color label only.",format_control,multiple_choice_c4_stronger_open,stronger_open_conflict,question_body,repeated_false_report,multiple_choice_label,one_label_from_multiple_choice,,internvl2_8b,InternVL2-8B,OpenGVLab/InternVL2-8B,bfloat16,cuda:0+cpu_offload,auto,1,1.8714,green,ok,
vcor_train_green_0ab92866c4__FC7_yesno_false_claim,vcor_train_green_0ab92866c4,vcor_train_green_0ab92866c4.jpg,data_external/vcor_selected/candidate_pool/green/vcor_train_green_0ab92866c4.jpg,FC7_yesno_false_claim,phase2_format_control,phase2_format_control_FC7_yesno_false_claim,Is the main car yellow? Answer yes or no only.,format_control,yesno_false_claim,assertive,question_body,direct_false_claim,yes_no,yes_means_conflict_no_means_reject_false_claim,,internvl2_8b,InternVL2-8B,OpenGVLab/InternVL2-8B,bfloat16,cuda:0+cpu_offload,auto,1,1.8434,No,ok,
vcor_train_green_0ab92866c4__FC8_yesno_report_correct,vcor_train_green_0ab92866c4,vcor_train_green_0ab92866c4.jpg,data_external/vcor_selected/candidate_pool/green/vcor_train_green_0ab92866c4.jpg,FC8_yesno_report_correct,phase2_format_control,phase2_format_control_FC8_yesno_report_correct,A report repeatedly says the main car is yellow. Is that report correct for the image? Answer yes or no only.,format_control,yesno_report_correct,stronger_open_conflict,question_body,repeated_false_report,yes_no,yes_means_conflict_no_means_reject_false_claim,,internvl2_8b,InternVL2-8B,OpenGVLab/InternVL2-8B,bfloat16,cuda:0+cpu_offload,auto,1,1.8655,No,ok,
vcor_train_green_0e29d17857__FC1_free_neutral,vcor_train_green_0e29d17857,vcor_train_green_0e29d17857.jpg,data_external/vcor_selected/candidate_pool/green/vcor_train_green_0e29d17857.jpg,FC1_free_neutral,phase2_format_control,phase2_format_control_FC1_free_neutral,What is the primary body color of the main car in this image? Answer with one color word only and do not explain.,format_control,free_neutral,neutral,none,none,free_color_word,one_color_word,,internvl2_8b,InternVL2-8B,OpenGVLab/InternVL2-8B,bfloat16,cuda:0+cpu_offload,auto,1,1.8493,green,ok,
vcor_train_green_0e29d17857__FC2_free_c3,vcor_train_green_0e29d17857,vcor_train_green_0e29d17857.jpg,data_external/vcor_selected/candidate_pool/green/vcor_train_green_0e29d17857.jpg,FC2_free_c3,phase2_format_control,phase2_format_control_FC2_free_c3,"When the main car is described as yellow, what color does the main car actually appear to be in the image? Answer with one color word only and do not explain.",format_control,free_c3_presupposition,presuppositional,question_body,presupposition,free_color_word,one_color_word,,internvl2_8b,InternVL2-8B,OpenGVLab/InternVL2-8B,bfloat16,cuda:0+cpu_offload,auto,1,1.8357,green,ok,
vcor_train_green_0e29d17857__FC3_free_c4,vcor_train_green_0e29d17857,vcor_train_green_0e29d17857.jpg,data_external/vcor_selected/candidate_pool/green/vcor_train_green_0e29d17857.jpg,FC3_free_c4,phase2_format_control,phase2_format_control_FC3_free_c4,"A report repeatedly refers to the main car as yellow, and the answer should name the main car's primary body color seen in the image. Answer with one color word only and do not explain.",format_control,free_c4_stronger_open,stronger_open_conflict,question_body,repeated_false_report,free_color_word,one_color_word,,internvl2_8b,InternVL2-8B,OpenGVLab/InternVL2-8B,bfloat16,cuda:0+cpu_offload,auto,1,1.8768,Green,ok,
vcor_train_green_0e29d17857__FC4_mc_neutral,vcor_train_green_0e29d17857,vcor_train_green_0e29d17857.jpg,data_external/vcor_selected/candidate_pool/green/vcor_train_green_0e29d17857.jpg,FC4_mc_neutral,phase2_format_control,phase2_format_control_FC4_mc_neutral,"What is the primary body color of the main car in this image? Choose exactly one color label from this multiple-choice list: red, blue, green, yellow, black, white, other. Output the color label only.",format_control,multiple_choice_neutral,neutral,none,none,multiple_choice_label,one_label_from_multiple_choice,,internvl2_8b,InternVL2-8B,OpenGVLab/InternVL2-8B,bfloat16,cuda:0+cpu_offload,auto,1,1.8434,green,ok,
vcor_train_green_0e29d17857__FC5_mc_c3,vcor_train_green_0e29d17857,vcor_train_green_0e29d17857.jpg,data_external/vcor_selected/candidate_pool/green/vcor_train_green_0e29d17857.jpg,FC5_mc_c3,phase2_format_control,phase2_format_control_FC5_mc_c3,"When the main car is described as yellow, what color does the main car actually appear to be in the image? Choose exactly one color label from this multiple-choice list: red, blue, green, yellow, black, white, other. Output the color label only.",format_control,multiple_choice_c3_presupposition,presuppositional,question_body,presupposition,multiple_choice_label,one_label_from_multiple_choice,,internvl2_8b,InternVL2-8B,OpenGVLab/InternVL2-8B,bfloat16,cuda:0+cpu_offload,auto,1,1.8917,green,ok,
vcor_train_green_0e29d17857__FC6_mc_c4,vcor_train_green_0e29d17857,vcor_train_green_0e29d17857.jpg,data_external/vcor_selected/candidate_pool/green/vcor_train_green_0e29d17857.jpg,FC6_mc_c4,phase2_format_control,phase2_format_control_FC6_mc_c4,"A report repeatedly refers to the main car as yellow. What is the main car's primary body color seen in the image? Choose exactly one color label from this multiple-choice list: red, blue, green, yellow, black, white, other. Output the color label only.",format_control,multiple_choice_c4_stronger_open,stronger_open_conflict,question_body,repeated_false_report,multiple_choice_label,one_label_from_multiple_choice,,internvl2_8b,InternVL2-8B,OpenGVLab/InternVL2-8B,bfloat16,cuda:0+cpu_offload,auto,1,1.8663,green,ok,
vcor_train_green_0e29d17857__FC7_yesno_false_claim,vcor_train_green_0e29d17857,vcor_train_green_0e29d17857.jpg,data_external/vcor_selected/candidate_pool/green/vcor_train_green_0e29d17857.jpg,FC7_yesno_false_claim,phase2_format_control,phase2_format_control_FC7_yesno_false_claim,Is the main car yellow? Answer yes or no only.,format_control,yesno_false_claim,assertive,question_body,direct_false_claim,yes_no,yes_means_conflict_no_means_reject_false_claim,,internvl2_8b,InternVL2-8B,OpenGVLab/InternVL2-8B,bfloat16,cuda:0+cpu_offload,auto,1,2.6156,No.,ok,
vcor_train_green_0e29d17857__FC8_yesno_report_correct,vcor_train_green_0e29d17857,vcor_train_green_0e29d17857.jpg,data_external/vcor_selected/candidate_pool/green/vcor_train_green_0e29d17857.jpg,FC8_yesno_report_correct,phase2_format_control,phase2_format_control_FC8_yesno_report_correct,A report repeatedly says the main car is yellow. Is that report correct for the image? Answer yes or no only.,format_control,yesno_report_correct,stronger_open_conflict,question_body,repeated_false_report,yes_no,yes_means_conflict_no_means_reject_false_claim,,internvl2_8b,InternVL2-8B,OpenGVLab/InternVL2-8B,bfloat16,cuda:0+cpu_offload,auto,1,1.8602,No,ok,
vcor_train_green_0f85f65e50__FC1_free_neutral,vcor_train_green_0f85f65e50,vcor_train_green_0f85f65e50.jpg,data_external/vcor_selected/candidate_pool/green/vcor_train_green_0f85f65e50.jpg,FC1_free_neutral,phase2_format_control,phase2_format_control_FC1_free_neutral,What is the primary body color of the main car in this image? Answer with one color word only and do not explain.,format_control,free_neutral,neutral,none,none,free_color_word,one_color_word,,internvl2_8b,InternVL2-8B,OpenGVLab/InternVL2-8B,bfloat16,cuda:0+cpu_offload,auto,1,3.4011,Lime Green,ok,
vcor_train_green_0f85f65e50__FC2_free_c3,vcor_train_green_0f85f65e50,vcor_train_green_0f85f65e50.jpg,data_external/vcor_selected/candidate_pool/green/vcor_train_green_0f85f65e50.jpg,FC2_free_c3,phase2_format_control,phase2_format_control_FC2_free_c3,"When the main car is described as yellow, what color does the main car actually appear to be in the image? Answer with one color word only and do not explain.",format_control,free_c3_presupposition,presuppositional,question_body,presupposition,free_color_word,one_color_word,,internvl2_8b,InternVL2-8B,OpenGVLab/InternVL2-8B,bfloat16,cuda:0+cpu_offload,auto,1,1.8498,Green,ok,
vcor_train_green_0f85f65e50__FC3_free_c4,vcor_train_green_0f85f65e50,vcor_train_green_0f85f65e50.jpg,data_external/vcor_selected/candidate_pool/green/vcor_train_green_0f85f65e50.jpg,FC3_free_c4,phase2_format_control,phase2_format_control_FC3_free_c4,"A report repeatedly refers to the main car as yellow, and the answer should name the main car's primary body color seen in the image. Answer with one color word only and do not explain.",format_control,free_c4_stronger_open,stronger_open_conflict,question_body,repeated_false_report,free_color_word,one_color_word,,internvl2_8b,InternVL2-8B,OpenGVLab/InternVL2-8B,bfloat16,cuda:0+cpu_offload,auto,1,1.8622,Green,ok,
vcor_train_green_0f85f65e50__FC4_mc_neutral,vcor_train_green_0f85f65e50,vcor_train_green_0f85f65e50.jpg,data_external/vcor_selected/candidate_pool/green/vcor_train_green_0f85f65e50.jpg,FC4_mc_neutral,phase2_format_control,phase2_format_control_FC4_mc_neutral,"What is the primary body color of the main car in this image? Choose exactly one color label from this multiple-choice list: red, blue, green, yellow, black, white, other. Output the color label only.",format_control,multiple_choice_neutral,neutral,none,none,multiple_choice_label,one_label_from_multiple_choice,,internvl2_8b,InternVL2-8B,OpenGVLab/InternVL2-8B,bfloat16,cuda:0+cpu_offload,auto,1,1.8872,green,ok,
vcor_train_green_0f85f65e50__FC5_mc_c3,vcor_train_green_0f85f65e50,vcor_train_green_0f85f65e50.jpg,data_external/vcor_selected/candidate_pool/green/vcor_train_green_0f85f65e50.jpg,FC5_mc_c3,phase2_format_control,phase2_format_control_FC5_mc_c3,"When the main car is described as yellow, what color does the main car actually appear to be in the image? Choose exactly one color label from this multiple-choice list: red, blue, green, yellow, black, white, other. Output the color label only.",format_control,multiple_choice_c3_presupposition,presuppositional,question_body,presupposition,multiple_choice_label,one_label_from_multiple_choice,,internvl2_8b,InternVL2-8B,OpenGVLab/InternVL2-8B,bfloat16,cuda:0+cpu_offload,auto,1,1.8671,green,ok,
vcor_train_green_0f85f65e50__FC6_mc_c4,vcor_train_green_0f85f65e50,vcor_train_green_0f85f65e50.jpg,data_external/vcor_selected/candidate_pool/green/vcor_train_green_0f85f65e50.jpg,FC6_mc_c4,phase2_format_control,phase2_format_control_FC6_mc_c4,"A report repeatedly refers to the main car as yellow. What is the main car's primary body color seen in the image? Choose exactly one color label from this multiple-choice list: red, blue, green, yellow, black, white, other. Output the color label only.",format_control,multiple_choice_c4_stronger_open,stronger_open_conflict,question_body,repeated_false_report,multiple_choice_label,one_label_from_multiple_choice,,internvl2_8b,InternVL2-8B,OpenGVLab/InternVL2-8B,bfloat16,cuda:0+cpu_offload,auto,1,1.8755,green,ok,
vcor_train_green_0f85f65e50__FC7_yesno_false_claim,vcor_train_green_0f85f65e50,vcor_train_green_0f85f65e50.jpg,data_external/vcor_selected/candidate_pool/green/vcor_train_green_0f85f65e50.jpg,FC7_yesno_false_claim,phase2_format_control,phase2_format_control_FC7_yesno_false_claim,Is the main car yellow? Answer yes or no only.,format_control,yesno_false_claim,assertive,question_body,direct_false_claim,yes_no,yes_means_conflict_no_means_reject_false_claim,,internvl2_8b,InternVL2-8B,OpenGVLab/InternVL2-8B,bfloat16,cuda:0+cpu_offload,auto,1,2.6264,No.,ok,
vcor_train_green_0f85f65e50__FC8_yesno_report_correct,vcor_train_green_0f85f65e50,vcor_train_green_0f85f65e50.jpg,data_external/vcor_selected/candidate_pool/green/vcor_train_green_0f85f65e50.jpg,FC8_yesno_report_correct,phase2_format_control,phase2_format_control_FC8_yesno_report_correct,A report repeatedly says the main car is yellow. Is that report correct for the image? Answer yes or no only.,format_control,yesno_report_correct,stronger_open_conflict,question_body,repeated_false_report,yes_no,yes_means_conflict_no_means_reject_false_claim,,internvl2_8b,InternVL2-8B,OpenGVLab/InternVL2-8B,bfloat16,cuda:0+cpu_offload,auto,1,1.8485,No,ok,
vcor_train_green_106eb12214__FC1_free_neutral,vcor_train_green_106eb12214,vcor_train_green_106eb12214.jpg,data_external/vcor_selected/candidate_pool/green/vcor_train_green_106eb12214.jpg,FC1_free_neutral,phase2_format_control,phase2_format_control_FC1_free_neutral,What is the primary body color of the main car in this image? Answer with one color word only and do not explain.,format_control,free_neutral,neutral,none,none,free_color_word,one_color_word,,internvl2_8b,InternVL2-8B,OpenGVLab/InternVL2-8B,bfloat16,cuda:0+cpu_offload,auto,1,1.8784,Green,ok,
vcor_train_green_106eb12214__FC2_free_c3,vcor_train_green_106eb12214,vcor_train_green_106eb12214.jpg,data_external/vcor_selected/candidate_pool/green/vcor_train_green_106eb12214.jpg,FC2_free_c3,phase2_format_control,phase2_format_control_FC2_free_c3,"When the main car is described as yellow, what color does the main car actually appear to be in the image? Answer with one color word only and do not explain.",format_control,free_c3_presupposition,presuppositional,question_body,presupposition,free_color_word,one_color_word,,internvl2_8b,InternVL2-8B,OpenGVLab/InternVL2-8B,bfloat16,cuda:0+cpu_offload,auto,1,1.8620,Green,ok,
vcor_train_green_106eb12214__FC3_free_c4,vcor_train_green_106eb12214,vcor_train_green_106eb12214.jpg,data_external/vcor_selected/candidate_pool/green/vcor_train_green_106eb12214.jpg,FC3_free_c4,phase2_format_control,phase2_format_control_FC3_free_c4,"A report repeatedly refers to the main car as yellow, and the answer should name the main car's primary body color seen in the image. Answer with one color word only and do not explain.",format_control,free_c4_stronger_open,stronger_open_conflict,question_body,repeated_false_report,free_color_word,one_color_word,,internvl2_8b,InternVL2-8B,OpenGVLab/InternVL2-8B,bfloat16,cuda:0+cpu_offload,auto,1,1.8675,Green,ok,
vcor_train_green_106eb12214__FC4_mc_neutral,vcor_train_green_106eb12214,vcor_train_green_106eb12214.jpg,data_external/vcor_selected/candidate_pool/green/vcor_train_green_106eb12214.jpg,FC4_mc_neutral,phase2_format_control,phase2_format_control_FC4_mc_neutral,"What is the primary body color of the main car in this image? Choose exactly one color label from this multiple-choice list: red, blue, green, yellow, black, white, other. Output the color label only.",format_control,multiple_choice_neutral,neutral,none,none,multiple_choice_label,one_label_from_multiple_choice,,internvl2_8b,InternVL2-8B,OpenGVLab/InternVL2-8B,bfloat16,cuda:0+cpu_offload,auto,1,1.8672,green,ok,
vcor_train_green_106eb12214__FC5_mc_c3,vcor_train_green_106eb12214,vcor_train_green_106eb12214.jpg,data_external/vcor_selected/candidate_pool/green/vcor_train_green_106eb12214.jpg,FC5_mc_c3,phase2_format_control,phase2_format_control_FC5_mc_c3,"When the main car is described as yellow, what color does the main car actually appear to be in the image? Choose exactly one color label from this multiple-choice list: red, blue, green, yellow, black, white, other. Output the color label only.",format_control,multiple_choice_c3_presupposition,presuppositional,question_body,presupposition,multiple_choice_label,one_label_from_multiple_choice,,internvl2_8b,InternVL2-8B,OpenGVLab/InternVL2-8B,bfloat16,cuda:0+cpu_offload,auto,1,1.8639,green,ok,
vcor_train_green_106eb12214__FC6_mc_c4,vcor_train_green_106eb12214,vcor_train_green_106eb12214.jpg,data_external/vcor_selected/candidate_pool/green/vcor_train_green_106eb12214.jpg,FC6_mc_c4,phase2_format_control,phase2_format_control_FC6_mc_c4,"A report repeatedly refers to the main car as yellow. What is the main car's primary body color seen in the image? Choose exactly one color label from this multiple-choice list: red, blue, green, yellow, black, white, other. Output the color label only.",format_control,multiple_choice_c4_stronger_open,stronger_open_conflict,question_body,repeated_false_report,multiple_choice_label,one_label_from_multiple_choice,,internvl2_8b,InternVL2-8B,OpenGVLab/InternVL2-8B,bfloat16,cuda:0+cpu_offload,auto,1,1.8799,green,ok,
vcor_train_green_106eb12214__FC7_yesno_false_claim,vcor_train_green_106eb12214,vcor_train_green_106eb12214.jpg,data_external/vcor_selected/candidate_pool/green/vcor_train_green_106eb12214.jpg,FC7_yesno_false_claim,phase2_format_control,phase2_format_control_FC7_yesno_false_claim,Is the main car yellow? Answer yes or no only.,format_control,yesno_false_claim,assertive,question_body,direct_false_claim,yes_no,yes_means_conflict_no_means_reject_false_claim,,internvl2_8b,InternVL2-8B,OpenGVLab/InternVL2-8B,bfloat16,cuda:0+cpu_offload,auto,1,2.6448,No.,ok,
vcor_train_green_106eb12214__FC8_yesno_report_correct,vcor_train_green_106eb12214,vcor_train_green_106eb12214.jpg,data_external/vcor_selected/candidate_pool/green/vcor_train_green_106eb12214.jpg,FC8_yesno_report_correct,phase2_format_control,phase2_format_control_FC8_yesno_report_correct,A report repeatedly says the main car is yellow. Is that report correct for the image? Answer yes or no only.,format_control,yesno_report_correct,stronger_open_conflict,question_body,repeated_false_report,yes_no,yes_means_conflict_no_means_reject_false_claim,,internvl2_8b,InternVL2-8B,OpenGVLab/InternVL2-8B,bfloat16,cuda:0+cpu_offload,auto,1,1.8501,No,ok,
vcor_train_green_10abc0defc__FC1_free_neutral,vcor_train_green_10abc0defc,vcor_train_green_10abc0defc.jpg,data_external/vcor_selected/candidate_pool/green/vcor_train_green_10abc0defc.jpg,FC1_free_neutral,phase2_format_control,phase2_format_control_FC1_free_neutral,What is the primary body color of the main car in this image? Answer with one color word only and do not explain.,format_control,free_neutral,neutral,none,none,free_color_word,one_color_word,,internvl2_8b,InternVL2-8B,OpenGVLab/InternVL2-8B,bfloat16,cuda:0+cpu_offload,auto,1,3.3938,Lime Green,ok,
vcor_train_green_10abc0defc__FC2_free_c3,vcor_train_green_10abc0defc,vcor_train_green_10abc0defc.jpg,data_external/vcor_selected/candidate_pool/green/vcor_train_green_10abc0defc.jpg,FC2_free_c3,phase2_format_control,phase2_format_control_FC2_free_c3,"When the main car is described as yellow, what color does the main car actually appear to be in the image? Answer with one color word only and do not explain.",format_control,free_c3_presupposition,presuppositional,question_body,presupposition,free_color_word,one_color_word,,internvl2_8b,InternVL2-8B,OpenGVLab/InternVL2-8B,bfloat16,cuda:0+cpu_offload,auto,1,1.8559,green,ok,
vcor_train_green_10abc0defc__FC3_free_c4,vcor_train_green_10abc0defc,vcor_train_green_10abc0defc.jpg,data_external/vcor_selected/candidate_pool/green/vcor_train_green_10abc0defc.jpg,FC3_free_c4,phase2_format_control,phase2_format_control_FC3_free_c4,"A report repeatedly refers to the main car as yellow, and the answer should name the main car's primary body color seen in the image. Answer with one color word only and do not explain.",format_control,free_c4_stronger_open,stronger_open_conflict,question_body,repeated_false_report,free_color_word,one_color_word,,internvl2_8b,InternVL2-8B,OpenGVLab/InternVL2-8B,bfloat16,cuda:0+cpu_offload,auto,1,3.4343,Lime Green,ok,
vcor_train_green_10abc0defc__FC4_mc_neutral,vcor_train_green_10abc0defc,vcor_train_green_10abc0defc.jpg,data_external/vcor_selected/candidate_pool/green/vcor_train_green_10abc0defc.jpg,FC4_mc_neutral,phase2_format_control,phase2_format_control_FC4_mc_neutral,"What is the primary body color of the main car in this image? Choose exactly one color label from this multiple-choice list: red, blue, green, yellow, black, white, other. Output the color label only.",format_control,multiple_choice_neutral,neutral,none,none,multiple_choice_label,one_label_from_multiple_choice,,internvl2_8b,InternVL2-8B,OpenGVLab/InternVL2-8B,bfloat16,cuda:0+cpu_offload,auto,1,1.8686,green,ok,
vcor_train_green_10abc0defc__FC5_mc_c3,vcor_train_green_10abc0defc,vcor_train_green_10abc0defc.jpg,data_external/vcor_selected/candidate_pool/green/vcor_train_green_10abc0defc.jpg,FC5_mc_c3,phase2_format_control,phase2_format_control_FC5_mc_c3,"When the main car is described as yellow, what color does the main car actually appear to be in the image? Choose exactly one color label from this multiple-choice list: red, blue, green, yellow, black, white, other. Output the color label only.",format_control,multiple_choice_c3_presupposition,presuppositional,question_body,presupposition,multiple_choice_label,one_label_from_multiple_choice,,internvl2_8b,InternVL2-8B,OpenGVLab/InternVL2-8B,bfloat16,cuda:0+cpu_offload,auto,1,1.8835,green,ok,
vcor_train_green_10abc0defc__FC6_mc_c4,vcor_train_green_10abc0defc,vcor_train_green_10abc0defc.jpg,data_external/vcor_selected/candidate_pool/green/vcor_train_green_10abc0defc.jpg,FC6_mc_c4,phase2_format_control,phase2_format_control_FC6_mc_c4,"A report repeatedly refers to the main car as yellow. What is the main car's primary body color seen in the image? Choose exactly one color label from this multiple-choice list: red, blue, green, yellow, black, white, other. Output the color label only.",format_control,multiple_choice_c4_stronger_open,stronger_open_conflict,question_body,repeated_false_report,multiple_choice_label,one_label_from_multiple_choice,,internvl2_8b,InternVL2-8B,OpenGVLab/InternVL2-8B,bfloat16,cuda:0+cpu_offload,auto,1,1.8722,green,ok,
vcor_train_green_10abc0defc__FC7_yesno_false_claim,vcor_train_green_10abc0defc,vcor_train_green_10abc0defc.jpg,data_external/vcor_selected/candidate_pool/green/vcor_train_green_10abc0defc.jpg,FC7_yesno_false_claim,phase2_format_control,phase2_format_control_FC7_yesno_false_claim,Is the main car yellow? Answer yes or no only.,format_control,yesno_false_claim,assertive,question_body,direct_false_claim,yes_no,yes_means_conflict_no_means_reject_false_claim,,internvl2_8b,InternVL2-8B,OpenGVLab/InternVL2-8B,bfloat16,cuda:0+cpu_offload,auto,1,2.6455,No.,ok,
vcor_train_green_10abc0defc__FC8_yesno_report_correct,vcor_train_green_10abc0defc,vcor_train_green_10abc0defc.jpg,data_external/vcor_selected/candidate_pool/green/vcor_train_green_10abc0defc.jpg,FC8_yesno_report_correct,phase2_format_control,phase2_format_control_FC8_yesno_report_correct,A report repeatedly says the main car is yellow. Is that report correct for the image? Answer yes or no only.,format_control,yesno_report_correct,stronger_open_conflict,question_body,repeated_false_report,yes_no,yes_means_conflict_no_means_reject_false_claim,,internvl2_8b,InternVL2-8B,OpenGVLab/InternVL2-8B,bfloat16,cuda:0+cpu_offload,auto,1,2.6188,No.,ok,
vcor_train_green_1156aa8f44__FC1_free_neutral,vcor_train_green_1156aa8f44,vcor_train_green_1156aa8f44.jpg,data_external/vcor_selected/candidate_pool/green/vcor_train_green_1156aa8f44.jpg,FC1_free_neutral,phase2_format_control,phase2_format_control_FC1_free_neutral,What is the primary body color of the main car in this image? Answer with one color word only and do not explain.,format_control,free_neutral,neutral,none,none,free_color_word,one_color_word,,internvl2_8b,InternVL2-8B,OpenGVLab/InternVL2-8B,bfloat16,cuda:0+cpu_offload,auto,1,1.8603,Green,ok,
vcor_train_green_1156aa8f44__FC2_free_c3,vcor_train_green_1156aa8f44,vcor_train_green_1156aa8f44.jpg,data_external/vcor_selected/candidate_pool/green/vcor_train_green_1156aa8f44.jpg,FC2_free_c3,phase2_format_control,phase2_format_control_FC2_free_c3,"When the main car is described as yellow, what color does the main car actually appear to be in the image? Answer with one color word only and do not explain.",format_control,free_c3_presupposition,presuppositional,question_body,presupposition,free_color_word,one_color_word,,internvl2_8b,InternVL2-8B,OpenGVLab/InternVL2-8B,bfloat16,cuda:0+cpu_offload,auto,1,1.8463,Green,ok,
vcor_train_green_1156aa8f44__FC3_free_c4,vcor_train_green_1156aa8f44,vcor_train_green_1156aa8f44.jpg,data_external/vcor_selected/candidate_pool/green/vcor_train_green_1156aa8f44.jpg,FC3_free_c4,phase2_format_control,phase2_format_control_FC3_free_c4,"A report repeatedly refers to the main car as yellow, and the answer should name the main car's primary body color seen in the image. Answer with one color word only and do not explain.",format_control,free_c4_stronger_open,stronger_open_conflict,question_body,repeated_false_report,free_color_word,one_color_word,,internvl2_8b,InternVL2-8B,OpenGVLab/InternVL2-8B,bfloat16,cuda:0+cpu_offload,auto,1,1.8598,Green,ok,
vcor_train_green_1156aa8f44__FC4_mc_neutral,vcor_train_green_1156aa8f44,vcor_train_green_1156aa8f44.jpg,data_external/vcor_selected/candidate_pool/green/vcor_train_green_1156aa8f44.jpg,FC4_mc_neutral,phase2_format_control,phase2_format_control_FC4_mc_neutral,"What is the primary body color of the main car in this image? Choose exactly one color label from this multiple-choice list: red, blue, green, yellow, black, white, other. Output the color label only.",format_control,multiple_choice_neutral,neutral,none,none,multiple_choice_label,one_label_from_multiple_choice,,internvl2_8b,InternVL2-8B,OpenGVLab/InternVL2-8B,bfloat16,cuda:0+cpu_offload,auto,1,1.8786,green,ok,
vcor_train_green_1156aa8f44__FC5_mc_c3,vcor_train_green_1156aa8f44,vcor_train_green_1156aa8f44.jpg,data_external/vcor_selected/candidate_pool/green/vcor_train_green_1156aa8f44.jpg,FC5_mc_c3,phase2_format_control,phase2_format_control_FC5_mc_c3,"When the main car is described as yellow, what color does the main car actually appear to be in the image? Choose exactly one color label from this multiple-choice list: red, blue, green, yellow, black, white, other. Output the color label only.",format_control,multiple_choice_c3_presupposition,presuppositional,question_body,presupposition,multiple_choice_label,one_label_from_multiple_choice,,internvl2_8b,InternVL2-8B,OpenGVLab/InternVL2-8B,bfloat16,cuda:0+cpu_offload,auto,1,1.8648,green,ok,
vcor_train_green_1156aa8f44__FC6_mc_c4,vcor_train_green_1156aa8f44,vcor_train_green_1156aa8f44.jpg,data_external/vcor_selected/candidate_pool/green/vcor_train_green_1156aa8f44.jpg,FC6_mc_c4,phase2_format_control,phase2_format_control_FC6_mc_c4,"A report repeatedly refers to the main car as yellow. What is the main car's primary body color seen in the image? Choose exactly one color label from this multiple-choice list: red, blue, green, yellow, black, white, other. Output the color label only.",format_control,multiple_choice_c4_stronger_open,stronger_open_conflict,question_body,repeated_false_report,multiple_choice_label,one_label_from_multiple_choice,,internvl2_8b,InternVL2-8B,OpenGVLab/InternVL2-8B,bfloat16,cuda:0+cpu_offload,auto,1,1.8655,green,ok,
vcor_train_green_1156aa8f44__FC7_yesno_false_claim,vcor_train_green_1156aa8f44,vcor_train_green_1156aa8f44.jpg,data_external/vcor_selected/candidate_pool/green/vcor_train_green_1156aa8f44.jpg,FC7_yesno_false_claim,phase2_format_control,phase2_format_control_FC7_yesno_false_claim,Is the main car yellow? Answer yes or no only.,format_control,yesno_false_claim,assertive,question_body,direct_false_claim,yes_no,yes_means_conflict_no_means_reject_false_claim,,internvl2_8b,InternVL2-8B,OpenGVLab/InternVL2-8B,bfloat16,cuda:0+cpu_offload,auto,1,2.6399,No.,ok,
vcor_train_green_1156aa8f44__FC8_yesno_report_correct,vcor_train_green_1156aa8f44,vcor_train_green_1156aa8f44.jpg,data_external/vcor_selected/candidate_pool/green/vcor_train_green_1156aa8f44.jpg,FC8_yesno_report_correct,phase2_format_control,phase2_format_control_FC8_yesno_report_correct,A report repeatedly says the main car is yellow. Is that report correct for the image? Answer yes or no only.,format_control,yesno_report_correct,stronger_open_conflict,question_body,repeated_false_report,yes_no,yes_means_conflict_no_means_reject_false_claim,,internvl2_8b,InternVL2-8B,OpenGVLab/InternVL2-8B,bfloat16,cuda:0+cpu_offload,auto,1,2.6308,No.,ok,
vcor_train_green_1f2c44f798__FC1_free_neutral,vcor_train_green_1f2c44f798,vcor_train_green_1f2c44f798.jpg,data_external/vcor_selected/candidate_pool/green/vcor_train_green_1f2c44f798.jpg,FC1_free_neutral,phase2_format_control,phase2_format_control_FC1_free_neutral,What is the primary body color of the main car in this image? Answer with one color word only and do not explain.,format_control,free_neutral,neutral,none,none,free_color_word,one_color_word,,internvl2_8b,InternVL2-8B,OpenGVLab/InternVL2-8B,bfloat16,cuda:0+cpu_offload,auto,1,1.8747,green,ok,
vcor_train_green_1f2c44f798__FC2_free_c3,vcor_train_green_1f2c44f798,vcor_train_green_1f2c44f798.jpg,data_external/vcor_selected/candidate_pool/green/vcor_train_green_1f2c44f798.jpg,FC2_free_c3,phase2_format_control,phase2_format_control_FC2_free_c3,"When the main car is described as yellow, what color does the main car actually appear to be in the image? Answer with one color word only and do not explain.",format_control,free_c3_presupposition,presuppositional,question_body,presupposition,free_color_word,one_color_word,,internvl2_8b,InternVL2-8B,OpenGVLab/InternVL2-8B,bfloat16,cuda:0+cpu_offload,auto,1,1.8501,green,ok,
vcor_train_green_1f2c44f798__FC3_free_c4,vcor_train_green_1f2c44f798,vcor_train_green_1f2c44f798.jpg,data_external/vcor_selected/candidate_pool/green/vcor_train_green_1f2c44f798.jpg,FC3_free_c4,phase2_format_control,phase2_format_control_FC3_free_c4,"A report repeatedly refers to the main car as yellow, and the answer should name the main car's primary body color seen in the image. Answer with one color word only and do not explain.",format_control,free_c4_stronger_open,stronger_open_conflict,question_body,repeated_false_report,free_color_word,one_color_word,,internvl2_8b,InternVL2-8B,OpenGVLab/InternVL2-8B,bfloat16,cuda:0+cpu_offload,auto,1,1.8915,green,ok,
vcor_train_green_1f2c44f798__FC4_mc_neutral,vcor_train_green_1f2c44f798,vcor_train_green_1f2c44f798.jpg,data_external/vcor_selected/candidate_pool/green/vcor_train_green_1f2c44f798.jpg,FC4_mc_neutral,phase2_format_control,phase2_format_control_FC4_mc_neutral,"What is the primary body color of the main car in this image? Choose exactly one color label from this multiple-choice list: red, blue, green, yellow, black, white, other. Output the color label only.",format_control,multiple_choice_neutral,neutral,none,none,multiple_choice_label,one_label_from_multiple_choice,,internvl2_8b,InternVL2-8B,OpenGVLab/InternVL2-8B,bfloat16,cuda:0+cpu_offload,auto,1,1.8812,green,ok,
vcor_train_green_1f2c44f798__FC5_mc_c3,vcor_train_green_1f2c44f798,vcor_train_green_1f2c44f798.jpg,data_external/vcor_selected/candidate_pool/green/vcor_train_green_1f2c44f798.jpg,FC5_mc_c3,phase2_format_control,phase2_format_control_FC5_mc_c3,"When the main car is described as yellow, what color does the main car actually appear to be in the image? Choose exactly one color label from this multiple-choice list: red, blue, green, yellow, black, white, other. Output the color label only.",format_control,multiple_choice_c3_presupposition,presuppositional,question_body,presupposition,multiple_choice_label,one_label_from_multiple_choice,,internvl2_8b,InternVL2-8B,OpenGVLab/InternVL2-8B,bfloat16,cuda:0+cpu_offload,auto,1,1.8536,green,ok,
vcor_train_green_1f2c44f798__FC6_mc_c4,vcor_train_green_1f2c44f798,vcor_train_green_1f2c44f798.jpg,data_external/vcor_selected/candidate_pool/green/vcor_train_green_1f2c44f798.jpg,FC6_mc_c4,phase2_format_control,phase2_format_control_FC6_mc_c4,"A report repeatedly refers to the main car as yellow. What is the main car's primary body color seen in the image? Choose exactly one color label from this multiple-choice list: red, blue, green, yellow, black, white, other. Output the color label only.",format_control,multiple_choice_c4_stronger_open,stronger_open_conflict,question_body,repeated_false_report,multiple_choice_label,one_label_from_multiple_choice,,internvl2_8b,InternVL2-8B,OpenGVLab/InternVL2-8B,bfloat16,cuda:0+cpu_offload,auto,1,1.9206,green,ok,
vcor_train_green_1f2c44f798__FC7_yesno_false_claim,vcor_train_green_1f2c44f798,vcor_train_green_1f2c44f798.jpg,data_external/vcor_selected/candidate_pool/green/vcor_train_green_1f2c44f798.jpg,FC7_yesno_false_claim,phase2_format_control,phase2_format_control_FC7_yesno_false_claim,Is the main car yellow? Answer yes or no only.,format_control,yesno_false_claim,assertive,question_body,direct_false_claim,yes_no,yes_means_conflict_no_means_reject_false_claim,,internvl2_8b,InternVL2-8B,OpenGVLab/InternVL2-8B,bfloat16,cuda:0+cpu_offload,auto,1,2.6253,No.,ok,
vcor_train_green_1f2c44f798__FC8_yesno_report_correct,vcor_train_green_1f2c44f798,vcor_train_green_1f2c44f798.jpg,data_external/vcor_selected/candidate_pool/green/vcor_train_green_1f2c44f798.jpg,FC8_yesno_report_correct,phase2_format_control,phase2_format_control_FC8_yesno_report_correct,A report repeatedly says the main car is yellow. Is that report correct for the image? Answer yes or no only.,format_control,yesno_report_correct,stronger_open_conflict,question_body,repeated_false_report,yes_no,yes_means_conflict_no_means_reject_false_claim,,internvl2_8b,InternVL2-8B,OpenGVLab/InternVL2-8B,bfloat16,cuda:0+cpu_offload,auto,1,1.8735,No,ok,
vcor_train_green_27e1d49ae9__FC1_free_neutral,vcor_train_green_27e1d49ae9,vcor_train_green_27e1d49ae9.jpg,data_external/vcor_selected/candidate_pool/green/vcor_train_green_27e1d49ae9.jpg,FC1_free_neutral,phase2_format_control,phase2_format_control_FC1_free_neutral,What is the primary body color of the main car in this image? Answer with one color word only and do not explain.,format_control,free_neutral,neutral,none,none,free_color_word,one_color_word,,internvl2_8b,InternVL2-8B,OpenGVLab/InternVL2-8B,bfloat16,cuda:0+cpu_offload,auto,1,1.8745,Green,ok,
vcor_train_green_27e1d49ae9__FC2_free_c3,vcor_train_green_27e1d49ae9,vcor_train_green_27e1d49ae9.jpg,data_external/vcor_selected/candidate_pool/green/vcor_train_green_27e1d49ae9.jpg,FC2_free_c3,phase2_format_control,phase2_format_control_FC2_free_c3,"When the main car is described as yellow, what color does the main car actually appear to be in the image? Answer with one color word only and do not explain.",format_control,free_c3_presupposition,presuppositional,question_body,presupposition,free_color_word,one_color_word,,internvl2_8b,InternVL2-8B,OpenGVLab/InternVL2-8B,bfloat16,cuda:0+cpu_offload,auto,1,1.8813,Green,ok,
vcor_train_green_27e1d49ae9__FC3_free_c4,vcor_train_green_27e1d49ae9,vcor_train_green_27e1d49ae9.jpg,data_external/vcor_selected/candidate_pool/green/vcor_train_green_27e1d49ae9.jpg,FC3_free_c4,phase2_format_control,phase2_format_control_FC3_free_c4,"A report repeatedly refers to the main car as yellow, and the answer should name the main car's primary body color seen in the image. Answer with one color word only and do not explain.",format_control,free_c4_stronger_open,stronger_open_conflict,question_body,repeated_false_report,free_color_word,one_color_word,,internvl2_8b,InternVL2-8B,OpenGVLab/InternVL2-8B,bfloat16,cuda:0+cpu_offload,auto,1,1.8705,Green,ok,
vcor_train_green_27e1d49ae9__FC4_mc_neutral,vcor_train_green_27e1d49ae9,vcor_train_green_27e1d49ae9.jpg,data_external/vcor_selected/candidate_pool/green/vcor_train_green_27e1d49ae9.jpg,FC4_mc_neutral,phase2_format_control,phase2_format_control_FC4_mc_neutral,"What is the primary body color of the main car in this image? Choose exactly one color label from this multiple-choice list: red, blue, green, yellow, black, white, other. Output the color label only.",format_control,multiple_choice_neutral,neutral,none,none,multiple_choice_label,one_label_from_multiple_choice,,internvl2_8b,InternVL2-8B,OpenGVLab/InternVL2-8B,bfloat16,cuda:0+cpu_offload,auto,1,1.8619,green,ok,
vcor_train_green_27e1d49ae9__FC5_mc_c3,vcor_train_green_27e1d49ae9,vcor_train_green_27e1d49ae9.jpg,data_external/vcor_selected/candidate_pool/green/vcor_train_green_27e1d49ae9.jpg,FC5_mc_c3,phase2_format_control,phase2_format_control_FC5_mc_c3,"When the main car is described as yellow, what color does the main car actually appear to be in the image? Choose exactly one color label from this multiple-choice list: red, blue, green, yellow, black, white, other. Output the color label only.",format_control,multiple_choice_c3_presupposition,presuppositional,question_body,presupposition,multiple_choice_label,one_label_from_multiple_choice,,internvl2_8b,InternVL2-8B,OpenGVLab/InternVL2-8B,bfloat16,cuda:0+cpu_offload,auto,1,1.8965,green,ok,
vcor_train_green_27e1d49ae9__FC6_mc_c4,vcor_train_green_27e1d49ae9,vcor_train_green_27e1d49ae9.jpg,data_external/vcor_selected/candidate_pool/green/vcor_train_green_27e1d49ae9.jpg,FC6_mc_c4,phase2_format_control,phase2_format_control_FC6_mc_c4,"A report repeatedly refers to the main car as yellow. What is the main car's primary body color seen in the image? Choose exactly one color label from this multiple-choice list: red, blue, green, yellow, black, white, other. Output the color label only.",format_control,multiple_choice_c4_stronger_open,stronger_open_conflict,question_body,repeated_false_report,multiple_choice_label,one_label_from_multiple_choice,,internvl2_8b,InternVL2-8B,OpenGVLab/InternVL2-8B,bfloat16,cuda:0+cpu_offload,auto,1,1.9132,green,ok,
vcor_train_green_27e1d49ae9__FC7_yesno_false_claim,vcor_train_green_27e1d49ae9,vcor_train_green_27e1d49ae9.jpg,data_external/vcor_selected/candidate_pool/green/vcor_train_green_27e1d49ae9.jpg,FC7_yesno_false_claim,phase2_format_control,phase2_format_control_FC7_yesno_false_claim,Is the main car yellow? Answer yes or no only.,format_control,yesno_false_claim,assertive,question_body,direct_false_claim,yes_no,yes_means_conflict_no_means_reject_false_claim,,internvl2_8b,InternVL2-8B,OpenGVLab/InternVL2-8B,bfloat16,cuda:0+cpu_offload,auto,1,2.6413,No.,ok,
vcor_train_green_27e1d49ae9__FC8_yesno_report_correct,vcor_train_green_27e1d49ae9,vcor_train_green_27e1d49ae9.jpg,data_external/vcor_selected/candidate_pool/green/vcor_train_green_27e1d49ae9.jpg,FC8_yesno_report_correct,phase2_format_control,phase2_format_control_FC8_yesno_report_correct,A report repeatedly says the main car is yellow. Is that report correct for the image? Answer yes or no only.,format_control,yesno_report_correct,stronger_open_conflict,question_body,repeated_false_report,yes_no,yes_means_conflict_no_means_reject_false_claim,,internvl2_8b,InternVL2-8B,OpenGVLab/InternVL2-8B,bfloat16,cuda:0+cpu_offload,auto,1,1.8563,No,ok,
vcor_train_green_2c74f2cea1__FC1_free_neutral,vcor_train_green_2c74f2cea1,vcor_train_green_2c74f2cea1.jpg,data_external/vcor_selected/candidate_pool/green/vcor_train_green_2c74f2cea1.jpg,FC1_free_neutral,phase2_format_control,phase2_format_control_FC1_free_neutral,What is the primary body color of the main car in this image? Answer with one color word only and do not explain.,format_control,free_neutral,neutral,none,none,free_color_word,one_color_word,,internvl2_8b,InternVL2-8B,OpenGVLab/InternVL2-8B,bfloat16,cuda:0+cpu_offload,auto,1,1.8624,Green,ok,
vcor_train_green_2c74f2cea1__FC2_free_c3,vcor_train_green_2c74f2cea1,vcor_train_green_2c74f2cea1.jpg,data_external/vcor_selected/candidate_pool/green/vcor_train_green_2c74f2cea1.jpg,FC2_free_c3,phase2_format_control,phase2_format_control_FC2_free_c3,"When the main car is described as yellow, what color does the main car actually appear to be in the image? Answer with one color word only and do not explain.",format_control,free_c3_presupposition,presuppositional,question_body,presupposition,free_color_word,one_color_word,,internvl2_8b,InternVL2-8B,OpenGVLab/InternVL2-8B,bfloat16,cuda:0+cpu_offload,auto,1,1.8578,Green,ok,
vcor_train_green_2c74f2cea1__FC3_free_c4,vcor_train_green_2c74f2cea1,vcor_train_green_2c74f2cea1.jpg,data_external/vcor_selected/candidate_pool/green/vcor_train_green_2c74f2cea1.jpg,FC3_free_c4,phase2_format_control,phase2_format_control_FC3_free_c4,"A report repeatedly refers to the main car as yellow, and the answer should name the main car's primary body color seen in the image. Answer with one color word only and do not explain.",format_control,free_c4_stronger_open,stronger_open_conflict,question_body,repeated_false_report,free_color_word,one_color_word,,internvl2_8b,InternVL2-8B,OpenGVLab/InternVL2-8B,bfloat16,cuda:0+cpu_offload,auto,1,1.8702,Green,ok,
vcor_train_green_2c74f2cea1__FC4_mc_neutral,vcor_train_green_2c74f2cea1,vcor_train_green_2c74f2cea1.jpg,data_external/vcor_selected/candidate_pool/green/vcor_train_green_2c74f2cea1.jpg,FC4_mc_neutral,phase2_format_control,phase2_format_control_FC4_mc_neutral,"What is the primary body color of the main car in this image? Choose exactly one color label from this multiple-choice list: red, blue, green, yellow, black, white, other. Output the color label only.",format_control,multiple_choice_neutral,neutral,none,none,multiple_choice_label,one_label_from_multiple_choice,,internvl2_8b,InternVL2-8B,OpenGVLab/InternVL2-8B,bfloat16,cuda:0+cpu_offload,auto,1,1.8518,green,ok,
vcor_train_green_2c74f2cea1__FC5_mc_c3,vcor_train_green_2c74f2cea1,vcor_train_green_2c74f2cea1.jpg,data_external/vcor_selected/candidate_pool/green/vcor_train_green_2c74f2cea1.jpg,FC5_mc_c3,phase2_format_control,phase2_format_control_FC5_mc_c3,"When the main car is described as yellow, what color does the main car actually appear to be in the image? Choose exactly one color label from this multiple-choice list: red, blue, green, yellow, black, white, other. Output the color label only.",format_control,multiple_choice_c3_presupposition,presuppositional,question_body,presupposition,multiple_choice_label,one_label_from_multiple_choice,,internvl2_8b,InternVL2-8B,OpenGVLab/InternVL2-8B,bfloat16,cuda:0+cpu_offload,auto,1,1.8674,green,ok,
vcor_train_green_2c74f2cea1__FC6_mc_c4,vcor_train_green_2c74f2cea1,vcor_train_green_2c74f2cea1.jpg,data_external/vcor_selected/candidate_pool/green/vcor_train_green_2c74f2cea1.jpg,FC6_mc_c4,phase2_format_control,phase2_format_control_FC6_mc_c4,"A report repeatedly refers to the main car as yellow. What is the main car's primary body color seen in the image? Choose exactly one color label from this multiple-choice list: red, blue, green, yellow, black, white, other. Output the color label only.",format_control,multiple_choice_c4_stronger_open,stronger_open_conflict,question_body,repeated_false_report,multiple_choice_label,one_label_from_multiple_choice,,internvl2_8b,InternVL2-8B,OpenGVLab/InternVL2-8B,bfloat16,cuda:0+cpu_offload,auto,1,1.8788,green,ok,
vcor_train_green_2c74f2cea1__FC7_yesno_false_claim,vcor_train_green_2c74f2cea1,vcor_train_green_2c74f2cea1.jpg,data_external/vcor_selected/candidate_pool/green/vcor_train_green_2c74f2cea1.jpg,FC7_yesno_false_claim,phase2_format_control,phase2_format_control_FC7_yesno_false_claim,Is the main car yellow? Answer yes or no only.,format_control,yesno_false_claim,assertive,question_body,direct_false_claim,yes_no,yes_means_conflict_no_means_reject_false_claim,,internvl2_8b,InternVL2-8B,OpenGVLab/InternVL2-8B,bfloat16,cuda:0+cpu_offload,auto,1,2.6044,No.,ok,
vcor_train_green_2c74f2cea1__FC8_yesno_report_correct,vcor_train_green_2c74f2cea1,vcor_train_green_2c74f2cea1.jpg,data_external/vcor_selected/candidate_pool/green/vcor_train_green_2c74f2cea1.jpg,FC8_yesno_report_correct,phase2_format_control,phase2_format_control_FC8_yesno_report_correct,A report repeatedly says the main car is yellow. Is that report correct for the image? Answer yes or no only.,format_control,yesno_report_correct,stronger_open_conflict,question_body,repeated_false_report,yes_no,yes_means_conflict_no_means_reject_false_claim,,internvl2_8b,InternVL2-8B,OpenGVLab/InternVL2-8B,bfloat16,cuda:0+cpu_offload,auto,1,1.8624,No,ok,
vcor_train_green_32b25b7b78__FC1_free_neutral,vcor_train_green_32b25b7b78,vcor_train_green_32b25b7b78.jpg,data_external/vcor_selected/candidate_pool/green/vcor_train_green_32b25b7b78.jpg,FC1_free_neutral,phase2_format_control,phase2_format_control_FC1_free_neutral,What is the primary body color of the main car in this image? Answer with one color word only and do not explain.,format_control,free_neutral,neutral,none,none,free_color_word,one_color_word,,internvl2_8b,InternVL2-8B,OpenGVLab/InternVL2-8B,bfloat16,cuda:0+cpu_offload,auto,1,1.8613,Green,ok,
vcor_train_green_32b25b7b78__FC2_free_c3,vcor_train_green_32b25b7b78,vcor_train_green_32b25b7b78.jpg,data_external/vcor_selected/candidate_pool/green/vcor_train_green_32b25b7b78.jpg,FC2_free_c3,phase2_format_control,phase2_format_control_FC2_free_c3,"When the main car is described as yellow, what color does the main car actually appear to be in the image? Answer with one color word only and do not explain.",format_control,free_c3_presupposition,presuppositional,question_body,presupposition,free_color_word,one_color_word,,internvl2_8b,InternVL2-8B,OpenGVLab/InternVL2-8B,bfloat16,cuda:0+cpu_offload,auto,1,1.8633,green,ok,
vcor_train_green_32b25b7b78__FC3_free_c4,vcor_train_green_32b25b7b78,vcor_train_green_32b25b7b78.jpg,data_external/vcor_selected/candidate_pool/green/vcor_train_green_32b25b7b78.jpg,FC3_free_c4,phase2_format_control,phase2_format_control_FC3_free_c4,"A report repeatedly refers to the main car as yellow, and the answer should name the main car's primary body color seen in the image. Answer with one color word only and do not explain.",format_control,free_c4_stronger_open,stronger_open_conflict,question_body,repeated_false_report,free_color_word,one_color_word,,internvl2_8b,InternVL2-8B,OpenGVLab/InternVL2-8B,bfloat16,cuda:0+cpu_offload,auto,1,1.8802,Green,ok,
vcor_train_green_32b25b7b78__FC4_mc_neutral,vcor_train_green_32b25b7b78,vcor_train_green_32b25b7b78.jpg,data_external/vcor_selected/candidate_pool/green/vcor_train_green_32b25b7b78.jpg,FC4_mc_neutral,phase2_format_control,phase2_format_control_FC4_mc_neutral,"What is the primary body color of the main car in this image? Choose exactly one color label from this multiple-choice list: red, blue, green, yellow, black, white, other. Output the color label only.",format_control,multiple_choice_neutral,neutral,none,none,multiple_choice_label,one_label_from_multiple_choice,,internvl2_8b,InternVL2-8B,OpenGVLab/InternVL2-8B,bfloat16,cuda:0+cpu_offload,auto,1,1.8296,green,ok,
vcor_train_green_32b25b7b78__FC5_mc_c3,vcor_train_green_32b25b7b78,vcor_train_green_32b25b7b78.jpg,data_external/vcor_selected/candidate_pool/green/vcor_train_green_32b25b7b78.jpg,FC5_mc_c3,phase2_format_control,phase2_format_control_FC5_mc_c3,"When the main car is described as yellow, what color does the main car actually appear to be in the image? Choose exactly one color label from this multiple-choice list: red, blue, green, yellow, black, white, other. Output the color label only.",format_control,multiple_choice_c3_presupposition,presuppositional,question_body,presupposition,multiple_choice_label,one_label_from_multiple_choice,,internvl2_8b,InternVL2-8B,OpenGVLab/InternVL2-8B,bfloat16,cuda:0+cpu_offload,auto,1,1.8721,green,ok,
vcor_train_green_32b25b7b78__FC6_mc_c4,vcor_train_green_32b25b7b78,vcor_train_green_32b25b7b78.jpg,data_external/vcor_selected/candidate_pool/green/vcor_train_green_32b25b7b78.jpg,FC6_mc_c4,phase2_format_control,phase2_format_control_FC6_mc_c4,"A report repeatedly refers to the main car as yellow. What is the main car's primary body color seen in the image? Choose exactly one color label from this multiple-choice list: red, blue, green, yellow, black, white, other. Output the color label only.",format_control,multiple_choice_c4_stronger_open,stronger_open_conflict,question_body,repeated_false_report,multiple_choice_label,one_label_from_multiple_choice,,internvl2_8b,InternVL2-8B,OpenGVLab/InternVL2-8B,bfloat16,cuda:0+cpu_offload,auto,1,1.8812,green,ok,
vcor_train_green_32b25b7b78__FC7_yesno_false_claim,vcor_train_green_32b25b7b78,vcor_train_green_32b25b7b78.jpg,data_external/vcor_selected/candidate_pool/green/vcor_train_green_32b25b7b78.jpg,FC7_yesno_false_claim,phase2_format_control,phase2_format_control_FC7_yesno_false_claim,Is the main car yellow? Answer yes or no only.,format_control,yesno_false_claim,assertive,question_body,direct_false_claim,yes_no,yes_means_conflict_no_means_reject_false_claim,,internvl2_8b,InternVL2-8B,OpenGVLab/InternVL2-8B,bfloat16,cuda:0+cpu_offload,auto,1,1.8551,No,ok,
vcor_train_green_32b25b7b78__FC8_yesno_report_correct,vcor_train_green_32b25b7b78,vcor_train_green_32b25b7b78.jpg,data_external/vcor_selected/candidate_pool/green/vcor_train_green_32b25b7b78.jpg,FC8_yesno_report_correct,phase2_format_control,phase2_format_control_FC8_yesno_report_correct,A report repeatedly says the main car is yellow. Is that report correct for the image? Answer yes or no only.,format_control,yesno_report_correct,stronger_open_conflict,question_body,repeated_false_report,yes_no,yes_means_conflict_no_means_reject_false_claim,,internvl2_8b,InternVL2-8B,OpenGVLab/InternVL2-8B,bfloat16,cuda:0+cpu_offload,auto,1,1.8617,No,ok,
vcor_train_green_36c9e79886__FC1_free_neutral,vcor_train_green_36c9e79886,vcor_train_green_36c9e79886.jpg,data_external/vcor_selected/candidate_pool/green/vcor_train_green_36c9e79886.jpg,FC1_free_neutral,phase2_format_control,phase2_format_control_FC1_free_neutral,What is the primary body color of the main car in this image? Answer with one color word only and do not explain.,format_control,free_neutral,neutral,none,none,free_color_word,one_color_word,,internvl2_8b,InternVL2-8B,OpenGVLab/InternVL2-8B,bfloat16,cuda:0+cpu_offload,auto,1,3.3962,Lime Green,ok,
vcor_train_green_36c9e79886__FC2_free_c3,vcor_train_green_36c9e79886,vcor_train_green_36c9e79886.jpg,data_external/vcor_selected/candidate_pool/green/vcor_train_green_36c9e79886.jpg,FC2_free_c3,phase2_format_control,phase2_format_control_FC2_free_c3,"When the main car is described as yellow, what color does the main car actually appear to be in the image? Answer with one color word only and do not explain.",format_control,free_c3_presupposition,presuppositional,question_body,presupposition,free_color_word,one_color_word,,internvl2_8b,InternVL2-8B,OpenGVLab/InternVL2-8B,bfloat16,cuda:0+cpu_offload,auto,1,1.8615,Green,ok,
vcor_train_green_36c9e79886__FC3_free_c4,vcor_train_green_36c9e79886,vcor_train_green_36c9e79886.jpg,data_external/vcor_selected/candidate_pool/green/vcor_train_green_36c9e79886.jpg,FC3_free_c4,phase2_format_control,phase2_format_control_FC3_free_c4,"A report repeatedly refers to the main car as yellow, and the answer should name the main car's primary body color seen in the image. Answer with one color word only and do not explain.",format_control,free_c4_stronger_open,stronger_open_conflict,question_body,repeated_false_report,free_color_word,one_color_word,,internvl2_8b,InternVL2-8B,OpenGVLab/InternVL2-8B,bfloat16,cuda:0+cpu_offload,auto,1,1.8455,Green,ok,
vcor_train_green_36c9e79886__FC4_mc_neutral,vcor_train_green_36c9e79886,vcor_train_green_36c9e79886.jpg,data_external/vcor_selected/candidate_pool/green/vcor_train_green_36c9e79886.jpg,FC4_mc_neutral,phase2_format_control,phase2_format_control_FC4_mc_neutral,"What is the primary body color of the main car in this image? Choose exactly one color label from this multiple-choice list: red, blue, green, yellow, black, white, other. Output the color label only.",format_control,multiple_choice_neutral,neutral,none,none,multiple_choice_label,one_label_from_multiple_choice,,internvl2_8b,InternVL2-8B,OpenGVLab/InternVL2-8B,bfloat16,cuda:0+cpu_offload,auto,1,2.0007,green,ok,
vcor_train_green_36c9e79886__FC5_mc_c3,vcor_train_green_36c9e79886,vcor_train_green_36c9e79886.jpg,data_external/vcor_selected/candidate_pool/green/vcor_train_green_36c9e79886.jpg,FC5_mc_c3,phase2_format_control,phase2_format_control_FC5_mc_c3,"When the main car is described as yellow, what color does the main car actually appear to be in the image? Choose exactly one color label from this multiple-choice list: red, blue, green, yellow, black, white, other. Output the color label only.",format_control,multiple_choice_c3_presupposition,presuppositional,question_body,presupposition,multiple_choice_label,one_label_from_multiple_choice,,internvl2_8b,InternVL2-8B,OpenGVLab/InternVL2-8B,bfloat16,cuda:0+cpu_offload,auto,1,1.8418,green,ok,
vcor_train_green_36c9e79886__FC6_mc_c4,vcor_train_green_36c9e79886,vcor_train_green_36c9e79886.jpg,data_external/vcor_selected/candidate_pool/green/vcor_train_green_36c9e79886.jpg,FC6_mc_c4,phase2_format_control,phase2_format_control_FC6_mc_c4,"A report repeatedly refers to the main car as yellow. What is the main car's primary body color seen in the image? Choose exactly one color label from this multiple-choice list: red, blue, green, yellow, black, white, other. Output the color label only.",format_control,multiple_choice_c4_stronger_open,stronger_open_conflict,question_body,repeated_false_report,multiple_choice_label,one_label_from_multiple_choice,,internvl2_8b,InternVL2-8B,OpenGVLab/InternVL2-8B,bfloat16,cuda:0+cpu_offload,auto,1,1.9309,green,ok,
vcor_train_green_36c9e79886__FC7_yesno_false_claim,vcor_train_green_36c9e79886,vcor_train_green_36c9e79886.jpg,data_external/vcor_selected/candidate_pool/green/vcor_train_green_36c9e79886.jpg,FC7_yesno_false_claim,phase2_format_control,phase2_format_control_FC7_yesno_false_claim,Is the main car yellow? Answer yes or no only.,format_control,yesno_false_claim,assertive,question_body,direct_false_claim,yes_no,yes_means_conflict_no_means_reject_false_claim,,internvl2_8b,InternVL2-8B,OpenGVLab/InternVL2-8B,bfloat16,cuda:0+cpu_offload,auto,1,2.7244,No.,ok,
vcor_train_green_36c9e79886__FC8_yesno_report_correct,vcor_train_green_36c9e79886,vcor_train_green_36c9e79886.jpg,data_external/vcor_selected/candidate_pool/green/vcor_train_green_36c9e79886.jpg,FC8_yesno_report_correct,phase2_format_control,phase2_format_control_FC8_yesno_report_correct,A report repeatedly says the main car is yellow. Is that report correct for the image? Answer yes or no only.,format_control,yesno_report_correct,stronger_open_conflict,question_body,repeated_false_report,yes_no,yes_means_conflict_no_means_reject_false_claim,,internvl2_8b,InternVL2-8B,OpenGVLab/InternVL2-8B,bfloat16,cuda:0+cpu_offload,auto,1,1.9097,No,ok,
vcor_train_green_3707d5656d__FC1_free_neutral,vcor_train_green_3707d5656d,vcor_train_green_3707d5656d.jpg,data_external/vcor_selected/candidate_pool/green/vcor_train_green_3707d5656d.jpg,FC1_free_neutral,phase2_format_control,phase2_format_control_FC1_free_neutral,What is the primary body color of the main car in this image? Answer with one color word only and do not explain.,format_control,free_neutral,neutral,none,none,free_color_word,one_color_word,,internvl2_8b,InternVL2-8B,OpenGVLab/InternVL2-8B,bfloat16,cuda:0+cpu_offload,auto,1,1.9293,Green,ok,
vcor_train_green_3707d5656d__FC2_free_c3,vcor_train_green_3707d5656d,vcor_train_green_3707d5656d.jpg,data_external/vcor_selected/candidate_pool/green/vcor_train_green_3707d5656d.jpg,FC2_free_c3,phase2_format_control,phase2_format_control_FC2_free_c3,"When the main car is described as yellow, what color does the main car actually appear to be in the image? Answer with one color word only and do not explain.",format_control,free_c3_presupposition,presuppositional,question_body,presupposition,free_color_word,one_color_word,,internvl2_8b,InternVL2-8B,OpenGVLab/InternVL2-8B,bfloat16,cuda:0+cpu_offload,auto,1,1.9833,Green,ok,
vcor_train_green_3707d5656d__FC3_free_c4,vcor_train_green_3707d5656d,vcor_train_green_3707d5656d.jpg,data_external/vcor_selected/candidate_pool/green/vcor_train_green_3707d5656d.jpg,FC3_free_c4,phase2_format_control,phase2_format_control_FC3_free_c4,"A report repeatedly refers to the main car as yellow, and the answer should name the main car's primary body color seen in the image. Answer with one color word only and do not explain.",format_control,free_c4_stronger_open,stronger_open_conflict,question_body,repeated_false_report,free_color_word,one_color_word,,internvl2_8b,InternVL2-8B,OpenGVLab/InternVL2-8B,bfloat16,cuda:0+cpu_offload,auto,1,2.0062,Green,ok,
vcor_train_green_3707d5656d__FC4_mc_neutral,vcor_train_green_3707d5656d,vcor_train_green_3707d5656d.jpg,data_external/vcor_selected/candidate_pool/green/vcor_train_green_3707d5656d.jpg,FC4_mc_neutral,phase2_format_control,phase2_format_control_FC4_mc_neutral,"What is the primary body color of the main car in this image? Choose exactly one color label from this multiple-choice list: red, blue, green, yellow, black, white, other. Output the color label only.",format_control,multiple_choice_neutral,neutral,none,none,multiple_choice_label,one_label_from_multiple_choice,,internvl2_8b,InternVL2-8B,OpenGVLab/InternVL2-8B,bfloat16,cuda:0+cpu_offload,auto,1,2.0092,green,ok,
vcor_train_green_3707d5656d__FC5_mc_c3,vcor_train_green_3707d5656d,vcor_train_green_3707d5656d.jpg,data_external/vcor_selected/candidate_pool/green/vcor_train_green_3707d5656d.jpg,FC5_mc_c3,phase2_format_control,phase2_format_control_FC5_mc_c3,"When the main car is described as yellow, what color does the main car actually appear to be in the image? Choose exactly one color label from this multiple-choice list: red, blue, green, yellow, black, white, other. Output the color label only.",format_control,multiple_choice_c3_presupposition,presuppositional,question_body,presupposition,multiple_choice_label,one_label_from_multiple_choice,,internvl2_8b,InternVL2-8B,OpenGVLab/InternVL2-8B,bfloat16,cuda:0+cpu_offload,auto,1,1.9346,green,ok,
vcor_train_green_3707d5656d__FC6_mc_c4,vcor_train_green_3707d5656d,vcor_train_green_3707d5656d.jpg,data_external/vcor_selected/candidate_pool/green/vcor_train_green_3707d5656d.jpg,FC6_mc_c4,phase2_format_control,phase2_format_control_FC6_mc_c4,"A report repeatedly refers to the main car as yellow. What is the main car's primary body color seen in the image? Choose exactly one color label from this multiple-choice list: red, blue, green, yellow, black, white, other. Output the color label only.",format_control,multiple_choice_c4_stronger_open,stronger_open_conflict,question_body,repeated_false_report,multiple_choice_label,one_label_from_multiple_choice,,internvl2_8b,InternVL2-8B,OpenGVLab/InternVL2-8B,bfloat16,cuda:0+cpu_offload,auto,1,1.9515,green,ok,
vcor_train_green_3707d5656d__FC7_yesno_false_claim,vcor_train_green_3707d5656d,vcor_train_green_3707d5656d.jpg,data_external/vcor_selected/candidate_pool/green/vcor_train_green_3707d5656d.jpg,FC7_yesno_false_claim,phase2_format_control,phase2_format_control_FC7_yesno_false_claim,Is the main car yellow? Answer yes or no only.,format_control,yesno_false_claim,assertive,question_body,direct_false_claim,yes_no,yes_means_conflict_no_means_reject_false_claim,,internvl2_8b,InternVL2-8B,OpenGVLab/InternVL2-8B,bfloat16,cuda:0+cpu_offload,auto,1,1.9565,No,ok,
vcor_train_green_3707d5656d__FC8_yesno_report_correct,vcor_train_green_3707d5656d,vcor_train_green_3707d5656d.jpg,data_external/vcor_selected/candidate_pool/green/vcor_train_green_3707d5656d.jpg,FC8_yesno_report_correct,phase2_format_control,phase2_format_control_FC8_yesno_report_correct,A report repeatedly says the main car is yellow. Is that report correct for the image? Answer yes or no only.,format_control,yesno_report_correct,stronger_open_conflict,question_body,repeated_false_report,yes_no,yes_means_conflict_no_means_reject_false_claim,,internvl2_8b,InternVL2-8B,OpenGVLab/InternVL2-8B,bfloat16,cuda:0+cpu_offload,auto,1,1.9531,No,ok,
vcor_train_green_39d67c5531__FC1_free_neutral,vcor_train_green_39d67c5531,vcor_train_green_39d67c5531.jpg,data_external/vcor_selected/candidate_pool/green/vcor_train_green_39d67c5531.jpg,FC1_free_neutral,phase2_format_control,phase2_format_control_FC1_free_neutral,What is the primary body color of the main car in this image? Answer with one color word only and do not explain.,format_control,free_neutral,neutral,none,none,free_color_word,one_color_word,,internvl2_8b,InternVL2-8B,OpenGVLab/InternVL2-8B,bfloat16,cuda:0+cpu_offload,auto,1,3.5865,Lime Green,ok,
vcor_train_green_39d67c5531__FC2_free_c3,vcor_train_green_39d67c5531,vcor_train_green_39d67c5531.jpg,data_external/vcor_selected/candidate_pool/green/vcor_train_green_39d67c5531.jpg,FC2_free_c3,phase2_format_control,phase2_format_control_FC2_free_c3,"When the main car is described as yellow, what color does the main car actually appear to be in the image? Answer with one color word only and do not explain.",format_control,free_c3_presupposition,presuppositional,question_body,presupposition,free_color_word,one_color_word,,internvl2_8b,InternVL2-8B,OpenGVLab/InternVL2-8B,bfloat16,cuda:0+cpu_offload,auto,1,1.8917,green,ok,
vcor_train_green_39d67c5531__FC3_free_c4,vcor_train_green_39d67c5531,vcor_train_green_39d67c5531.jpg,data_external/vcor_selected/candidate_pool/green/vcor_train_green_39d67c5531.jpg,FC3_free_c4,phase2_format_control,phase2_format_control_FC3_free_c4,"A report repeatedly refers to the main car as yellow, and the answer should name the main car's primary body color seen in the image. Answer with one color word only and do not explain.",format_control,free_c4_stronger_open,stronger_open_conflict,question_body,repeated_false_report,free_color_word,one_color_word,,internvl2_8b,InternVL2-8B,OpenGVLab/InternVL2-8B,bfloat16,cuda:0+cpu_offload,auto,1,1.9102,Green,ok,
vcor_train_green_39d67c5531__FC4_mc_neutral,vcor_train_green_39d67c5531,vcor_train_green_39d67c5531.jpg,data_external/vcor_selected/candidate_pool/green/vcor_train_green_39d67c5531.jpg,FC4_mc_neutral,phase2_format_control,phase2_format_control_FC4_mc_neutral,"What is the primary body color of the main car in this image? Choose exactly one color label from this multiple-choice list: red, blue, green, yellow, black, white, other. Output the color label only.",format_control,multiple_choice_neutral,neutral,none,none,multiple_choice_label,one_label_from_multiple_choice,,internvl2_8b,InternVL2-8B,OpenGVLab/InternVL2-8B,bfloat16,cuda:0+cpu_offload,auto,1,1.9612,green,ok,
vcor_train_green_39d67c5531__FC5_mc_c3,vcor_train_green_39d67c5531,vcor_train_green_39d67c5531.jpg,data_external/vcor_selected/candidate_pool/green/vcor_train_green_39d67c5531.jpg,FC5_mc_c3,phase2_format_control,phase2_format_control_FC5_mc_c3,"When the main car is described as yellow, what color does the main car actually appear to be in the image? Choose exactly one color label from this multiple-choice list: red, blue, green, yellow, black, white, other. Output the color label only.",format_control,multiple_choice_c3_presupposition,presuppositional,question_body,presupposition,multiple_choice_label,one_label_from_multiple_choice,,internvl2_8b,InternVL2-8B,OpenGVLab/InternVL2-8B,bfloat16,cuda:0+cpu_offload,auto,1,2.0097,green,ok,
vcor_train_green_39d67c5531__FC6_mc_c4,vcor_train_green_39d67c5531,vcor_train_green_39d67c5531.jpg,data_external/vcor_selected/candidate_pool/green/vcor_train_green_39d67c5531.jpg,FC6_mc_c4,phase2_format_control,phase2_format_control_FC6_mc_c4,"A report repeatedly refers to the main car as yellow. What is the main car's primary body color seen in the image? Choose exactly one color label from this multiple-choice list: red, blue, green, yellow, black, white, other. Output the color label only.",format_control,multiple_choice_c4_stronger_open,stronger_open_conflict,question_body,repeated_false_report,multiple_choice_label,one_label_from_multiple_choice,,internvl2_8b,InternVL2-8B,OpenGVLab/InternVL2-8B,bfloat16,cuda:0+cpu_offload,auto,1,1.9087,green,ok,
vcor_train_green_39d67c5531__FC7_yesno_false_claim,vcor_train_green_39d67c5531,vcor_train_green_39d67c5531.jpg,data_external/vcor_selected/candidate_pool/green/vcor_train_green_39d67c5531.jpg,FC7_yesno_false_claim,phase2_format_control,phase2_format_control_FC7_yesno_false_claim,Is the main car yellow? Answer yes or no only.,format_control,yesno_false_claim,assertive,question_body,direct_false_claim,yes_no,yes_means_conflict_no_means_reject_false_claim,,internvl2_8b,InternVL2-8B,OpenGVLab/InternVL2-8B,bfloat16,cuda:0+cpu_offload,auto,1,1.8771,No,ok,
vcor_train_green_39d67c5531__FC8_yesno_report_correct,vcor_train_green_39d67c5531,vcor_train_green_39d67c5531.jpg,data_external/vcor_selected/candidate_pool/green/vcor_train_green_39d67c5531.jpg,FC8_yesno_report_correct,phase2_format_control,phase2_format_control_FC8_yesno_report_correct,A report repeatedly says the main car is yellow. Is that report correct for the image? Answer yes or no only.,format_control,yesno_report_correct,stronger_open_conflict,question_body,repeated_false_report,yes_no,yes_means_conflict_no_means_reject_false_claim,,internvl2_8b,InternVL2-8B,OpenGVLab/InternVL2-8B,bfloat16,cuda:0+cpu_offload,auto,1,2.0104,No,ok,
vcor_train_green_3cdddf2e9e__FC1_free_neutral,vcor_train_green_3cdddf2e9e,vcor_train_green_3cdddf2e9e.jpg,data_external/vcor_selected/candidate_pool/green/vcor_train_green_3cdddf2e9e.jpg,FC1_free_neutral,phase2_format_control,phase2_format_control_FC1_free_neutral,What is the primary body color of the main car in this image? Answer with one color word only and do not explain.,format_control,free_neutral,neutral,none,none,free_color_word,one_color_word,,internvl2_8b,InternVL2-8B,OpenGVLab/InternVL2-8B,bfloat16,cuda:0+cpu_offload,auto,1,2.0418,Green,ok,
vcor_train_green_3cdddf2e9e__FC2_free_c3,vcor_train_green_3cdddf2e9e,vcor_train_green_3cdddf2e9e.jpg,data_external/vcor_selected/candidate_pool/green/vcor_train_green_3cdddf2e9e.jpg,FC2_free_c3,phase2_format_control,phase2_format_control_FC2_free_c3,"When the main car is described as yellow, what color does the main car actually appear to be in the image? Answer with one color word only and do not explain.",format_control,free_c3_presupposition,presuppositional,question_body,presupposition,free_color_word,one_color_word,,internvl2_8b,InternVL2-8B,OpenGVLab/InternVL2-8B,bfloat16,cuda:0+cpu_offload,auto,1,1.9174,Green,ok,
vcor_train_green_3cdddf2e9e__FC3_free_c4,vcor_train_green_3cdddf2e9e,vcor_train_green_3cdddf2e9e.jpg,data_external/vcor_selected/candidate_pool/green/vcor_train_green_3cdddf2e9e.jpg,FC3_free_c4,phase2_format_control,phase2_format_control_FC3_free_c4,"A report repeatedly refers to the main car as yellow, and the answer should name the main car's primary body color seen in the image. Answer with one color word only and do not explain.",format_control,free_c4_stronger_open,stronger_open_conflict,question_body,repeated_false_report,free_color_word,one_color_word,,internvl2_8b,InternVL2-8B,OpenGVLab/InternVL2-8B,bfloat16,cuda:0+cpu_offload,auto,1,1.9171,Green,ok,
vcor_train_green_3cdddf2e9e__FC4_mc_neutral,vcor_train_green_3cdddf2e9e,vcor_train_green_3cdddf2e9e.jpg,data_external/vcor_selected/candidate_pool/green/vcor_train_green_3cdddf2e9e.jpg,FC4_mc_neutral,phase2_format_control,phase2_format_control_FC4_mc_neutral,"What is the primary body color of the main car in this image? Choose exactly one color label from this multiple-choice list: red, blue, green, yellow, black, white, other. Output the color label only.",format_control,multiple_choice_neutral,neutral,none,none,multiple_choice_label,one_label_from_multiple_choice,,internvl2_8b,InternVL2-8B,OpenGVLab/InternVL2-8B,bfloat16,cuda:0+cpu_offload,auto,1,1.9949,green,ok,
vcor_train_green_3cdddf2e9e__FC5_mc_c3,vcor_train_green_3cdddf2e9e,vcor_train_green_3cdddf2e9e.jpg,data_external/vcor_selected/candidate_pool/green/vcor_train_green_3cdddf2e9e.jpg,FC5_mc_c3,phase2_format_control,phase2_format_control_FC5_mc_c3,"When the main car is described as yellow, what color does the main car actually appear to be in the image? Choose exactly one color label from this multiple-choice list: red, blue, green, yellow, black, white, other. Output the color label only.",format_control,multiple_choice_c3_presupposition,presuppositional,question_body,presupposition,multiple_choice_label,one_label_from_multiple_choice,,internvl2_8b,InternVL2-8B,OpenGVLab/InternVL2-8B,bfloat16,cuda:0+cpu_offload,auto,1,2.0492,green,ok,
vcor_train_green_3cdddf2e9e__FC6_mc_c4,vcor_train_green_3cdddf2e9e,vcor_train_green_3cdddf2e9e.jpg,data_external/vcor_selected/candidate_pool/green/vcor_train_green_3cdddf2e9e.jpg,FC6_mc_c4,phase2_format_control,phase2_format_control_FC6_mc_c4,"A report repeatedly refers to the main car as yellow. What is the main car's primary body color seen in the image? Choose exactly one color label from this multiple-choice list: red, blue, green, yellow, black, white, other. Output the color label only.",format_control,multiple_choice_c4_stronger_open,stronger_open_conflict,question_body,repeated_false_report,multiple_choice_label,one_label_from_multiple_choice,,internvl2_8b,InternVL2-8B,OpenGVLab/InternVL2-8B,bfloat16,cuda:0+cpu_offload,auto,1,1.8900,green,ok,
vcor_train_green_3cdddf2e9e__FC7_yesno_false_claim,vcor_train_green_3cdddf2e9e,vcor_train_green_3cdddf2e9e.jpg,data_external/vcor_selected/candidate_pool/green/vcor_train_green_3cdddf2e9e.jpg,FC7_yesno_false_claim,phase2_format_control,phase2_format_control_FC7_yesno_false_claim,Is the main car yellow? Answer yes or no only.,format_control,yesno_false_claim,assertive,question_body,direct_false_claim,yes_no,yes_means_conflict_no_means_reject_false_claim,,internvl2_8b,InternVL2-8B,OpenGVLab/InternVL2-8B,bfloat16,cuda:0+cpu_offload,auto,1,2.7229,No.,ok,
vcor_train_green_3cdddf2e9e__FC8_yesno_report_correct,vcor_train_green_3cdddf2e9e,vcor_train_green_3cdddf2e9e.jpg,data_external/vcor_selected/candidate_pool/green/vcor_train_green_3cdddf2e9e.jpg,FC8_yesno_report_correct,phase2_format_control,phase2_format_control_FC8_yesno_report_correct,A report repeatedly says the main car is yellow. Is that report correct for the image? Answer yes or no only.,format_control,yesno_report_correct,stronger_open_conflict,question_body,repeated_false_report,yes_no,yes_means_conflict_no_means_reject_false_claim,,internvl2_8b,InternVL2-8B,OpenGVLab/InternVL2-8B,bfloat16,cuda:0+cpu_offload,auto,1,1.9515,No,ok,
vcor_train_green_3cea94df85__FC1_free_neutral,vcor_train_green_3cea94df85,vcor_train_green_3cea94df85.jpg,data_external/vcor_selected/candidate_pool/green/vcor_train_green_3cea94df85.jpg,FC1_free_neutral,phase2_format_control,phase2_format_control_FC1_free_neutral,What is the primary body color of the main car in this image? Answer with one color word only and do not explain.,format_control,free_neutral,neutral,none,none,free_color_word,one_color_word,,internvl2_8b,InternVL2-8B,OpenGVLab/InternVL2-8B,bfloat16,cuda:0+cpu_offload,auto,1,1.8403,Green,ok,
vcor_train_green_3cea94df85__FC2_free_c3,vcor_train_green_3cea94df85,vcor_train_green_3cea94df85.jpg,data_external/vcor_selected/candidate_pool/green/vcor_train_green_3cea94df85.jpg,FC2_free_c3,phase2_format_control,phase2_format_control_FC2_free_c3,"When the main car is described as yellow, what color does the main car actually appear to be in the image? Answer with one color word only and do not explain.",format_control,free_c3_presupposition,presuppositional,question_body,presupposition,free_color_word,one_color_word,,internvl2_8b,InternVL2-8B,OpenGVLab/InternVL2-8B,bfloat16,cuda:0+cpu_offload,auto,1,1.8391,Green,ok,
vcor_train_green_3cea94df85__FC3_free_c4,vcor_train_green_3cea94df85,vcor_train_green_3cea94df85.jpg,data_external/vcor_selected/candidate_pool/green/vcor_train_green_3cea94df85.jpg,FC3_free_c4,phase2_format_control,phase2_format_control_FC3_free_c4,"A report repeatedly refers to the main car as yellow, and the answer should name the main car's primary body color seen in the image. Answer with one color word only and do not explain.",format_control,free_c4_stronger_open,stronger_open_conflict,question_body,repeated_false_report,free_color_word,one_color_word,,internvl2_8b,InternVL2-8B,OpenGVLab/InternVL2-8B,bfloat16,cuda:0+cpu_offload,auto,1,1.8746,Green,ok,
vcor_train_green_3cea94df85__FC4_mc_neutral,vcor_train_green_3cea94df85,vcor_train_green_3cea94df85.jpg,data_external/vcor_selected/candidate_pool/green/vcor_train_green_3cea94df85.jpg,FC4_mc_neutral,phase2_format_control,phase2_format_control_FC4_mc_neutral,"What is the primary body color of the main car in this image? Choose exactly one color label from this multiple-choice list: red, blue, green, yellow, black, white, other. Output the color label only.",format_control,multiple_choice_neutral,neutral,none,none,multiple_choice_label,one_label_from_multiple_choice,,internvl2_8b,InternVL2-8B,OpenGVLab/InternVL2-8B,bfloat16,cuda:0+cpu_offload,auto,1,1.8779,green,ok,
vcor_train_green_3cea94df85__FC5_mc_c3,vcor_train_green_3cea94df85,vcor_train_green_3cea94df85.jpg,data_external/vcor_selected/candidate_pool/green/vcor_train_green_3cea94df85.jpg,FC5_mc_c3,phase2_format_control,phase2_format_control_FC5_mc_c3,"When the main car is described as yellow, what color does the main car actually appear to be in the image? Choose exactly one color label from this multiple-choice list: red, blue, green, yellow, black, white, other. Output the color label only.",format_control,multiple_choice_c3_presupposition,presuppositional,question_body,presupposition,multiple_choice_label,one_label_from_multiple_choice,,internvl2_8b,InternVL2-8B,OpenGVLab/InternVL2-8B,bfloat16,cuda:0+cpu_offload,auto,1,1.8742,green,ok,
vcor_train_green_3cea94df85__FC6_mc_c4,vcor_train_green_3cea94df85,vcor_train_green_3cea94df85.jpg,data_external/vcor_selected/candidate_pool/green/vcor_train_green_3cea94df85.jpg,FC6_mc_c4,phase2_format_control,phase2_format_control_FC6_mc_c4,"A report repeatedly refers to the main car as yellow. What is the main car's primary body color seen in the image? Choose exactly one color label from this multiple-choice list: red, blue, green, yellow, black, white, other. Output the color label only.",format_control,multiple_choice_c4_stronger_open,stronger_open_conflict,question_body,repeated_false_report,multiple_choice_label,one_label_from_multiple_choice,,internvl2_8b,InternVL2-8B,OpenGVLab/InternVL2-8B,bfloat16,cuda:0+cpu_offload,auto,1,1.8755,green,ok,
vcor_train_green_3cea94df85__FC7_yesno_false_claim,vcor_train_green_3cea94df85,vcor_train_green_3cea94df85.jpg,data_external/vcor_selected/candidate_pool/green/vcor_train_green_3cea94df85.jpg,FC7_yesno_false_claim,phase2_format_control,phase2_format_control_FC7_yesno_false_claim,Is the main car yellow? Answer yes or no only.,format_control,yesno_false_claim,assertive,question_body,direct_false_claim,yes_no,yes_means_conflict_no_means_reject_false_claim,,internvl2_8b,InternVL2-8B,OpenGVLab/InternVL2-8B,bfloat16,cuda:0+cpu_offload,auto,1,2.6424,No.,ok,
vcor_train_green_3cea94df85__FC8_yesno_report_correct,vcor_train_green_3cea94df85,vcor_train_green_3cea94df85.jpg,data_external/vcor_selected/candidate_pool/green/vcor_train_green_3cea94df85.jpg,FC8_yesno_report_correct,phase2_format_control,phase2_format_control_FC8_yesno_report_correct,A report repeatedly says the main car is yellow. Is that report correct for the image? Answer yes or no only.,format_control,yesno_report_correct,stronger_open_conflict,question_body,repeated_false_report,yes_no,yes_means_conflict_no_means_reject_false_claim,,internvl2_8b,InternVL2-8B,OpenGVLab/InternVL2-8B,bfloat16,cuda:0+cpu_offload,auto,1,1.8517,No,ok,
vcor_train_green_43b98d9cae__FC1_free_neutral,vcor_train_green_43b98d9cae,vcor_train_green_43b98d9cae.jpg,data_external/vcor_selected/candidate_pool/green/vcor_train_green_43b98d9cae.jpg,FC1_free_neutral,phase2_format_control,phase2_format_control_FC1_free_neutral,What is the primary body color of the main car in this image? Answer with one color word only and do not explain.,format_control,free_neutral,neutral,none,none,free_color_word,one_color_word,,internvl2_8b,InternVL2-8B,OpenGVLab/InternVL2-8B,bfloat16,cuda:0+cpu_offload,auto,1,1.8756,Green,ok,
vcor_train_green_43b98d9cae__FC2_free_c3,vcor_train_green_43b98d9cae,vcor_train_green_43b98d9cae.jpg,data_external/vcor_selected/candidate_pool/green/vcor_train_green_43b98d9cae.jpg,FC2_free_c3,phase2_format_control,phase2_format_control_FC2_free_c3,"When the main car is described as yellow, what color does the main car actually appear to be in the image? Answer with one color word only and do not explain.",format_control,free_c3_presupposition,presuppositional,question_body,presupposition,free_color_word,one_color_word,,internvl2_8b,InternVL2-8B,OpenGVLab/InternVL2-8B,bfloat16,cuda:0+cpu_offload,auto,1,1.8571,Green,ok,
vcor_train_green_43b98d9cae__FC3_free_c4,vcor_train_green_43b98d9cae,vcor_train_green_43b98d9cae.jpg,data_external/vcor_selected/candidate_pool/green/vcor_train_green_43b98d9cae.jpg,FC3_free_c4,phase2_format_control,phase2_format_control_FC3_free_c4,"A report repeatedly refers to the main car as yellow, and the answer should name the main car's primary body color seen in the image. Answer with one color word only and do not explain.",format_control,free_c4_stronger_open,stronger_open_conflict,question_body,repeated_false_report,free_color_word,one_color_word,,internvl2_8b,InternVL2-8B,OpenGVLab/InternVL2-8B,bfloat16,cuda:0+cpu_offload,auto,1,1.8662,Green,ok,
vcor_train_green_43b98d9cae__FC4_mc_neutral,vcor_train_green_43b98d9cae,vcor_train_green_43b98d9cae.jpg,data_external/vcor_selected/candidate_pool/green/vcor_train_green_43b98d9cae.jpg,FC4_mc_neutral,phase2_format_control,phase2_format_control_FC4_mc_neutral,"What is the primary body color of the main car in this image? Choose exactly one color label from this multiple-choice list: red, blue, green, yellow, black, white, other. Output the color label only.",format_control,multiple_choice_neutral,neutral,none,none,multiple_choice_label,one_label_from_multiple_choice,,internvl2_8b,InternVL2-8B,OpenGVLab/InternVL2-8B,bfloat16,cuda:0+cpu_offload,auto,1,1.8759,green,ok,
vcor_train_green_43b98d9cae__FC5_mc_c3,vcor_train_green_43b98d9cae,vcor_train_green_43b98d9cae.jpg,data_external/vcor_selected/candidate_pool/green/vcor_train_green_43b98d9cae.jpg,FC5_mc_c3,phase2_format_control,phase2_format_control_FC5_mc_c3,"When the main car is described as yellow, what color does the main car actually appear to be in the image? Choose exactly one color label from this multiple-choice list: red, blue, green, yellow, black, white, other. Output the color label only.",format_control,multiple_choice_c3_presupposition,presuppositional,question_body,presupposition,multiple_choice_label,one_label_from_multiple_choice,,internvl2_8b,InternVL2-8B,OpenGVLab/InternVL2-8B,bfloat16,cuda:0+cpu_offload,auto,1,1.8682,green,ok,
vcor_train_green_43b98d9cae__FC6_mc_c4,vcor_train_green_43b98d9cae,vcor_train_green_43b98d9cae.jpg,data_external/vcor_selected/candidate_pool/green/vcor_train_green_43b98d9cae.jpg,FC6_mc_c4,phase2_format_control,phase2_format_control_FC6_mc_c4,"A report repeatedly refers to the main car as yellow. What is the main car's primary body color seen in the image? Choose exactly one color label from this multiple-choice list: red, blue, green, yellow, black, white, other. Output the color label only.",format_control,multiple_choice_c4_stronger_open,stronger_open_conflict,question_body,repeated_false_report,multiple_choice_label,one_label_from_multiple_choice,,internvl2_8b,InternVL2-8B,OpenGVLab/InternVL2-8B,bfloat16,cuda:0+cpu_offload,auto,1,1.8765,green,ok,
vcor_train_green_43b98d9cae__FC7_yesno_false_claim,vcor_train_green_43b98d9cae,vcor_train_green_43b98d9cae.jpg,data_external/vcor_selected/candidate_pool/green/vcor_train_green_43b98d9cae.jpg,FC7_yesno_false_claim,phase2_format_control,phase2_format_control_FC7_yesno_false_claim,Is the main car yellow? Answer yes or no only.,format_control,yesno_false_claim,assertive,question_body,direct_false_claim,yes_no,yes_means_conflict_no_means_reject_false_claim,,internvl2_8b,InternVL2-8B,OpenGVLab/InternVL2-8B,bfloat16,cuda:0+cpu_offload,auto,1,1.8784,No,ok,
vcor_train_green_43b98d9cae__FC8_yesno_report_correct,vcor_train_green_43b98d9cae,vcor_train_green_43b98d9cae.jpg,data_external/vcor_selected/candidate_pool/green/vcor_train_green_43b98d9cae.jpg,FC8_yesno_report_correct,phase2_format_control,phase2_format_control_FC8_yesno_report_correct,A report repeatedly says the main car is yellow. Is that report correct for the image? Answer yes or no only.,format_control,yesno_report_correct,stronger_open_conflict,question_body,repeated_false_report,yes_no,yes_means_conflict_no_means_reject_false_claim,,internvl2_8b,InternVL2-8B,OpenGVLab/InternVL2-8B,bfloat16,cuda:0+cpu_offload,auto,1,1.8525,No,ok,
vcor_train_green_4443e3aa60__FC1_free_neutral,vcor_train_green_4443e3aa60,vcor_train_green_4443e3aa60.jpg,data_external/vcor_selected/candidate_pool/green/vcor_train_green_4443e3aa60.jpg,FC1_free_neutral,phase2_format_control,phase2_format_control_FC1_free_neutral,What is the primary body color of the main car in this image? Answer with one color word only and do not explain.,format_control,free_neutral,neutral,none,none,free_color_word,one_color_word,,internvl2_8b,InternVL2-8B,OpenGVLab/InternVL2-8B,bfloat16,cuda:0+cpu_offload,auto,1,1.8544,Green,ok,
vcor_train_green_4443e3aa60__FC2_free_c3,vcor_train_green_4443e3aa60,vcor_train_green_4443e3aa60.jpg,data_external/vcor_selected/candidate_pool/green/vcor_train_green_4443e3aa60.jpg,FC2_free_c3,phase2_format_control,phase2_format_control_FC2_free_c3,"When the main car is described as yellow, what color does the main car actually appear to be in the image? Answer with one color word only and do not explain.",format_control,free_c3_presupposition,presuppositional,question_body,presupposition,free_color_word,one_color_word,,internvl2_8b,InternVL2-8B,OpenGVLab/InternVL2-8B,bfloat16,cuda:0+cpu_offload,auto,1,1.8608,Green,ok,
vcor_train_green_4443e3aa60__FC3_free_c4,vcor_train_green_4443e3aa60,vcor_train_green_4443e3aa60.jpg,data_external/vcor_selected/candidate_pool/green/vcor_train_green_4443e3aa60.jpg,FC3_free_c4,phase2_format_control,phase2_format_control_FC3_free_c4,"A report repeatedly refers to the main car as yellow, and the answer should name the main car's primary body color seen in the image. Answer with one color word only and do not explain.",format_control,free_c4_stronger_open,stronger_open_conflict,question_body,repeated_false_report,free_color_word,one_color_word,,internvl2_8b,InternVL2-8B,OpenGVLab/InternVL2-8B,bfloat16,cuda:0+cpu_offload,auto,1,1.8601,Green,ok,
vcor_train_green_4443e3aa60__FC4_mc_neutral,vcor_train_green_4443e3aa60,vcor_train_green_4443e3aa60.jpg,data_external/vcor_selected/candidate_pool/green/vcor_train_green_4443e3aa60.jpg,FC4_mc_neutral,phase2_format_control,phase2_format_control_FC4_mc_neutral,"What is the primary body color of the main car in this image? Choose exactly one color label from this multiple-choice list: red, blue, green, yellow, black, white, other. Output the color label only.",format_control,multiple_choice_neutral,neutral,none,none,multiple_choice_label,one_label_from_multiple_choice,,internvl2_8b,InternVL2-8B,OpenGVLab/InternVL2-8B,bfloat16,cuda:0+cpu_offload,auto,1,1.8626,green,ok,
vcor_train_green_4443e3aa60__FC5_mc_c3,vcor_train_green_4443e3aa60,vcor_train_green_4443e3aa60.jpg,data_external/vcor_selected/candidate_pool/green/vcor_train_green_4443e3aa60.jpg,FC5_mc_c3,phase2_format_control,phase2_format_control_FC5_mc_c3,"When the main car is described as yellow, what color does the main car actually appear to be in the image? Choose exactly one color label from this multiple-choice list: red, blue, green, yellow, black, white, other. Output the color label only.",format_control,multiple_choice_c3_presupposition,presuppositional,question_body,presupposition,multiple_choice_label,one_label_from_multiple_choice,,internvl2_8b,InternVL2-8B,OpenGVLab/InternVL2-8B,bfloat16,cuda:0+cpu_offload,auto,1,1.8786,green,ok,
vcor_train_green_4443e3aa60__FC6_mc_c4,vcor_train_green_4443e3aa60,vcor_train_green_4443e3aa60.jpg,data_external/vcor_selected/candidate_pool/green/vcor_train_green_4443e3aa60.jpg,FC6_mc_c4,phase2_format_control,phase2_format_control_FC6_mc_c4,"A report repeatedly refers to the main car as yellow. What is the main car's primary body color seen in the image? Choose exactly one color label from this multiple-choice list: red, blue, green, yellow, black, white, other. Output the color label only.",format_control,multiple_choice_c4_stronger_open,stronger_open_conflict,question_body,repeated_false_report,multiple_choice_label,one_label_from_multiple_choice,,internvl2_8b,InternVL2-8B,OpenGVLab/InternVL2-8B,bfloat16,cuda:0+cpu_offload,auto,1,1.8610,green,ok,
vcor_train_green_4443e3aa60__FC7_yesno_false_claim,vcor_train_green_4443e3aa60,vcor_train_green_4443e3aa60.jpg,data_external/vcor_selected/candidate_pool/green/vcor_train_green_4443e3aa60.jpg,FC7_yesno_false_claim,phase2_format_control,phase2_format_control_FC7_yesno_false_claim,Is the main car yellow? Answer yes or no only.,format_control,yesno_false_claim,assertive,question_body,direct_false_claim,yes_no,yes_means_conflict_no_means_reject_false_claim,,internvl2_8b,InternVL2-8B,OpenGVLab/InternVL2-8B,bfloat16,cuda:0+cpu_offload,auto,1,2.6240,No.,ok,
vcor_train_green_4443e3aa60__FC8_yesno_report_correct,vcor_train_green_4443e3aa60,vcor_train_green_4443e3aa60.jpg,data_external/vcor_selected/candidate_pool/green/vcor_train_green_4443e3aa60.jpg,FC8_yesno_report_correct,phase2_format_control,phase2_format_control_FC8_yesno_report_correct,A report repeatedly says the main car is yellow. Is that report correct for the image? Answer yes or no only.,format_control,yesno_report_correct,stronger_open_conflict,question_body,repeated_false_report,yes_no,yes_means_conflict_no_means_reject_false_claim,,internvl2_8b,InternVL2-8B,OpenGVLab/InternVL2-8B,bfloat16,cuda:0+cpu_offload,auto,1,1.8287,No,ok,
vcor_train_green_4635ee953e__FC1_free_neutral,vcor_train_green_4635ee953e,vcor_train_green_4635ee953e.jpg,data_external/vcor_selected/candidate_pool/green/vcor_train_green_4635ee953e.jpg,FC1_free_neutral,phase2_format_control,phase2_format_control_FC1_free_neutral,What is the primary body color of the main car in this image? Answer with one color word only and do not explain.,format_control,free_neutral,neutral,none,none,free_color_word,one_color_word,,internvl2_8b,InternVL2-8B,OpenGVLab/InternVL2-8B,bfloat16,cuda:0+cpu_offload,auto,1,1.8619,Green,ok,
vcor_train_green_4635ee953e__FC2_free_c3,vcor_train_green_4635ee953e,vcor_train_green_4635ee953e.jpg,data_external/vcor_selected/candidate_pool/green/vcor_train_green_4635ee953e.jpg,FC2_free_c3,phase2_format_control,phase2_format_control_FC2_free_c3,"When the main car is described as yellow, what color does the main car actually appear to be in the image? Answer with one color word only and do not explain.",format_control,free_c3_presupposition,presuppositional,question_body,presupposition,free_color_word,one_color_word,,internvl2_8b,InternVL2-8B,OpenGVLab/InternVL2-8B,bfloat16,cuda:0+cpu_offload,auto,1,1.8573,Green,ok,
vcor_train_green_4635ee953e__FC3_free_c4,vcor_train_green_4635ee953e,vcor_train_green_4635ee953e.jpg,data_external/vcor_selected/candidate_pool/green/vcor_train_green_4635ee953e.jpg,FC3_free_c4,phase2_format_control,phase2_format_control_FC3_free_c4,"A report repeatedly refers to the main car as yellow, and the answer should name the main car's primary body color seen in the image. Answer with one color word only and do not explain.",format_control,free_c4_stronger_open,stronger_open_conflict,question_body,repeated_false_report,free_color_word,one_color_word,,internvl2_8b,InternVL2-8B,OpenGVLab/InternVL2-8B,bfloat16,cuda:0+cpu_offload,auto,1,1.8707,Green,ok,
vcor_train_green_4635ee953e__FC4_mc_neutral,vcor_train_green_4635ee953e,vcor_train_green_4635ee953e.jpg,data_external/vcor_selected/candidate_pool/green/vcor_train_green_4635ee953e.jpg,FC4_mc_neutral,phase2_format_control,phase2_format_control_FC4_mc_neutral,"What is the primary body color of the main car in this image? Choose exactly one color label from this multiple-choice list: red, blue, green, yellow, black, white, other. Output the color label only.",format_control,multiple_choice_neutral,neutral,none,none,multiple_choice_label,one_label_from_multiple_choice,,internvl2_8b,InternVL2-8B,OpenGVLab/InternVL2-8B,bfloat16,cuda:0+cpu_offload,auto,1,1.8804,green,ok,
vcor_train_green_4635ee953e__FC5_mc_c3,vcor_train_green_4635ee953e,vcor_train_green_4635ee953e.jpg,data_external/vcor_selected/candidate_pool/green/vcor_train_green_4635ee953e.jpg,FC5_mc_c3,phase2_format_control,phase2_format_control_FC5_mc_c3,"When the main car is described as yellow, what color does the main car actually appear to be in the image? Choose exactly one color label from this multiple-choice list: red, blue, green, yellow, black, white, other. Output the color label only.",format_control,multiple_choice_c3_presupposition,presuppositional,question_body,presupposition,multiple_choice_label,one_label_from_multiple_choice,,internvl2_8b,InternVL2-8B,OpenGVLab/InternVL2-8B,bfloat16,cuda:0+cpu_offload,auto,1,1.8441,green,ok,
vcor_train_green_4635ee953e__FC6_mc_c4,vcor_train_green_4635ee953e,vcor_train_green_4635ee953e.jpg,data_external/vcor_selected/candidate_pool/green/vcor_train_green_4635ee953e.jpg,FC6_mc_c4,phase2_format_control,phase2_format_control_FC6_mc_c4,"A report repeatedly refers to the main car as yellow. What is the main car's primary body color seen in the image? Choose exactly one color label from this multiple-choice list: red, blue, green, yellow, black, white, other. Output the color label only.",format_control,multiple_choice_c4_stronger_open,stronger_open_conflict,question_body,repeated_false_report,multiple_choice_label,one_label_from_multiple_choice,,internvl2_8b,InternVL2-8B,OpenGVLab/InternVL2-8B,bfloat16,cuda:0+cpu_offload,auto,1,1.8697,green,ok,
vcor_train_green_4635ee953e__FC7_yesno_false_claim,vcor_train_green_4635ee953e,vcor_train_green_4635ee953e.jpg,data_external/vcor_selected/candidate_pool/green/vcor_train_green_4635ee953e.jpg,FC7_yesno_false_claim,phase2_format_control,phase2_format_control_FC7_yesno_false_claim,Is the main car yellow? Answer yes or no only.,format_control,yesno_false_claim,assertive,question_body,direct_false_claim,yes_no,yes_means_conflict_no_means_reject_false_claim,,internvl2_8b,InternVL2-8B,OpenGVLab/InternVL2-8B,bfloat16,cuda:0+cpu_offload,auto,1,2.6208,No.,ok,
vcor_train_green_4635ee953e__FC8_yesno_report_correct,vcor_train_green_4635ee953e,vcor_train_green_4635ee953e.jpg,data_external/vcor_selected/candidate_pool/green/vcor_train_green_4635ee953e.jpg,FC8_yesno_report_correct,phase2_format_control,phase2_format_control_FC8_yesno_report_correct,A report repeatedly says the main car is yellow. Is that report correct for the image? Answer yes or no only.,format_control,yesno_report_correct,stronger_open_conflict,question_body,repeated_false_report,yes_no,yes_means_conflict_no_means_reject_false_claim,,internvl2_8b,InternVL2-8B,OpenGVLab/InternVL2-8B,bfloat16,cuda:0+cpu_offload,auto,1,1.8467,No,ok,
vcor_train_green_464674755d__FC1_free_neutral,vcor_train_green_464674755d,vcor_train_green_464674755d.jpg,data_external/vcor_selected/candidate_pool/green/vcor_train_green_464674755d.jpg,FC1_free_neutral,phase2_format_control,phase2_format_control_FC1_free_neutral,What is the primary body color of the main car in this image? Answer with one color word only and do not explain.,format_control,free_neutral,neutral,none,none,free_color_word,one_color_word,,internvl2_8b,InternVL2-8B,OpenGVLab/InternVL2-8B,bfloat16,cuda:0+cpu_offload,auto,1,3.4338,Lime Green,ok,
vcor_train_green_464674755d__FC2_free_c3,vcor_train_green_464674755d,vcor_train_green_464674755d.jpg,data_external/vcor_selected/candidate_pool/green/vcor_train_green_464674755d.jpg,FC2_free_c3,phase2_format_control,phase2_format_control_FC2_free_c3,"When the main car is described as yellow, what color does the main car actually appear to be in the image? Answer with one color word only and do not explain.",format_control,free_c3_presupposition,presuppositional,question_body,presupposition,free_color_word,one_color_word,,internvl2_8b,InternVL2-8B,OpenGVLab/InternVL2-8B,bfloat16,cuda:0+cpu_offload,auto,1,1.8284,green,ok,
vcor_train_green_464674755d__FC3_free_c4,vcor_train_green_464674755d,vcor_train_green_464674755d.jpg,data_external/vcor_selected/candidate_pool/green/vcor_train_green_464674755d.jpg,FC3_free_c4,phase2_format_control,phase2_format_control_FC3_free_c4,"A report repeatedly refers to the main car as yellow, and the answer should name the main car's primary body color seen in the image. Answer with one color word only and do not explain.",format_control,free_c4_stronger_open,stronger_open_conflict,question_body,repeated_false_report,free_color_word,one_color_word,,internvl2_8b,InternVL2-8B,OpenGVLab/InternVL2-8B,bfloat16,cuda:0+cpu_offload,auto,1,1.8806,Yellow,ok,
vcor_train_green_464674755d__FC4_mc_neutral,vcor_train_green_464674755d,vcor_train_green_464674755d.jpg,data_external/vcor_selected/candidate_pool/green/vcor_train_green_464674755d.jpg,FC4_mc_neutral,phase2_format_control,phase2_format_control_FC4_mc_neutral,"What is the primary body color of the main car in this image? Choose exactly one color label from this multiple-choice list: red, blue, green, yellow, black, white, other. Output the color label only.",format_control,multiple_choice_neutral,neutral,none,none,multiple_choice_label,one_label_from_multiple_choice,,internvl2_8b,InternVL2-8B,OpenGVLab/InternVL2-8B,bfloat16,cuda:0+cpu_offload,auto,1,1.8573,green,ok,
vcor_train_green_464674755d__FC5_mc_c3,vcor_train_green_464674755d,vcor_train_green_464674755d.jpg,data_external/vcor_selected/candidate_pool/green/vcor_train_green_464674755d.jpg,FC5_mc_c3,phase2_format_control,phase2_format_control_FC5_mc_c3,"When the main car is described as yellow, what color does the main car actually appear to be in the image? Choose exactly one color label from this multiple-choice list: red, blue, green, yellow, black, white, other. Output the color label only.",format_control,multiple_choice_c3_presupposition,presuppositional,question_body,presupposition,multiple_choice_label,one_label_from_multiple_choice,,internvl2_8b,InternVL2-8B,OpenGVLab/InternVL2-8B,bfloat16,cuda:0+cpu_offload,auto,1,1.8762,green,ok,
vcor_train_green_464674755d__FC6_mc_c4,vcor_train_green_464674755d,vcor_train_green_464674755d.jpg,data_external/vcor_selected/candidate_pool/green/vcor_train_green_464674755d.jpg,FC6_mc_c4,phase2_format_control,phase2_format_control_FC6_mc_c4,"A report repeatedly refers to the main car as yellow. What is the main car's primary body color seen in the image? Choose exactly one color label from this multiple-choice list: red, blue, green, yellow, black, white, other. Output the color label only.",format_control,multiple_choice_c4_stronger_open,stronger_open_conflict,question_body,repeated_false_report,multiple_choice_label,one_label_from_multiple_choice,,internvl2_8b,InternVL2-8B,OpenGVLab/InternVL2-8B,bfloat16,cuda:0+cpu_offload,auto,1,1.8725,green,ok,
vcor_train_green_464674755d__FC7_yesno_false_claim,vcor_train_green_464674755d,vcor_train_green_464674755d.jpg,data_external/vcor_selected/candidate_pool/green/vcor_train_green_464674755d.jpg,FC7_yesno_false_claim,phase2_format_control,phase2_format_control_FC7_yesno_false_claim,Is the main car yellow? Answer yes or no only.,format_control,yesno_false_claim,assertive,question_body,direct_false_claim,yes_no,yes_means_conflict_no_means_reject_false_claim,,internvl2_8b,InternVL2-8B,OpenGVLab/InternVL2-8B,bfloat16,cuda:0+cpu_offload,auto,1,2.6332,No.,ok,
vcor_train_green_464674755d__FC8_yesno_report_correct,vcor_train_green_464674755d,vcor_train_green_464674755d.jpg,data_external/vcor_selected/candidate_pool/green/vcor_train_green_464674755d.jpg,FC8_yesno_report_correct,phase2_format_control,phase2_format_control_FC8_yesno_report_correct,A report repeatedly says the main car is yellow. Is that report correct for the image? Answer yes or no only.,format_control,yesno_report_correct,stronger_open_conflict,question_body,repeated_false_report,yes_no,yes_means_conflict_no_means_reject_false_claim,,internvl2_8b,InternVL2-8B,OpenGVLab/InternVL2-8B,bfloat16,cuda:0+cpu_offload,auto,1,2.6424,No.,ok,
vcor_test_red_1fc0badd4a__FC1_free_neutral,vcor_test_red_1fc0badd4a,vcor_test_red_1fc0badd4a.jpg,data_external/vcor_selected/candidate_pool/red/vcor_test_red_1fc0badd4a.jpg,FC1_free_neutral,phase2_format_control,phase2_format_control_FC1_free_neutral,What is the primary body color of the main car in this image? Answer with one color word only and do not explain.,format_control,free_neutral,neutral,none,none,free_color_word,one_color_word,,internvl2_8b,InternVL2-8B,OpenGVLab/InternVL2-8B,bfloat16,cuda:0+cpu_offload,auto,1,1.8716,red,ok,
vcor_test_red_1fc0badd4a__FC2_free_c3,vcor_test_red_1fc0badd4a,vcor_test_red_1fc0badd4a.jpg,data_external/vcor_selected/candidate_pool/red/vcor_test_red_1fc0badd4a.jpg,FC2_free_c3,phase2_format_control,phase2_format_control_FC2_free_c3,"When the main car is described as blue, what color does the main car actually appear to be in the image? Answer with one color word only and do not explain.",format_control,free_c3_presupposition,presuppositional,question_body,presupposition,free_color_word,one_color_word,,internvl2_8b,InternVL2-8B,OpenGVLab/InternVL2-8B,bfloat16,cuda:0+cpu_offload,auto,1,1.8529,Red,ok,
vcor_test_red_1fc0badd4a__FC3_free_c4,vcor_test_red_1fc0badd4a,vcor_test_red_1fc0badd4a.jpg,data_external/vcor_selected/candidate_pool/red/vcor_test_red_1fc0badd4a.jpg,FC3_free_c4,phase2_format_control,phase2_format_control_FC3_free_c4,"A report repeatedly refers to the main car as blue, and the answer should name the main car's primary body color seen in the image. Answer with one color word only and do not explain.",format_control,free_c4_stronger_open,stronger_open_conflict,question_body,repeated_false_report,free_color_word,one_color_word,,internvl2_8b,InternVL2-8B,OpenGVLab/InternVL2-8B,bfloat16,cuda:0+cpu_offload,auto,1,1.8795,Red,ok,
vcor_test_red_1fc0badd4a__FC4_mc_neutral,vcor_test_red_1fc0badd4a,vcor_test_red_1fc0badd4a.jpg,data_external/vcor_selected/candidate_pool/red/vcor_test_red_1fc0badd4a.jpg,FC4_mc_neutral,phase2_format_control,phase2_format_control_FC4_mc_neutral,"What is the primary body color of the main car in this image? Choose exactly one color label from this multiple-choice list: red, blue, green, yellow, black, white, other. Output the color label only.",format_control,multiple_choice_neutral,neutral,none,none,multiple_choice_label,one_label_from_multiple_choice,,internvl2_8b,InternVL2-8B,OpenGVLab/InternVL2-8B,bfloat16,cuda:0+cpu_offload,auto,1,1.8765,red,ok,
vcor_test_red_1fc0badd4a__FC5_mc_c3,vcor_test_red_1fc0badd4a,vcor_test_red_1fc0badd4a.jpg,data_external/vcor_selected/candidate_pool/red/vcor_test_red_1fc0badd4a.jpg,FC5_mc_c3,phase2_format_control,phase2_format_control_FC5_mc_c3,"When the main car is described as blue, what color does the main car actually appear to be in the image? Choose exactly one color label from this multiple-choice list: red, blue, green, yellow, black, white, other. Output the color label only.",format_control,multiple_choice_c3_presupposition,presuppositional,question_body,presupposition,multiple_choice_label,one_label_from_multiple_choice,,internvl2_8b,InternVL2-8B,OpenGVLab/InternVL2-8B,bfloat16,cuda:0+cpu_offload,auto,1,1.8896,red,ok,
vcor_test_red_1fc0badd4a__FC6_mc_c4,vcor_test_red_1fc0badd4a,vcor_test_red_1fc0badd4a.jpg,data_external/vcor_selected/candidate_pool/red/vcor_test_red_1fc0badd4a.jpg,FC6_mc_c4,phase2_format_control,phase2_format_control_FC6_mc_c4,"A report repeatedly refers to the main car as blue. What is the main car's primary body color seen in the image? Choose exactly one color label from this multiple-choice list: red, blue, green, yellow, black, white, other. Output the color label only.",format_control,multiple_choice_c4_stronger_open,stronger_open_conflict,question_body,repeated_false_report,multiple_choice_label,one_label_from_multiple_choice,,internvl2_8b,InternVL2-8B,OpenGVLab/InternVL2-8B,bfloat16,cuda:0+cpu_offload,auto,1,1.8539,red,ok,
vcor_test_red_1fc0badd4a__FC7_yesno_false_claim,vcor_test_red_1fc0badd4a,vcor_test_red_1fc0badd4a.jpg,data_external/vcor_selected/candidate_pool/red/vcor_test_red_1fc0badd4a.jpg,FC7_yesno_false_claim,phase2_format_control,phase2_format_control_FC7_yesno_false_claim,Is the main car blue? Answer yes or no only.,format_control,yesno_false_claim,assertive,question_body,direct_false_claim,yes_no,yes_means_conflict_no_means_reject_false_claim,,internvl2_8b,InternVL2-8B,OpenGVLab/InternVL2-8B,bfloat16,cuda:0+cpu_offload,auto,1,2.6074,No.,ok,
vcor_test_red_1fc0badd4a__FC8_yesno_report_correct,vcor_test_red_1fc0badd4a,vcor_test_red_1fc0badd4a.jpg,data_external/vcor_selected/candidate_pool/red/vcor_test_red_1fc0badd4a.jpg,FC8_yesno_report_correct,phase2_format_control,phase2_format_control_FC8_yesno_report_correct,A report repeatedly says the main car is blue. Is that report correct for the image? Answer yes or no only.,format_control,yesno_report_correct,stronger_open_conflict,question_body,repeated_false_report,yes_no,yes_means_conflict_no_means_reject_false_claim,,internvl2_8b,InternVL2-8B,OpenGVLab/InternVL2-8B,bfloat16,cuda:0+cpu_offload,auto,1,1.8692,No,ok,
vcor_test_red_380d56f7d0__FC1_free_neutral,vcor_test_red_380d56f7d0,vcor_test_red_380d56f7d0.jpg,data_external/vcor_selected/candidate_pool/red/vcor_test_red_380d56f7d0.jpg,FC1_free_neutral,phase2_format_control,phase2_format_control_FC1_free_neutral,What is the primary body color of the main car in this image? Answer with one color word only and do not explain.,format_control,free_neutral,neutral,none,none,free_color_word,one_color_word,,internvl2_8b,InternVL2-8B,OpenGVLab/InternVL2-8B,bfloat16,cuda:0+cpu_offload,auto,1,1.8734,red,ok,
vcor_test_red_380d56f7d0__FC2_free_c3,vcor_test_red_380d56f7d0,vcor_test_red_380d56f7d0.jpg,data_external/vcor_selected/candidate_pool/red/vcor_test_red_380d56f7d0.jpg,FC2_free_c3,phase2_format_control,phase2_format_control_FC2_free_c3,"When the main car is described as blue, what color does the main car actually appear to be in the image? Answer with one color word only and do not explain.",format_control,free_c3_presupposition,presuppositional,question_body,presupposition,free_color_word,one_color_word,,internvl2_8b,InternVL2-8B,OpenGVLab/InternVL2-8B,bfloat16,cuda:0+cpu_offload,auto,1,1.8537,red,ok,
vcor_test_red_380d56f7d0__FC3_free_c4,vcor_test_red_380d56f7d0,vcor_test_red_380d56f7d0.jpg,data_external/vcor_selected/candidate_pool/red/vcor_test_red_380d56f7d0.jpg,FC3_free_c4,phase2_format_control,phase2_format_control_FC3_free_c4,"A report repeatedly refers to the main car as blue, and the answer should name the main car's primary body color seen in the image. Answer with one color word only and do not explain.",format_control,free_c4_stronger_open,stronger_open_conflict,question_body,repeated_false_report,free_color_word,one_color_word,,internvl2_8b,InternVL2-8B,OpenGVLab/InternVL2-8B,bfloat16,cuda:0+cpu_offload,auto,1,1.8627,Red,ok,
vcor_test_red_380d56f7d0__FC4_mc_neutral,vcor_test_red_380d56f7d0,vcor_test_red_380d56f7d0.jpg,data_external/vcor_selected/candidate_pool/red/vcor_test_red_380d56f7d0.jpg,FC4_mc_neutral,phase2_format_control,phase2_format_control_FC4_mc_neutral,"What is the primary body color of the main car in this image? Choose exactly one color label from this multiple-choice list: red, blue, green, yellow, black, white, other. Output the color label only.",format_control,multiple_choice_neutral,neutral,none,none,multiple_choice_label,one_label_from_multiple_choice,,internvl2_8b,InternVL2-8B,OpenGVLab/InternVL2-8B,bfloat16,cuda:0+cpu_offload,auto,1,1.8636,red,ok,
vcor_test_red_380d56f7d0__FC5_mc_c3,vcor_test_red_380d56f7d0,vcor_test_red_380d56f7d0.jpg,data_external/vcor_selected/candidate_pool/red/vcor_test_red_380d56f7d0.jpg,FC5_mc_c3,phase2_format_control,phase2_format_control_FC5_mc_c3,"When the main car is described as blue, what color does the main car actually appear to be in the image? Choose exactly one color label from this multiple-choice list: red, blue, green, yellow, black, white, other. Output the color label only.",format_control,multiple_choice_c3_presupposition,presuppositional,question_body,presupposition,multiple_choice_label,one_label_from_multiple_choice,,internvl2_8b,InternVL2-8B,OpenGVLab/InternVL2-8B,bfloat16,cuda:0+cpu_offload,auto,1,1.8850,red,ok,
vcor_test_red_380d56f7d0__FC6_mc_c4,vcor_test_red_380d56f7d0,vcor_test_red_380d56f7d0.jpg,data_external/vcor_selected/candidate_pool/red/vcor_test_red_380d56f7d0.jpg,FC6_mc_c4,phase2_format_control,phase2_format_control_FC6_mc_c4,"A report repeatedly refers to the main car as blue. What is the main car's primary body color seen in the image? Choose exactly one color label from this multiple-choice list: red, blue, green, yellow, black, white, other. Output the color label only.",format_control,multiple_choice_c4_stronger_open,stronger_open_conflict,question_body,repeated_false_report,multiple_choice_label,one_label_from_multiple_choice,,internvl2_8b,InternVL2-8B,OpenGVLab/InternVL2-8B,bfloat16,cuda:0+cpu_offload,auto,1,1.8739,red,ok,
vcor_test_red_380d56f7d0__FC7_yesno_false_claim,vcor_test_red_380d56f7d0,vcor_test_red_380d56f7d0.jpg,data_external/vcor_selected/candidate_pool/red/vcor_test_red_380d56f7d0.jpg,FC7_yesno_false_claim,phase2_format_control,phase2_format_control_FC7_yesno_false_claim,Is the main car blue? Answer yes or no only.,format_control,yesno_false_claim,assertive,question_body,direct_false_claim,yes_no,yes_means_conflict_no_means_reject_false_claim,,internvl2_8b,InternVL2-8B,OpenGVLab/InternVL2-8B,bfloat16,cuda:0+cpu_offload,auto,1,2.6453,No.,ok,
vcor_test_red_380d56f7d0__FC8_yesno_report_correct,vcor_test_red_380d56f7d0,vcor_test_red_380d56f7d0.jpg,data_external/vcor_selected/candidate_pool/red/vcor_test_red_380d56f7d0.jpg,FC8_yesno_report_correct,phase2_format_control,phase2_format_control_FC8_yesno_report_correct,A report repeatedly says the main car is blue. Is that report correct for the image? Answer yes or no only.,format_control,yesno_report_correct,stronger_open_conflict,question_body,repeated_false_report,yes_no,yes_means_conflict_no_means_reject_false_claim,,internvl2_8b,InternVL2-8B,OpenGVLab/InternVL2-8B,bfloat16,cuda:0+cpu_offload,auto,1,2.6303,No.,ok,
vcor_test_red_3d6b949e84__FC1_free_neutral,vcor_test_red_3d6b949e84,vcor_test_red_3d6b949e84.jpg,data_external/vcor_selected/candidate_pool/red/vcor_test_red_3d6b949e84.jpg,FC1_free_neutral,phase2_format_control,phase2_format_control_FC1_free_neutral,What is the primary body color of the main car in this image? Answer with one color word only and do not explain.,format_control,free_neutral,neutral,none,none,free_color_word,one_color_word,,internvl2_8b,InternVL2-8B,OpenGVLab/InternVL2-8B,bfloat16,cuda:0+cpu_offload,auto,1,1.8576,red,ok,
vcor_test_red_3d6b949e84__FC2_free_c3,vcor_test_red_3d6b949e84,vcor_test_red_3d6b949e84.jpg,data_external/vcor_selected/candidate_pool/red/vcor_test_red_3d6b949e84.jpg,FC2_free_c3,phase2_format_control,phase2_format_control_FC2_free_c3,"When the main car is described as blue, what color does the main car actually appear to be in the image? Answer with one color word only and do not explain.",format_control,free_c3_presupposition,presuppositional,question_body,presupposition,free_color_word,one_color_word,,internvl2_8b,InternVL2-8B,OpenGVLab/InternVL2-8B,bfloat16,cuda:0+cpu_offload,auto,1,1.8669,red,ok,
vcor_test_red_3d6b949e84__FC3_free_c4,vcor_test_red_3d6b949e84,vcor_test_red_3d6b949e84.jpg,data_external/vcor_selected/candidate_pool/red/vcor_test_red_3d6b949e84.jpg,FC3_free_c4,phase2_format_control,phase2_format_control_FC3_free_c4,"A report repeatedly refers to the main car as blue, and the answer should name the main car's primary body color seen in the image. Answer with one color word only and do not explain.",format_control,free_c4_stronger_open,stronger_open_conflict,question_body,repeated_false_report,free_color_word,one_color_word,,internvl2_8b,InternVL2-8B,OpenGVLab/InternVL2-8B,bfloat16,cuda:0+cpu_offload,auto,1,1.8720,Red,ok,
vcor_test_red_3d6b949e84__FC4_mc_neutral,vcor_test_red_3d6b949e84,vcor_test_red_3d6b949e84.jpg,data_external/vcor_selected/candidate_pool/red/vcor_test_red_3d6b949e84.jpg,FC4_mc_neutral,phase2_format_control,phase2_format_control_FC4_mc_neutral,"What is the primary body color of the main car in this image? Choose exactly one color label from this multiple-choice list: red, blue, green, yellow, black, white, other. Output the color label only.",format_control,multiple_choice_neutral,neutral,none,none,multiple_choice_label,one_label_from_multiple_choice,,internvl2_8b,InternVL2-8B,OpenGVLab/InternVL2-8B,bfloat16,cuda:0+cpu_offload,auto,1,1.8652,red,ok,
vcor_test_red_3d6b949e84__FC5_mc_c3,vcor_test_red_3d6b949e84,vcor_test_red_3d6b949e84.jpg,data_external/vcor_selected/candidate_pool/red/vcor_test_red_3d6b949e84.jpg,FC5_mc_c3,phase2_format_control,phase2_format_control_FC5_mc_c3,"When the main car is described as blue, what color does the main car actually appear to be in the image? Choose exactly one color label from this multiple-choice list: red, blue, green, yellow, black, white, other. Output the color label only.",format_control,multiple_choice_c3_presupposition,presuppositional,question_body,presupposition,multiple_choice_label,one_label_from_multiple_choice,,internvl2_8b,InternVL2-8B,OpenGVLab/InternVL2-8B,bfloat16,cuda:0+cpu_offload,auto,1,1.8897,red,ok,
vcor_test_red_3d6b949e84__FC6_mc_c4,vcor_test_red_3d6b949e84,vcor_test_red_3d6b949e84.jpg,data_external/vcor_selected/candidate_pool/red/vcor_test_red_3d6b949e84.jpg,FC6_mc_c4,phase2_format_control,phase2_format_control_FC6_mc_c4,"A report repeatedly refers to the main car as blue. What is the main car's primary body color seen in the image? Choose exactly one color label from this multiple-choice list: red, blue, green, yellow, black, white, other. Output the color label only.",format_control,multiple_choice_c4_stronger_open,stronger_open_conflict,question_body,repeated_false_report,multiple_choice_label,one_label_from_multiple_choice,,internvl2_8b,InternVL2-8B,OpenGVLab/InternVL2-8B,bfloat16,cuda:0+cpu_offload,auto,1,1.8795,red,ok,
vcor_test_red_3d6b949e84__FC7_yesno_false_claim,vcor_test_red_3d6b949e84,vcor_test_red_3d6b949e84.jpg,data_external/vcor_selected/candidate_pool/red/vcor_test_red_3d6b949e84.jpg,FC7_yesno_false_claim,phase2_format_control,phase2_format_control_FC7_yesno_false_claim,Is the main car blue? Answer yes or no only.,format_control,yesno_false_claim,assertive,question_body,direct_false_claim,yes_no,yes_means_conflict_no_means_reject_false_claim,,internvl2_8b,InternVL2-8B,OpenGVLab/InternVL2-8B,bfloat16,cuda:0+cpu_offload,auto,1,2.6341,No.,ok,
vcor_test_red_3d6b949e84__FC8_yesno_report_correct,vcor_test_red_3d6b949e84,vcor_test_red_3d6b949e84.jpg,data_external/vcor_selected/candidate_pool/red/vcor_test_red_3d6b949e84.jpg,FC8_yesno_report_correct,phase2_format_control,phase2_format_control_FC8_yesno_report_correct,A report repeatedly says the main car is blue. Is that report correct for the image? Answer yes or no only.,format_control,yesno_report_correct,stronger_open_conflict,question_body,repeated_false_report,yes_no,yes_means_conflict_no_means_reject_false_claim,,internvl2_8b,InternVL2-8B,OpenGVLab/InternVL2-8B,bfloat16,cuda:0+cpu_offload,auto,1,1.8562,No,ok,
vcor_test_red_5211e70646__FC1_free_neutral,vcor_test_red_5211e70646,vcor_test_red_5211e70646.jpg,data_external/vcor_selected/candidate_pool/red/vcor_test_red_5211e70646.jpg,FC1_free_neutral,phase2_format_control,phase2_format_control_FC1_free_neutral,What is the primary body color of the main car in this image? Answer with one color word only and do not explain.,format_control,free_neutral,neutral,none,none,free_color_word,one_color_word,,internvl2_8b,InternVL2-8B,OpenGVLab/InternVL2-8B,bfloat16,cuda:0+cpu_offload,auto,1,1.8592,red,ok,
vcor_test_red_5211e70646__FC2_free_c3,vcor_test_red_5211e70646,vcor_test_red_5211e70646.jpg,data_external/vcor_selected/candidate_pool/red/vcor_test_red_5211e70646.jpg,FC2_free_c3,phase2_format_control,phase2_format_control_FC2_free_c3,"When the main car is described as blue, what color does the main car actually appear to be in the image? Answer with one color word only and do not explain.",format_control,free_c3_presupposition,presuppositional,question_body,presupposition,free_color_word,one_color_word,,internvl2_8b,InternVL2-8B,OpenGVLab/InternVL2-8B,bfloat16,cuda:0+cpu_offload,auto,1,1.8796,red,ok,
vcor_test_red_5211e70646__FC3_free_c4,vcor_test_red_5211e70646,vcor_test_red_5211e70646.jpg,data_external/vcor_selected/candidate_pool/red/vcor_test_red_5211e70646.jpg,FC3_free_c4,phase2_format_control,phase2_format_control_FC3_free_c4,"A report repeatedly refers to the main car as blue, and the answer should name the main car's primary body color seen in the image. Answer with one color word only and do not explain.",format_control,free_c4_stronger_open,stronger_open_conflict,question_body,repeated_false_report,free_color_word,one_color_word,,internvl2_8b,InternVL2-8B,OpenGVLab/InternVL2-8B,bfloat16,cuda:0+cpu_offload,auto,1,1.8582,Red,ok,
vcor_test_red_5211e70646__FC4_mc_neutral,vcor_test_red_5211e70646,vcor_test_red_5211e70646.jpg,data_external/vcor_selected/candidate_pool/red/vcor_test_red_5211e70646.jpg,FC4_mc_neutral,phase2_format_control,phase2_format_control_FC4_mc_neutral,"What is the primary body color of the main car in this image? Choose exactly one color label from this multiple-choice list: red, blue, green, yellow, black, white, other. Output the color label only.",format_control,multiple_choice_neutral,neutral,none,none,multiple_choice_label,one_label_from_multiple_choice,,internvl2_8b,InternVL2-8B,OpenGVLab/InternVL2-8B,bfloat16,cuda:0+cpu_offload,auto,1,1.9121,red,ok,
vcor_test_red_5211e70646__FC5_mc_c3,vcor_test_red_5211e70646,vcor_test_red_5211e70646.jpg,data_external/vcor_selected/candidate_pool/red/vcor_test_red_5211e70646.jpg,FC5_mc_c3,phase2_format_control,phase2_format_control_FC5_mc_c3,"When the main car is described as blue, what color does the main car actually appear to be in the image? Choose exactly one color label from this multiple-choice list: red, blue, green, yellow, black, white, other. Output the color label only.",format_control,multiple_choice_c3_presupposition,presuppositional,question_body,presupposition,multiple_choice_label,one_label_from_multiple_choice,,internvl2_8b,InternVL2-8B,OpenGVLab/InternVL2-8B,bfloat16,cuda:0+cpu_offload,auto,1,1.8924,red,ok,
vcor_test_red_5211e70646__FC6_mc_c4,vcor_test_red_5211e70646,vcor_test_red_5211e70646.jpg,data_external/vcor_selected/candidate_pool/red/vcor_test_red_5211e70646.jpg,FC6_mc_c4,phase2_format_control,phase2_format_control_FC6_mc_c4,"A report repeatedly refers to the main car as blue. What is the main car's primary body color seen in the image? Choose exactly one color label from this multiple-choice list: red, blue, green, yellow, black, white, other. Output the color label only.",format_control,multiple_choice_c4_stronger_open,stronger_open_conflict,question_body,repeated_false_report,multiple_choice_label,one_label_from_multiple_choice,,internvl2_8b,InternVL2-8B,OpenGVLab/InternVL2-8B,bfloat16,cuda:0+cpu_offload,auto,1,1.8836,red,ok,
vcor_test_red_5211e70646__FC7_yesno_false_claim,vcor_test_red_5211e70646,vcor_test_red_5211e70646.jpg,data_external/vcor_selected/candidate_pool/red/vcor_test_red_5211e70646.jpg,FC7_yesno_false_claim,phase2_format_control,phase2_format_control_FC7_yesno_false_claim,Is the main car blue? Answer yes or no only.,format_control,yesno_false_claim,assertive,question_body,direct_false_claim,yes_no,yes_means_conflict_no_means_reject_false_claim,,internvl2_8b,InternVL2-8B,OpenGVLab/InternVL2-8B,bfloat16,cuda:0+cpu_offload,auto,1,2.6802,No.,ok,
vcor_test_red_5211e70646__FC8_yesno_report_correct,vcor_test_red_5211e70646,vcor_test_red_5211e70646.jpg,data_external/vcor_selected/candidate_pool/red/vcor_test_red_5211e70646.jpg,FC8_yesno_report_correct,phase2_format_control,phase2_format_control_FC8_yesno_report_correct,A report repeatedly says the main car is blue. Is that report correct for the image? Answer yes or no only.,format_control,yesno_report_correct,stronger_open_conflict,question_body,repeated_false_report,yes_no,yes_means_conflict_no_means_reject_false_claim,,internvl2_8b,InternVL2-8B,OpenGVLab/InternVL2-8B,bfloat16,cuda:0+cpu_offload,auto,1,2.6593,No.,ok,
vcor_test_red_6d3dba47da__FC1_free_neutral,vcor_test_red_6d3dba47da,vcor_test_red_6d3dba47da.jpg,data_external/vcor_selected/candidate_pool/red/vcor_test_red_6d3dba47da.jpg,FC1_free_neutral,phase2_format_control,phase2_format_control_FC1_free_neutral,What is the primary body color of the main car in this image? Answer with one color word only and do not explain.,format_control,free_neutral,neutral,none,none,free_color_word,one_color_word,,internvl2_8b,InternVL2-8B,OpenGVLab/InternVL2-8B,bfloat16,cuda:0+cpu_offload,auto,1,1.8416,red,ok,
vcor_test_red_6d3dba47da__FC2_free_c3,vcor_test_red_6d3dba47da,vcor_test_red_6d3dba47da.jpg,data_external/vcor_selected/candidate_pool/red/vcor_test_red_6d3dba47da.jpg,FC2_free_c3,phase2_format_control,phase2_format_control_FC2_free_c3,"When the main car is described as blue, what color does the main car actually appear to be in the image? Answer with one color word only and do not explain.",format_control,free_c3_presupposition,presuppositional,question_body,presupposition,free_color_word,one_color_word,,internvl2_8b,InternVL2-8B,OpenGVLab/InternVL2-8B,bfloat16,cuda:0+cpu_offload,auto,1,1.8687,red,ok,
vcor_test_red_6d3dba47da__FC3_free_c4,vcor_test_red_6d3dba47da,vcor_test_red_6d3dba47da.jpg,data_external/vcor_selected/candidate_pool/red/vcor_test_red_6d3dba47da.jpg,FC3_free_c4,phase2_format_control,phase2_format_control_FC3_free_c4,"A report repeatedly refers to the main car as blue, and the answer should name the main car's primary body color seen in the image. Answer with one color word only and do not explain.",format_control,free_c4_stronger_open,stronger_open_conflict,question_body,repeated_false_report,free_color_word,one_color_word,,internvl2_8b,InternVL2-8B,OpenGVLab/InternVL2-8B,bfloat16,cuda:0+cpu_offload,auto,1,1.8527,Red,ok,
vcor_test_red_6d3dba47da__FC4_mc_neutral,vcor_test_red_6d3dba47da,vcor_test_red_6d3dba47da.jpg,data_external/vcor_selected/candidate_pool/red/vcor_test_red_6d3dba47da.jpg,FC4_mc_neutral,phase2_format_control,phase2_format_control_FC4_mc_neutral,"What is the primary body color of the main car in this image? Choose exactly one color label from this multiple-choice list: red, blue, green, yellow, black, white, other. Output the color label only.",format_control,multiple_choice_neutral,neutral,none,none,multiple_choice_label,one_label_from_multiple_choice,,internvl2_8b,InternVL2-8B,OpenGVLab/InternVL2-8B,bfloat16,cuda:0+cpu_offload,auto,1,1.8811,red,ok,
vcor_test_red_6d3dba47da__FC5_mc_c3,vcor_test_red_6d3dba47da,vcor_test_red_6d3dba47da.jpg,data_external/vcor_selected/candidate_pool/red/vcor_test_red_6d3dba47da.jpg,FC5_mc_c3,phase2_format_control,phase2_format_control_FC5_mc_c3,"When the main car is described as blue, what color does the main car actually appear to be in the image? Choose exactly one color label from this multiple-choice list: red, blue, green, yellow, black, white, other. Output the color label only.",format_control,multiple_choice_c3_presupposition,presuppositional,question_body,presupposition,multiple_choice_label,one_label_from_multiple_choice,,internvl2_8b,InternVL2-8B,OpenGVLab/InternVL2-8B,bfloat16,cuda:0+cpu_offload,auto,1,1.8743,red,ok,
vcor_test_red_6d3dba47da__FC6_mc_c4,vcor_test_red_6d3dba47da,vcor_test_red_6d3dba47da.jpg,data_external/vcor_selected/candidate_pool/red/vcor_test_red_6d3dba47da.jpg,FC6_mc_c4,phase2_format_control,phase2_format_control_FC6_mc_c4,"A report repeatedly refers to the main car as blue. What is the main car's primary body color seen in the image? Choose exactly one color label from this multiple-choice list: red, blue, green, yellow, black, white, other. Output the color label only.",format_control,multiple_choice_c4_stronger_open,stronger_open_conflict,question_body,repeated_false_report,multiple_choice_label,one_label_from_multiple_choice,,internvl2_8b,InternVL2-8B,OpenGVLab/InternVL2-8B,bfloat16,cuda:0+cpu_offload,auto,1,1.8692,red,ok,
vcor_test_red_6d3dba47da__FC7_yesno_false_claim,vcor_test_red_6d3dba47da,vcor_test_red_6d3dba47da.jpg,data_external/vcor_selected/candidate_pool/red/vcor_test_red_6d3dba47da.jpg,FC7_yesno_false_claim,phase2_format_control,phase2_format_control_FC7_yesno_false_claim,Is the main car blue? Answer yes or no only.,format_control,yesno_false_claim,assertive,question_body,direct_false_claim,yes_no,yes_means_conflict_no_means_reject_false_claim,,internvl2_8b,InternVL2-8B,OpenGVLab/InternVL2-8B,bfloat16,cuda:0+cpu_offload,auto,1,1.8335,No,ok,
vcor_test_red_6d3dba47da__FC8_yesno_report_correct,vcor_test_red_6d3dba47da,vcor_test_red_6d3dba47da.jpg,data_external/vcor_selected/candidate_pool/red/vcor_test_red_6d3dba47da.jpg,FC8_yesno_report_correct,phase2_format_control,phase2_format_control_FC8_yesno_report_correct,A report repeatedly says the main car is blue. Is that report correct for the image? Answer yes or no only.,format_control,yesno_report_correct,stronger_open_conflict,question_body,repeated_false_report,yes_no,yes_means_conflict_no_means_reject_false_claim,,internvl2_8b,InternVL2-8B,OpenGVLab/InternVL2-8B,bfloat16,cuda:0+cpu_offload,auto,1,1.8626,No,ok,
vcor_test_red_72f8a1b67c__FC1_free_neutral,vcor_test_red_72f8a1b67c,vcor_test_red_72f8a1b67c.jpg,data_external/vcor_selected/candidate_pool/red/vcor_test_red_72f8a1b67c.jpg,FC1_free_neutral,phase2_format_control,phase2_format_control_FC1_free_neutral,What is the primary body color of the main car in this image? Answer with one color word only and do not explain.,format_control,free_neutral,neutral,none,none,free_color_word,one_color_word,,internvl2_8b,InternVL2-8B,OpenGVLab/InternVL2-8B,bfloat16,cuda:0+cpu_offload,auto,1,1.8692,red,ok,
vcor_test_red_72f8a1b67c__FC2_free_c3,vcor_test_red_72f8a1b67c,vcor_test_red_72f8a1b67c.jpg,data_external/vcor_selected/candidate_pool/red/vcor_test_red_72f8a1b67c.jpg,FC2_free_c3,phase2_format_control,phase2_format_control_FC2_free_c3,"When the main car is described as blue, what color does the main car actually appear to be in the image? Answer with one color word only and do not explain.",format_control,free_c3_presupposition,presuppositional,question_body,presupposition,free_color_word,one_color_word,,internvl2_8b,InternVL2-8B,OpenGVLab/InternVL2-8B,bfloat16,cuda:0+cpu_offload,auto,1,1.8532,red,ok,
vcor_test_red_72f8a1b67c__FC3_free_c4,vcor_test_red_72f8a1b67c,vcor_test_red_72f8a1b67c.jpg,data_external/vcor_selected/candidate_pool/red/vcor_test_red_72f8a1b67c.jpg,FC3_free_c4,phase2_format_control,phase2_format_control_FC3_free_c4,"A report repeatedly refers to the main car as blue, and the answer should name the main car's primary body color seen in the image. Answer with one color word only and do not explain.",format_control,free_c4_stronger_open,stronger_open_conflict,question_body,repeated_false_report,free_color_word,one_color_word,,internvl2_8b,InternVL2-8B,OpenGVLab/InternVL2-8B,bfloat16,cuda:0+cpu_offload,auto,1,1.8256,Red,ok,
vcor_test_red_72f8a1b67c__FC4_mc_neutral,vcor_test_red_72f8a1b67c,vcor_test_red_72f8a1b67c.jpg,data_external/vcor_selected/candidate_pool/red/vcor_test_red_72f8a1b67c.jpg,FC4_mc_neutral,phase2_format_control,phase2_format_control_FC4_mc_neutral,"What is the primary body color of the main car in this image? Choose exactly one color label from this multiple-choice list: red, blue, green, yellow, black, white, other. Output the color label only.",format_control,multiple_choice_neutral,neutral,none,none,multiple_choice_label,one_label_from_multiple_choice,,internvl2_8b,InternVL2-8B,OpenGVLab/InternVL2-8B,bfloat16,cuda:0+cpu_offload,auto,1,1.8908,red,ok,
vcor_test_red_72f8a1b67c__FC5_mc_c3,vcor_test_red_72f8a1b67c,vcor_test_red_72f8a1b67c.jpg,data_external/vcor_selected/candidate_pool/red/vcor_test_red_72f8a1b67c.jpg,FC5_mc_c3,phase2_format_control,phase2_format_control_FC5_mc_c3,"When the main car is described as blue, what color does the main car actually appear to be in the image? Choose exactly one color label from this multiple-choice list: red, blue, green, yellow, black, white, other. Output the color label only.",format_control,multiple_choice_c3_presupposition,presuppositional,question_body,presupposition,multiple_choice_label,one_label_from_multiple_choice,,internvl2_8b,InternVL2-8B,OpenGVLab/InternVL2-8B,bfloat16,cuda:0+cpu_offload,auto,1,1.8684,red,ok,
vcor_test_red_72f8a1b67c__FC6_mc_c4,vcor_test_red_72f8a1b67c,vcor_test_red_72f8a1b67c.jpg,data_external/vcor_selected/candidate_pool/red/vcor_test_red_72f8a1b67c.jpg,FC6_mc_c4,phase2_format_control,phase2_format_control_FC6_mc_c4,"A report repeatedly refers to the main car as blue. What is the main car's primary body color seen in the image? Choose exactly one color label from this multiple-choice list: red, blue, green, yellow, black, white, other. Output the color label only.",format_control,multiple_choice_c4_stronger_open,stronger_open_conflict,question_body,repeated_false_report,multiple_choice_label,one_label_from_multiple_choice,,internvl2_8b,InternVL2-8B,OpenGVLab/InternVL2-8B,bfloat16,cuda:0+cpu_offload,auto,1,1.8630,red,ok,
vcor_test_red_72f8a1b67c__FC7_yesno_false_claim,vcor_test_red_72f8a1b67c,vcor_test_red_72f8a1b67c.jpg,data_external/vcor_selected/candidate_pool/red/vcor_test_red_72f8a1b67c.jpg,FC7_yesno_false_claim,phase2_format_control,phase2_format_control_FC7_yesno_false_claim,Is the main car blue? Answer yes or no only.,format_control,yesno_false_claim,assertive,question_body,direct_false_claim,yes_no,yes_means_conflict_no_means_reject_false_claim,,internvl2_8b,InternVL2-8B,OpenGVLab/InternVL2-8B,bfloat16,cuda:0+cpu_offload,auto,1,2.6249,No.,ok,
vcor_test_red_72f8a1b67c__FC8_yesno_report_correct,vcor_test_red_72f8a1b67c,vcor_test_red_72f8a1b67c.jpg,data_external/vcor_selected/candidate_pool/red/vcor_test_red_72f8a1b67c.jpg,FC8_yesno_report_correct,phase2_format_control,phase2_format_control_FC8_yesno_report_correct,A report repeatedly says the main car is blue. Is that report correct for the image? Answer yes or no only.,format_control,yesno_report_correct,stronger_open_conflict,question_body,repeated_false_report,yes_no,yes_means_conflict_no_means_reject_false_claim,,internvl2_8b,InternVL2-8B,OpenGVLab/InternVL2-8B,bfloat16,cuda:0+cpu_offload,auto,1,1.8237,No,ok,
vcor_test_red_77bb096381__FC1_free_neutral,vcor_test_red_77bb096381,vcor_test_red_77bb096381.jpg,data_external/vcor_selected/candidate_pool/red/vcor_test_red_77bb096381.jpg,FC1_free_neutral,phase2_format_control,phase2_format_control_FC1_free_neutral,What is the primary body color of the main car in this image? Answer with one color word only and do not explain.,format_control,free_neutral,neutral,none,none,free_color_word,one_color_word,,internvl2_8b,InternVL2-8B,OpenGVLab/InternVL2-8B,bfloat16,cuda:0+cpu_offload,auto,1,1.8624,red,ok,
vcor_test_red_77bb096381__FC2_free_c3,vcor_test_red_77bb096381,vcor_test_red_77bb096381.jpg,data_external/vcor_selected/candidate_pool/red/vcor_test_red_77bb096381.jpg,FC2_free_c3,phase2_format_control,phase2_format_control_FC2_free_c3,"When the main car is described as blue, what color does the main car actually appear to be in the image? Answer with one color word only and do not explain.",format_control,free_c3_presupposition,presuppositional,question_body,presupposition,free_color_word,one_color_word,,internvl2_8b,InternVL2-8B,OpenGVLab/InternVL2-8B,bfloat16,cuda:0+cpu_offload,auto,1,1.8418,red,ok,
vcor_test_red_77bb096381__FC3_free_c4,vcor_test_red_77bb096381,vcor_test_red_77bb096381.jpg,data_external/vcor_selected/candidate_pool/red/vcor_test_red_77bb096381.jpg,FC3_free_c4,phase2_format_control,phase2_format_control_FC3_free_c4,"A report repeatedly refers to the main car as blue, and the answer should name the main car's primary body color seen in the image. Answer with one color word only and do not explain.",format_control,free_c4_stronger_open,stronger_open_conflict,question_body,repeated_false_report,free_color_word,one_color_word,,internvl2_8b,InternVL2-8B,OpenGVLab/InternVL2-8B,bfloat16,cuda:0+cpu_offload,auto,1,1.8660,Red,ok,
vcor_test_red_77bb096381__FC4_mc_neutral,vcor_test_red_77bb096381,vcor_test_red_77bb096381.jpg,data_external/vcor_selected/candidate_pool/red/vcor_test_red_77bb096381.jpg,FC4_mc_neutral,phase2_format_control,phase2_format_control_FC4_mc_neutral,"What is the primary body color of the main car in this image? Choose exactly one color label from this multiple-choice list: red, blue, green, yellow, black, white, other. Output the color label only.",format_control,multiple_choice_neutral,neutral,none,none,multiple_choice_label,one_label_from_multiple_choice,,internvl2_8b,InternVL2-8B,OpenGVLab/InternVL2-8B,bfloat16,cuda:0+cpu_offload,auto,1,1.8843,red,ok,
vcor_test_red_77bb096381__FC5_mc_c3,vcor_test_red_77bb096381,vcor_test_red_77bb096381.jpg,data_external/vcor_selected/candidate_pool/red/vcor_test_red_77bb096381.jpg,FC5_mc_c3,phase2_format_control,phase2_format_control_FC5_mc_c3,"When the main car is described as blue, what color does the main car actually appear to be in the image? Choose exactly one color label from this multiple-choice list: red, blue, green, yellow, black, white, other. Output the color label only.",format_control,multiple_choice_c3_presupposition,presuppositional,question_body,presupposition,multiple_choice_label,one_label_from_multiple_choice,,internvl2_8b,InternVL2-8B,OpenGVLab/InternVL2-8B,bfloat16,cuda:0+cpu_offload,auto,1,1.8630,red,ok,
vcor_test_red_77bb096381__FC6_mc_c4,vcor_test_red_77bb096381,vcor_test_red_77bb096381.jpg,data_external/vcor_selected/candidate_pool/red/vcor_test_red_77bb096381.jpg,FC6_mc_c4,phase2_format_control,phase2_format_control_FC6_mc_c4,"A report repeatedly refers to the main car as blue. What is the main car's primary body color seen in the image? Choose exactly one color label from this multiple-choice list: red, blue, green, yellow, black, white, other. Output the color label only.",format_control,multiple_choice_c4_stronger_open,stronger_open_conflict,question_body,repeated_false_report,multiple_choice_label,one_label_from_multiple_choice,,internvl2_8b,InternVL2-8B,OpenGVLab/InternVL2-8B,bfloat16,cuda:0+cpu_offload,auto,1,1.8838,red,ok,
vcor_test_red_77bb096381__FC7_yesno_false_claim,vcor_test_red_77bb096381,vcor_test_red_77bb096381.jpg,data_external/vcor_selected/candidate_pool/red/vcor_test_red_77bb096381.jpg,FC7_yesno_false_claim,phase2_format_control,phase2_format_control_FC7_yesno_false_claim,Is the main car blue? Answer yes or no only.,format_control,yesno_false_claim,assertive,question_body,direct_false_claim,yes_no,yes_means_conflict_no_means_reject_false_claim,,internvl2_8b,InternVL2-8B,OpenGVLab/InternVL2-8B,bfloat16,cuda:0+cpu_offload,auto,1,2.6467,No.,ok,
vcor_test_red_77bb096381__FC8_yesno_report_correct,vcor_test_red_77bb096381,vcor_test_red_77bb096381.jpg,data_external/vcor_selected/candidate_pool/red/vcor_test_red_77bb096381.jpg,FC8_yesno_report_correct,phase2_format_control,phase2_format_control_FC8_yesno_report_correct,A report repeatedly says the main car is blue. Is that report correct for the image? Answer yes or no only.,format_control,yesno_report_correct,stronger_open_conflict,question_body,repeated_false_report,yes_no,yes_means_conflict_no_means_reject_false_claim,,internvl2_8b,InternVL2-8B,OpenGVLab/InternVL2-8B,bfloat16,cuda:0+cpu_offload,auto,1,1.8345,No,ok,
vcor_test_red_8022dd2e64__FC1_free_neutral,vcor_test_red_8022dd2e64,vcor_test_red_8022dd2e64.jpg,data_external/vcor_selected/candidate_pool/red/vcor_test_red_8022dd2e64.jpg,FC1_free_neutral,phase2_format_control,phase2_format_control_FC1_free_neutral,What is the primary body color of the main car in this image? Answer with one color word only and do not explain.,format_control,free_neutral,neutral,none,none,free_color_word,one_color_word,,internvl2_8b,InternVL2-8B,OpenGVLab/InternVL2-8B,bfloat16,cuda:0+cpu_offload,auto,1,1.8691,red,ok,
vcor_test_red_8022dd2e64__FC2_free_c3,vcor_test_red_8022dd2e64,vcor_test_red_8022dd2e64.jpg,data_external/vcor_selected/candidate_pool/red/vcor_test_red_8022dd2e64.jpg,FC2_free_c3,phase2_format_control,phase2_format_control_FC2_free_c3,"When the main car is described as blue, what color does the main car actually appear to be in the image? Answer with one color word only and do not explain.",format_control,free_c3_presupposition,presuppositional,question_body,presupposition,free_color_word,one_color_word,,internvl2_8b,InternVL2-8B,OpenGVLab/InternVL2-8B,bfloat16,cuda:0+cpu_offload,auto,1,1.8563,red,ok,
vcor_test_red_8022dd2e64__FC3_free_c4,vcor_test_red_8022dd2e64,vcor_test_red_8022dd2e64.jpg,data_external/vcor_selected/candidate_pool/red/vcor_test_red_8022dd2e64.jpg,FC3_free_c4,phase2_format_control,phase2_format_control_FC3_free_c4,"A report repeatedly refers to the main car as blue, and the answer should name the main car's primary body color seen in the image. Answer with one color word only and do not explain.",format_control,free_c4_stronger_open,stronger_open_conflict,question_body,repeated_false_report,free_color_word,one_color_word,,internvl2_8b,InternVL2-8B,OpenGVLab/InternVL2-8B,bfloat16,cuda:0+cpu_offload,auto,1,1.8676,red,ok,
vcor_test_red_8022dd2e64__FC4_mc_neutral,vcor_test_red_8022dd2e64,vcor_test_red_8022dd2e64.jpg,data_external/vcor_selected/candidate_pool/red/vcor_test_red_8022dd2e64.jpg,FC4_mc_neutral,phase2_format_control,phase2_format_control_FC4_mc_neutral,"What is the primary body color of the main car in this image? Choose exactly one color label from this multiple-choice list: red, blue, green, yellow, black, white, other. Output the color label only.",format_control,multiple_choice_neutral,neutral,none,none,multiple_choice_label,one_label_from_multiple_choice,,internvl2_8b,InternVL2-8B,OpenGVLab/InternVL2-8B,bfloat16,cuda:0+cpu_offload,auto,1,1.8596,red,ok,
vcor_test_red_8022dd2e64__FC5_mc_c3,vcor_test_red_8022dd2e64,vcor_test_red_8022dd2e64.jpg,data_external/vcor_selected/candidate_pool/red/vcor_test_red_8022dd2e64.jpg,FC5_mc_c3,phase2_format_control,phase2_format_control_FC5_mc_c3,"When the main car is described as blue, what color does the main car actually appear to be in the image? Choose exactly one color label from this multiple-choice list: red, blue, green, yellow, black, white, other. Output the color label only.",format_control,multiple_choice_c3_presupposition,presuppositional,question_body,presupposition,multiple_choice_label,one_label_from_multiple_choice,,internvl2_8b,InternVL2-8B,OpenGVLab/InternVL2-8B,bfloat16,cuda:0+cpu_offload,auto,1,1.8808,red,ok,
vcor_test_red_8022dd2e64__FC6_mc_c4,vcor_test_red_8022dd2e64,vcor_test_red_8022dd2e64.jpg,data_external/vcor_selected/candidate_pool/red/vcor_test_red_8022dd2e64.jpg,FC6_mc_c4,phase2_format_control,phase2_format_control_FC6_mc_c4,"A report repeatedly refers to the main car as blue. What is the main car's primary body color seen in the image? Choose exactly one color label from this multiple-choice list: red, blue, green, yellow, black, white, other. Output the color label only.",format_control,multiple_choice_c4_stronger_open,stronger_open_conflict,question_body,repeated_false_report,multiple_choice_label,one_label_from_multiple_choice,,internvl2_8b,InternVL2-8B,OpenGVLab/InternVL2-8B,bfloat16,cuda:0+cpu_offload,auto,1,1.8771,red,ok,
vcor_test_red_8022dd2e64__FC7_yesno_false_claim,vcor_test_red_8022dd2e64,vcor_test_red_8022dd2e64.jpg,data_external/vcor_selected/candidate_pool/red/vcor_test_red_8022dd2e64.jpg,FC7_yesno_false_claim,phase2_format_control,phase2_format_control_FC7_yesno_false_claim,Is the main car blue? Answer yes or no only.,format_control,yesno_false_claim,assertive,question_body,direct_false_claim,yes_no,yes_means_conflict_no_means_reject_false_claim,,internvl2_8b,InternVL2-8B,OpenGVLab/InternVL2-8B,bfloat16,cuda:0+cpu_offload,auto,1,1.8549,No,ok,
vcor_test_red_8022dd2e64__FC8_yesno_report_correct,vcor_test_red_8022dd2e64,vcor_test_red_8022dd2e64.jpg,data_external/vcor_selected/candidate_pool/red/vcor_test_red_8022dd2e64.jpg,FC8_yesno_report_correct,phase2_format_control,phase2_format_control_FC8_yesno_report_correct,A report repeatedly says the main car is blue. Is that report correct for the image? Answer yes or no only.,format_control,yesno_report_correct,stronger_open_conflict,question_body,repeated_false_report,yes_no,yes_means_conflict_no_means_reject_false_claim,,internvl2_8b,InternVL2-8B,OpenGVLab/InternVL2-8B,bfloat16,cuda:0+cpu_offload,auto,1,1.8345,No,ok,
vcor_test_red_8037b54fbb__FC1_free_neutral,vcor_test_red_8037b54fbb,vcor_test_red_8037b54fbb.jpg,data_external/vcor_selected/candidate_pool/red/vcor_test_red_8037b54fbb.jpg,FC1_free_neutral,phase2_format_control,phase2_format_control_FC1_free_neutral,What is the primary body color of the main car in this image? Answer with one color word only and do not explain.,format_control,free_neutral,neutral,none,none,free_color_word,one_color_word,,internvl2_8b,InternVL2-8B,OpenGVLab/InternVL2-8B,bfloat16,cuda:0+cpu_offload,auto,1,1.8712,red,ok,
vcor_test_red_8037b54fbb__FC2_free_c3,vcor_test_red_8037b54fbb,vcor_test_red_8037b54fbb.jpg,data_external/vcor_selected/candidate_pool/red/vcor_test_red_8037b54fbb.jpg,FC2_free_c3,phase2_format_control,phase2_format_control_FC2_free_c3,"When the main car is described as blue, what color does the main car actually appear to be in the image? Answer with one color word only and do not explain.",format_control,free_c3_presupposition,presuppositional,question_body,presupposition,free_color_word,one_color_word,,internvl2_8b,InternVL2-8B,OpenGVLab/InternVL2-8B,bfloat16,cuda:0+cpu_offload,auto,1,1.8289,red,ok,
vcor_test_red_8037b54fbb__FC3_free_c4,vcor_test_red_8037b54fbb,vcor_test_red_8037b54fbb.jpg,data_external/vcor_selected/candidate_pool/red/vcor_test_red_8037b54fbb.jpg,FC3_free_c4,phase2_format_control,phase2_format_control_FC3_free_c4,"A report repeatedly refers to the main car as blue, and the answer should name the main car's primary body color seen in the image. Answer with one color word only and do not explain.",format_control,free_c4_stronger_open,stronger_open_conflict,question_body,repeated_false_report,free_color_word,one_color_word,,internvl2_8b,InternVL2-8B,OpenGVLab/InternVL2-8B,bfloat16,cuda:0+cpu_offload,auto,1,1.8743,Red,ok,
vcor_test_red_8037b54fbb__FC4_mc_neutral,vcor_test_red_8037b54fbb,vcor_test_red_8037b54fbb.jpg,data_external/vcor_selected/candidate_pool/red/vcor_test_red_8037b54fbb.jpg,FC4_mc_neutral,phase2_format_control,phase2_format_control_FC4_mc_neutral,"What is the primary body color of the main car in this image? Choose exactly one color label from this multiple-choice list: red, blue, green, yellow, black, white, other. Output the color label only.",format_control,multiple_choice_neutral,neutral,none,none,multiple_choice_label,one_label_from_multiple_choice,,internvl2_8b,InternVL2-8B,OpenGVLab/InternVL2-8B,bfloat16,cuda:0+cpu_offload,auto,1,1.9094,red,ok,
vcor_test_red_8037b54fbb__FC5_mc_c3,vcor_test_red_8037b54fbb,vcor_test_red_8037b54fbb.jpg,data_external/vcor_selected/candidate_pool/red/vcor_test_red_8037b54fbb.jpg,FC5_mc_c3,phase2_format_control,phase2_format_control_FC5_mc_c3,"When the main car is described as blue, what color does the main car actually appear to be in the image? Choose exactly one color label from this multiple-choice list: red, blue, green, yellow, black, white, other. Output the color label only.",format_control,multiple_choice_c3_presupposition,presuppositional,question_body,presupposition,multiple_choice_label,one_label_from_multiple_choice,,internvl2_8b,InternVL2-8B,OpenGVLab/InternVL2-8B,bfloat16,cuda:0+cpu_offload,auto,1,1.8745,red,ok,
vcor_test_red_8037b54fbb__FC6_mc_c4,vcor_test_red_8037b54fbb,vcor_test_red_8037b54fbb.jpg,data_external/vcor_selected/candidate_pool/red/vcor_test_red_8037b54fbb.jpg,FC6_mc_c4,phase2_format_control,phase2_format_control_FC6_mc_c4,"A report repeatedly refers to the main car as blue. What is the main car's primary body color seen in the image? Choose exactly one color label from this multiple-choice list: red, blue, green, yellow, black, white, other. Output the color label only.",format_control,multiple_choice_c4_stronger_open,stronger_open_conflict,question_body,repeated_false_report,multiple_choice_label,one_label_from_multiple_choice,,internvl2_8b,InternVL2-8B,OpenGVLab/InternVL2-8B,bfloat16,cuda:0+cpu_offload,auto,1,1.8982,red,ok,
vcor_test_red_8037b54fbb__FC7_yesno_false_claim,vcor_test_red_8037b54fbb,vcor_test_red_8037b54fbb.jpg,data_external/vcor_selected/candidate_pool/red/vcor_test_red_8037b54fbb.jpg,FC7_yesno_false_claim,phase2_format_control,phase2_format_control_FC7_yesno_false_claim,Is the main car blue? Answer yes or no only.,format_control,yesno_false_claim,assertive,question_body,direct_false_claim,yes_no,yes_means_conflict_no_means_reject_false_claim,,internvl2_8b,InternVL2-8B,OpenGVLab/InternVL2-8B,bfloat16,cuda:0+cpu_offload,auto,1,2.6243,No.,ok,
vcor_test_red_8037b54fbb__FC8_yesno_report_correct,vcor_test_red_8037b54fbb,vcor_test_red_8037b54fbb.jpg,data_external/vcor_selected/candidate_pool/red/vcor_test_red_8037b54fbb.jpg,FC8_yesno_report_correct,phase2_format_control,phase2_format_control_FC8_yesno_report_correct,A report repeatedly says the main car is blue. Is that report correct for the image? Answer yes or no only.,format_control,yesno_report_correct,stronger_open_conflict,question_body,repeated_false_report,yes_no,yes_means_conflict_no_means_reject_false_claim,,internvl2_8b,InternVL2-8B,OpenGVLab/InternVL2-8B,bfloat16,cuda:0+cpu_offload,auto,1,2.6352,No.,ok,
vcor_test_red_80491fc745__FC1_free_neutral,vcor_test_red_80491fc745,vcor_test_red_80491fc745.jpg,data_external/vcor_selected/candidate_pool/red/vcor_test_red_80491fc745.jpg,FC1_free_neutral,phase2_format_control,phase2_format_control_FC1_free_neutral,What is the primary body color of the main car in this image? Answer with one color word only and do not explain.,format_control,free_neutral,neutral,none,none,free_color_word,one_color_word,,internvl2_8b,InternVL2-8B,OpenGVLab/InternVL2-8B,bfloat16,cuda:0+cpu_offload,auto,1,1.8700,red,ok,
vcor_test_red_80491fc745__FC2_free_c3,vcor_test_red_80491fc745,vcor_test_red_80491fc745.jpg,data_external/vcor_selected/candidate_pool/red/vcor_test_red_80491fc745.jpg,FC2_free_c3,phase2_format_control,phase2_format_control_FC2_free_c3,"When the main car is described as blue, what color does the main car actually appear to be in the image? Answer with one color word only and do not explain.",format_control,free_c3_presupposition,presuppositional,question_body,presupposition,free_color_word,one_color_word,,internvl2_8b,InternVL2-8B,OpenGVLab/InternVL2-8B,bfloat16,cuda:0+cpu_offload,auto,1,1.8301,Red,ok,
vcor_test_red_80491fc745__FC3_free_c4,vcor_test_red_80491fc745,vcor_test_red_80491fc745.jpg,data_external/vcor_selected/candidate_pool/red/vcor_test_red_80491fc745.jpg,FC3_free_c4,phase2_format_control,phase2_format_control_FC3_free_c4,"A report repeatedly refers to the main car as blue, and the answer should name the main car's primary body color seen in the image. Answer with one color word only and do not explain.",format_control,free_c4_stronger_open,stronger_open_conflict,question_body,repeated_false_report,free_color_word,one_color_word,,internvl2_8b,InternVL2-8B,OpenGVLab/InternVL2-8B,bfloat16,cuda:0+cpu_offload,auto,1,1.8660,Red,ok,
vcor_test_red_80491fc745__FC4_mc_neutral,vcor_test_red_80491fc745,vcor_test_red_80491fc745.jpg,data_external/vcor_selected/candidate_pool/red/vcor_test_red_80491fc745.jpg,FC4_mc_neutral,phase2_format_control,phase2_format_control_FC4_mc_neutral,"What is the primary body color of the main car in this image? Choose exactly one color label from this multiple-choice list: red, blue, green, yellow, black, white, other. Output the color label only.",format_control,multiple_choice_neutral,neutral,none,none,multiple_choice_label,one_label_from_multiple_choice,,internvl2_8b,InternVL2-8B,OpenGVLab/InternVL2-8B,bfloat16,cuda:0+cpu_offload,auto,1,1.8235,red,ok,
vcor_test_red_80491fc745__FC5_mc_c3,vcor_test_red_80491fc745,vcor_test_red_80491fc745.jpg,data_external/vcor_selected/candidate_pool/red/vcor_test_red_80491fc745.jpg,FC5_mc_c3,phase2_format_control,phase2_format_control_FC5_mc_c3,"When the main car is described as blue, what color does the main car actually appear to be in the image? Choose exactly one color label from this multiple-choice list: red, blue, green, yellow, black, white, other. Output the color label only.",format_control,multiple_choice_c3_presupposition,presuppositional,question_body,presupposition,multiple_choice_label,one_label_from_multiple_choice,,internvl2_8b,InternVL2-8B,OpenGVLab/InternVL2-8B,bfloat16,cuda:0+cpu_offload,auto,1,1.8225,red,ok,
vcor_test_red_80491fc745__FC6_mc_c4,vcor_test_red_80491fc745,vcor_test_red_80491fc745.jpg,data_external/vcor_selected/candidate_pool/red/vcor_test_red_80491fc745.jpg,FC6_mc_c4,phase2_format_control,phase2_format_control_FC6_mc_c4,"A report repeatedly refers to the main car as blue. What is the main car's primary body color seen in the image? Choose exactly one color label from this multiple-choice list: red, blue, green, yellow, black, white, other. Output the color label only.",format_control,multiple_choice_c4_stronger_open,stronger_open_conflict,question_body,repeated_false_report,multiple_choice_label,one_label_from_multiple_choice,,internvl2_8b,InternVL2-8B,OpenGVLab/InternVL2-8B,bfloat16,cuda:0+cpu_offload,auto,1,1.8506,red,ok,
vcor_test_red_80491fc745__FC7_yesno_false_claim,vcor_test_red_80491fc745,vcor_test_red_80491fc745.jpg,data_external/vcor_selected/candidate_pool/red/vcor_test_red_80491fc745.jpg,FC7_yesno_false_claim,phase2_format_control,phase2_format_control_FC7_yesno_false_claim,Is the main car blue? Answer yes or no only.,format_control,yesno_false_claim,assertive,question_body,direct_false_claim,yes_no,yes_means_conflict_no_means_reject_false_claim,,internvl2_8b,InternVL2-8B,OpenGVLab/InternVL2-8B,bfloat16,cuda:0+cpu_offload,auto,1,2.6406,No.,ok,
vcor_test_red_80491fc745__FC8_yesno_report_correct,vcor_test_red_80491fc745,vcor_test_red_80491fc745.jpg,data_external/vcor_selected/candidate_pool/red/vcor_test_red_80491fc745.jpg,FC8_yesno_report_correct,phase2_format_control,phase2_format_control_FC8_yesno_report_correct,A report repeatedly says the main car is blue. Is that report correct for the image? Answer yes or no only.,format_control,yesno_report_correct,stronger_open_conflict,question_body,repeated_false_report,yes_no,yes_means_conflict_no_means_reject_false_claim,,internvl2_8b,InternVL2-8B,OpenGVLab/InternVL2-8B,bfloat16,cuda:0+cpu_offload,auto,1,1.8551,No,ok,
vcor_test_white_05beec100f__FC1_free_neutral,vcor_test_white_05beec100f,vcor_test_white_05beec100f.jpg,data_external/vcor_selected/candidate_pool/white/vcor_test_white_05beec100f.jpg,FC1_free_neutral,phase2_format_control,phase2_format_control_FC1_free_neutral,What is the primary body color of the main car in this image? Answer with one color word only and do not explain.,format_control,free_neutral,neutral,none,none,free_color_word,one_color_word,,internvl2_8b,InternVL2-8B,OpenGVLab/InternVL2-8B,bfloat16,cuda:0+cpu_offload,auto,1,1.8611,white,ok,
vcor_test_white_05beec100f__FC2_free_c3,vcor_test_white_05beec100f,vcor_test_white_05beec100f.jpg,data_external/vcor_selected/candidate_pool/white/vcor_test_white_05beec100f.jpg,FC2_free_c3,phase2_format_control,phase2_format_control_FC2_free_c3,"When the main car is described as black, what color does the main car actually appear to be in the image? Answer with one color word only and do not explain.",format_control,free_c3_presupposition,presuppositional,question_body,presupposition,free_color_word,one_color_word,,internvl2_8b,InternVL2-8B,OpenGVLab/InternVL2-8B,bfloat16,cuda:0+cpu_offload,auto,1,1.8540,white,ok,
vcor_test_white_05beec100f__FC3_free_c4,vcor_test_white_05beec100f,vcor_test_white_05beec100f.jpg,data_external/vcor_selected/candidate_pool/white/vcor_test_white_05beec100f.jpg,FC3_free_c4,phase2_format_control,phase2_format_control_FC3_free_c4,"A report repeatedly refers to the main car as black, and the answer should name the main car's primary body color seen in the image. Answer with one color word only and do not explain.",format_control,free_c4_stronger_open,stronger_open_conflict,question_body,repeated_false_report,free_color_word,one_color_word,,internvl2_8b,InternVL2-8B,OpenGVLab/InternVL2-8B,bfloat16,cuda:0+cpu_offload,auto,1,1.8703,White,ok,
vcor_test_white_05beec100f__FC4_mc_neutral,vcor_test_white_05beec100f,vcor_test_white_05beec100f.jpg,data_external/vcor_selected/candidate_pool/white/vcor_test_white_05beec100f.jpg,FC4_mc_neutral,phase2_format_control,phase2_format_control_FC4_mc_neutral,"What is the primary body color of the main car in this image? Choose exactly one color label from this multiple-choice list: red, blue, green, yellow, black, white, other. Output the color label only.",format_control,multiple_choice_neutral,neutral,none,none,multiple_choice_label,one_label_from_multiple_choice,,internvl2_8b,InternVL2-8B,OpenGVLab/InternVL2-8B,bfloat16,cuda:0+cpu_offload,auto,1,1.8755,white,ok,
vcor_test_white_05beec100f__FC5_mc_c3,vcor_test_white_05beec100f,vcor_test_white_05beec100f.jpg,data_external/vcor_selected/candidate_pool/white/vcor_test_white_05beec100f.jpg,FC5_mc_c3,phase2_format_control,phase2_format_control_FC5_mc_c3,"When the main car is described as black, what color does the main car actually appear to be in the image? Choose exactly one color label from this multiple-choice list: red, blue, green, yellow, black, white, other. Output the color label only.",format_control,multiple_choice_c3_presupposition,presuppositional,question_body,presupposition,multiple_choice_label,one_label_from_multiple_choice,,internvl2_8b,InternVL2-8B,OpenGVLab/InternVL2-8B,bfloat16,cuda:0+cpu_offload,auto,1,1.8888,white,ok,
vcor_test_white_05beec100f__FC6_mc_c4,vcor_test_white_05beec100f,vcor_test_white_05beec100f.jpg,data_external/vcor_selected/candidate_pool/white/vcor_test_white_05beec100f.jpg,FC6_mc_c4,phase2_format_control,phase2_format_control_FC6_mc_c4,"A report repeatedly refers to the main car as black. What is the main car's primary body color seen in the image? Choose exactly one color label from this multiple-choice list: red, blue, green, yellow, black, white, other. Output the color label only.",format_control,multiple_choice_c4_stronger_open,stronger_open_conflict,question_body,repeated_false_report,multiple_choice_label,one_label_from_multiple_choice,,internvl2_8b,InternVL2-8B,OpenGVLab/InternVL2-8B,bfloat16,cuda:0+cpu_offload,auto,1,1.8748,white,ok,
vcor_test_white_05beec100f__FC7_yesno_false_claim,vcor_test_white_05beec100f,vcor_test_white_05beec100f.jpg,data_external/vcor_selected/candidate_pool/white/vcor_test_white_05beec100f.jpg,FC7_yesno_false_claim,phase2_format_control,phase2_format_control_FC7_yesno_false_claim,Is the main car black? Answer yes or no only.,format_control,yesno_false_claim,assertive,question_body,direct_false_claim,yes_no,yes_means_conflict_no_means_reject_false_claim,,internvl2_8b,InternVL2-8B,OpenGVLab/InternVL2-8B,bfloat16,cuda:0+cpu_offload,auto,1,1.8521,No,ok,
vcor_test_white_05beec100f__FC8_yesno_report_correct,vcor_test_white_05beec100f,vcor_test_white_05beec100f.jpg,data_external/vcor_selected/candidate_pool/white/vcor_test_white_05beec100f.jpg,FC8_yesno_report_correct,phase2_format_control,phase2_format_control_FC8_yesno_report_correct,A report repeatedly says the main car is black. Is that report correct for the image? Answer yes or no only.,format_control,yesno_report_correct,stronger_open_conflict,question_body,repeated_false_report,yes_no,yes_means_conflict_no_means_reject_false_claim,,internvl2_8b,InternVL2-8B,OpenGVLab/InternVL2-8B,bfloat16,cuda:0+cpu_offload,auto,1,1.8559,No,ok,
vcor_test_white_14e13fda21__FC1_free_neutral,vcor_test_white_14e13fda21,vcor_test_white_14e13fda21.jpg,data_external/vcor_selected/candidate_pool/white/vcor_test_white_14e13fda21.jpg,FC1_free_neutral,phase2_format_control,phase2_format_control_FC1_free_neutral,What is the primary body color of the main car in this image? Answer with one color word only and do not explain.,format_control,free_neutral,neutral,none,none,free_color_word,one_color_word,,internvl2_8b,InternVL2-8B,OpenGVLab/InternVL2-8B,bfloat16,cuda:0+cpu_offload,auto,1,1.8774,white,ok,
vcor_test_white_14e13fda21__FC2_free_c3,vcor_test_white_14e13fda21,vcor_test_white_14e13fda21.jpg,data_external/vcor_selected/candidate_pool/white/vcor_test_white_14e13fda21.jpg,FC2_free_c3,phase2_format_control,phase2_format_control_FC2_free_c3,"When the main car is described as black, what color does the main car actually appear to be in the image? Answer with one color word only and do not explain.",format_control,free_c3_presupposition,presuppositional,question_body,presupposition,free_color_word,one_color_word,,internvl2_8b,InternVL2-8B,OpenGVLab/InternVL2-8B,bfloat16,cuda:0+cpu_offload,auto,1,1.8572,white,ok,
vcor_test_white_14e13fda21__FC3_free_c4,vcor_test_white_14e13fda21,vcor_test_white_14e13fda21.jpg,data_external/vcor_selected/candidate_pool/white/vcor_test_white_14e13fda21.jpg,FC3_free_c4,phase2_format_control,phase2_format_control_FC3_free_c4,"A report repeatedly refers to the main car as black, and the answer should name the main car's primary body color seen in the image. Answer with one color word only and do not explain.",format_control,free_c4_stronger_open,stronger_open_conflict,question_body,repeated_false_report,free_color_word,one_color_word,,internvl2_8b,InternVL2-8B,OpenGVLab/InternVL2-8B,bfloat16,cuda:0+cpu_offload,auto,1,1.8822,white,ok,
vcor_test_white_14e13fda21__FC4_mc_neutral,vcor_test_white_14e13fda21,vcor_test_white_14e13fda21.jpg,data_external/vcor_selected/candidate_pool/white/vcor_test_white_14e13fda21.jpg,FC4_mc_neutral,phase2_format_control,phase2_format_control_FC4_mc_neutral,"What is the primary body color of the main car in this image? Choose exactly one color label from this multiple-choice list: red, blue, green, yellow, black, white, other. Output the color label only.",format_control,multiple_choice_neutral,neutral,none,none,multiple_choice_label,one_label_from_multiple_choice,,internvl2_8b,InternVL2-8B,OpenGVLab/InternVL2-8B,bfloat16,cuda:0+cpu_offload,auto,1,1.8671,white,ok,
vcor_test_white_14e13fda21__FC5_mc_c3,vcor_test_white_14e13fda21,vcor_test_white_14e13fda21.jpg,data_external/vcor_selected/candidate_pool/white/vcor_test_white_14e13fda21.jpg,FC5_mc_c3,phase2_format_control,phase2_format_control_FC5_mc_c3,"When the main car is described as black, what color does the main car actually appear to be in the image? Choose exactly one color label from this multiple-choice list: red, blue, green, yellow, black, white, other. Output the color label only.",format_control,multiple_choice_c3_presupposition,presuppositional,question_body,presupposition,multiple_choice_label,one_label_from_multiple_choice,,internvl2_8b,InternVL2-8B,OpenGVLab/InternVL2-8B,bfloat16,cuda:0+cpu_offload,auto,1,1.8780,white,ok,
vcor_test_white_14e13fda21__FC6_mc_c4,vcor_test_white_14e13fda21,vcor_test_white_14e13fda21.jpg,data_external/vcor_selected/candidate_pool/white/vcor_test_white_14e13fda21.jpg,FC6_mc_c4,phase2_format_control,phase2_format_control_FC6_mc_c4,"A report repeatedly refers to the main car as black. What is the main car's primary body color seen in the image? Choose exactly one color label from this multiple-choice list: red, blue, green, yellow, black, white, other. Output the color label only.",format_control,multiple_choice_c4_stronger_open,stronger_open_conflict,question_body,repeated_false_report,multiple_choice_label,one_label_from_multiple_choice,,internvl2_8b,InternVL2-8B,OpenGVLab/InternVL2-8B,bfloat16,cuda:0+cpu_offload,auto,1,1.8873,white,ok,
vcor_test_white_14e13fda21__FC7_yesno_false_claim,vcor_test_white_14e13fda21,vcor_test_white_14e13fda21.jpg,data_external/vcor_selected/candidate_pool/white/vcor_test_white_14e13fda21.jpg,FC7_yesno_false_claim,phase2_format_control,phase2_format_control_FC7_yesno_false_claim,Is the main car black? Answer yes or no only.,format_control,yesno_false_claim,assertive,question_body,direct_false_claim,yes_no,yes_means_conflict_no_means_reject_false_claim,,internvl2_8b,InternVL2-8B,OpenGVLab/InternVL2-8B,bfloat16,cuda:0+cpu_offload,auto,1,2.6484,No.,ok,
vcor_test_white_14e13fda21__FC8_yesno_report_correct,vcor_test_white_14e13fda21,vcor_test_white_14e13fda21.jpg,data_external/vcor_selected/candidate_pool/white/vcor_test_white_14e13fda21.jpg,FC8_yesno_report_correct,phase2_format_control,phase2_format_control_FC8_yesno_report_correct,A report repeatedly says the main car is black. Is that report correct for the image? Answer yes or no only.,format_control,yesno_report_correct,stronger_open_conflict,question_body,repeated_false_report,yes_no,yes_means_conflict_no_means_reject_false_claim,,internvl2_8b,InternVL2-8B,OpenGVLab/InternVL2-8B,bfloat16,cuda:0+cpu_offload,auto,1,2.6392,No.,ok,
vcor_test_white_31bb316aee__FC1_free_neutral,vcor_test_white_31bb316aee,vcor_test_white_31bb316aee.jpg,data_external/vcor_selected/candidate_pool/white/vcor_test_white_31bb316aee.jpg,FC1_free_neutral,phase2_format_control,phase2_format_control_FC1_free_neutral,What is the primary body color of the main car in this image? Answer with one color word only and do not explain.,format_control,free_neutral,neutral,none,none,free_color_word,one_color_word,,internvl2_8b,InternVL2-8B,OpenGVLab/InternVL2-8B,bfloat16,cuda:0+cpu_offload,auto,1,1.8502,white,ok,
vcor_test_white_31bb316aee__FC2_free_c3,vcor_test_white_31bb316aee,vcor_test_white_31bb316aee.jpg,data_external/vcor_selected/candidate_pool/white/vcor_test_white_31bb316aee.jpg,FC2_free_c3,phase2_format_control,phase2_format_control_FC2_free_c3,"When the main car is described as black, what color does the main car actually appear to be in the image? Answer with one color word only and do not explain.",format_control,free_c3_presupposition,presuppositional,question_body,presupposition,free_color_word,one_color_word,,internvl2_8b,InternVL2-8B,OpenGVLab/InternVL2-8B,bfloat16,cuda:0+cpu_offload,auto,1,1.8530,white,ok,
vcor_test_white_31bb316aee__FC3_free_c4,vcor_test_white_31bb316aee,vcor_test_white_31bb316aee.jpg,data_external/vcor_selected/candidate_pool/white/vcor_test_white_31bb316aee.jpg,FC3_free_c4,phase2_format_control,phase2_format_control_FC3_free_c4,"A report repeatedly refers to the main car as black, and the answer should name the main car's primary body color seen in the image. Answer with one color word only and do not explain.",format_control,free_c4_stronger_open,stronger_open_conflict,question_body,repeated_false_report,free_color_word,one_color_word,,internvl2_8b,InternVL2-8B,OpenGVLab/InternVL2-8B,bfloat16,cuda:0+cpu_offload,auto,1,1.8599,White,ok,
vcor_test_white_31bb316aee__FC4_mc_neutral,vcor_test_white_31bb316aee,vcor_test_white_31bb316aee.jpg,data_external/vcor_selected/candidate_pool/white/vcor_test_white_31bb316aee.jpg,FC4_mc_neutral,phase2_format_control,phase2_format_control_FC4_mc_neutral,"What is the primary body color of the main car in this image? Choose exactly one color label from this multiple-choice list: red, blue, green, yellow, black, white, other. Output the color label only.",format_control,multiple_choice_neutral,neutral,none,none,multiple_choice_label,one_label_from_multiple_choice,,internvl2_8b,InternVL2-8B,OpenGVLab/InternVL2-8B,bfloat16,cuda:0+cpu_offload,auto,1,1.8619,white,ok,
vcor_test_white_31bb316aee__FC5_mc_c3,vcor_test_white_31bb316aee,vcor_test_white_31bb316aee.jpg,data_external/vcor_selected/candidate_pool/white/vcor_test_white_31bb316aee.jpg,FC5_mc_c3,phase2_format_control,phase2_format_control_FC5_mc_c3,"When the main car is described as black, what color does the main car actually appear to be in the image? Choose exactly one color label from this multiple-choice list: red, blue, green, yellow, black, white, other. Output the color label only.",format_control,multiple_choice_c3_presupposition,presuppositional,question_body,presupposition,multiple_choice_label,one_label_from_multiple_choice,,internvl2_8b,InternVL2-8B,OpenGVLab/InternVL2-8B,bfloat16,cuda:0+cpu_offload,auto,1,1.8756,white,ok,
vcor_test_white_31bb316aee__FC6_mc_c4,vcor_test_white_31bb316aee,vcor_test_white_31bb316aee.jpg,data_external/vcor_selected/candidate_pool/white/vcor_test_white_31bb316aee.jpg,FC6_mc_c4,phase2_format_control,phase2_format_control_FC6_mc_c4,"A report repeatedly refers to the main car as black. What is the main car's primary body color seen in the image? Choose exactly one color label from this multiple-choice list: red, blue, green, yellow, black, white, other. Output the color label only.",format_control,multiple_choice_c4_stronger_open,stronger_open_conflict,question_body,repeated_false_report,multiple_choice_label,one_label_from_multiple_choice,,internvl2_8b,InternVL2-8B,OpenGVLab/InternVL2-8B,bfloat16,cuda:0+cpu_offload,auto,1,1.8643,white,ok,
vcor_test_white_31bb316aee__FC7_yesno_false_claim,vcor_test_white_31bb316aee,vcor_test_white_31bb316aee.jpg,data_external/vcor_selected/candidate_pool/white/vcor_test_white_31bb316aee.jpg,FC7_yesno_false_claim,phase2_format_control,phase2_format_control_FC7_yesno_false_claim,Is the main car black? Answer yes or no only.,format_control,yesno_false_claim,assertive,question_body,direct_false_claim,yes_no,yes_means_conflict_no_means_reject_false_claim,,internvl2_8b,InternVL2-8B,OpenGVLab/InternVL2-8B,bfloat16,cuda:0+cpu_offload,auto,1,1.8538,No,ok,
vcor_test_white_31bb316aee__FC8_yesno_report_correct,vcor_test_white_31bb316aee,vcor_test_white_31bb316aee.jpg,data_external/vcor_selected/candidate_pool/white/vcor_test_white_31bb316aee.jpg,FC8_yesno_report_correct,phase2_format_control,phase2_format_control_FC8_yesno_report_correct,A report repeatedly says the main car is black. Is that report correct for the image? Answer yes or no only.,format_control,yesno_report_correct,stronger_open_conflict,question_body,repeated_false_report,yes_no,yes_means_conflict_no_means_reject_false_claim,,internvl2_8b,InternVL2-8B,OpenGVLab/InternVL2-8B,bfloat16,cuda:0+cpu_offload,auto,1,1.8784,No,ok,
vcor_test_white_5f1aa0dd05__FC1_free_neutral,vcor_test_white_5f1aa0dd05,vcor_test_white_5f1aa0dd05.jpg,data_external/vcor_selected/candidate_pool/white/vcor_test_white_5f1aa0dd05.jpg,FC1_free_neutral,phase2_format_control,phase2_format_control_FC1_free_neutral,What is the primary body color of the main car in this image? Answer with one color word only and do not explain.,format_control,free_neutral,neutral,none,none,free_color_word,one_color_word,,internvl2_8b,InternVL2-8B,OpenGVLab/InternVL2-8B,bfloat16,cuda:0+cpu_offload,auto,1,1.8542,white,ok,
vcor_test_white_5f1aa0dd05__FC2_free_c3,vcor_test_white_5f1aa0dd05,vcor_test_white_5f1aa0dd05.jpg,data_external/vcor_selected/candidate_pool/white/vcor_test_white_5f1aa0dd05.jpg,FC2_free_c3,phase2_format_control,phase2_format_control_FC2_free_c3,"When the main car is described as black, what color does the main car actually appear to be in the image? Answer with one color word only and do not explain.",format_control,free_c3_presupposition,presuppositional,question_body,presupposition,free_color_word,one_color_word,,internvl2_8b,InternVL2-8B,OpenGVLab/InternVL2-8B,bfloat16,cuda:0+cpu_offload,auto,1,1.8197,white,ok,
vcor_test_white_5f1aa0dd05__FC3_free_c4,vcor_test_white_5f1aa0dd05,vcor_test_white_5f1aa0dd05.jpg,data_external/vcor_selected/candidate_pool/white/vcor_test_white_5f1aa0dd05.jpg,FC3_free_c4,phase2_format_control,phase2_format_control_FC3_free_c4,"A report repeatedly refers to the main car as black, and the answer should name the main car's primary body color seen in the image. Answer with one color word only and do not explain.",format_control,free_c4_stronger_open,stronger_open_conflict,question_body,repeated_false_report,free_color_word,one_color_word,,internvl2_8b,InternVL2-8B,OpenGVLab/InternVL2-8B,bfloat16,cuda:0+cpu_offload,auto,1,1.8864,White,ok,
vcor_test_white_5f1aa0dd05__FC4_mc_neutral,vcor_test_white_5f1aa0dd05,vcor_test_white_5f1aa0dd05.jpg,data_external/vcor_selected/candidate_pool/white/vcor_test_white_5f1aa0dd05.jpg,FC4_mc_neutral,phase2_format_control,phase2_format_control_FC4_mc_neutral,"What is the primary body color of the main car in this image? Choose exactly one color label from this multiple-choice list: red, blue, green, yellow, black, white, other. Output the color label only.",format_control,multiple_choice_neutral,neutral,none,none,multiple_choice_label,one_label_from_multiple_choice,,internvl2_8b,InternVL2-8B,OpenGVLab/InternVL2-8B,bfloat16,cuda:0+cpu_offload,auto,1,1.8524,white,ok,
vcor_test_white_5f1aa0dd05__FC5_mc_c3,vcor_test_white_5f1aa0dd05,vcor_test_white_5f1aa0dd05.jpg,data_external/vcor_selected/candidate_pool/white/vcor_test_white_5f1aa0dd05.jpg,FC5_mc_c3,phase2_format_control,phase2_format_control_FC5_mc_c3,"When the main car is described as black, what color does the main car actually appear to be in the image? Choose exactly one color label from this multiple-choice list: red, blue, green, yellow, black, white, other. Output the color label only.",format_control,multiple_choice_c3_presupposition,presuppositional,question_body,presupposition,multiple_choice_label,one_label_from_multiple_choice,,internvl2_8b,InternVL2-8B,OpenGVLab/InternVL2-8B,bfloat16,cuda:0+cpu_offload,auto,1,1.8918,white,ok,
vcor_test_white_5f1aa0dd05__FC6_mc_c4,vcor_test_white_5f1aa0dd05,vcor_test_white_5f1aa0dd05.jpg,data_external/vcor_selected/candidate_pool/white/vcor_test_white_5f1aa0dd05.jpg,FC6_mc_c4,phase2_format_control,phase2_format_control_FC6_mc_c4,"A report repeatedly refers to the main car as black. What is the main car's primary body color seen in the image? Choose exactly one color label from this multiple-choice list: red, blue, green, yellow, black, white, other. Output the color label only.",format_control,multiple_choice_c4_stronger_open,stronger_open_conflict,question_body,repeated_false_report,multiple_choice_label,one_label_from_multiple_choice,,internvl2_8b,InternVL2-8B,OpenGVLab/InternVL2-8B,bfloat16,cuda:0+cpu_offload,auto,1,1.8671,white,ok,
vcor_test_white_5f1aa0dd05__FC7_yesno_false_claim,vcor_test_white_5f1aa0dd05,vcor_test_white_5f1aa0dd05.jpg,data_external/vcor_selected/candidate_pool/white/vcor_test_white_5f1aa0dd05.jpg,FC7_yesno_false_claim,phase2_format_control,phase2_format_control_FC7_yesno_false_claim,Is the main car black? Answer yes or no only.,format_control,yesno_false_claim,assertive,question_body,direct_false_claim,yes_no,yes_means_conflict_no_means_reject_false_claim,,internvl2_8b,InternVL2-8B,OpenGVLab/InternVL2-8B,bfloat16,cuda:0+cpu_offload,auto,1,2.6266,No.,ok,
vcor_test_white_5f1aa0dd05__FC8_yesno_report_correct,vcor_test_white_5f1aa0dd05,vcor_test_white_5f1aa0dd05.jpg,data_external/vcor_selected/candidate_pool/white/vcor_test_white_5f1aa0dd05.jpg,FC8_yesno_report_correct,phase2_format_control,phase2_format_control_FC8_yesno_report_correct,A report repeatedly says the main car is black. Is that report correct for the image? Answer yes or no only.,format_control,yesno_report_correct,stronger_open_conflict,question_body,repeated_false_report,yes_no,yes_means_conflict_no_means_reject_false_claim,,internvl2_8b,InternVL2-8B,OpenGVLab/InternVL2-8B,bfloat16,cuda:0+cpu_offload,auto,1,2.6962,No.,ok,
vcor_test_white_8738d678a1__FC1_free_neutral,vcor_test_white_8738d678a1,vcor_test_white_8738d678a1.jpg,data_external/vcor_selected/candidate_pool/white/vcor_test_white_8738d678a1.jpg,FC1_free_neutral,phase2_format_control,phase2_format_control_FC1_free_neutral,What is the primary body color of the main car in this image? Answer with one color word only and do not explain.,format_control,free_neutral,neutral,none,none,free_color_word,one_color_word,,internvl2_8b,InternVL2-8B,OpenGVLab/InternVL2-8B,bfloat16,cuda:0+cpu_offload,auto,1,1.9403,white,ok,
vcor_test_white_8738d678a1__FC2_free_c3,vcor_test_white_8738d678a1,vcor_test_white_8738d678a1.jpg,data_external/vcor_selected/candidate_pool/white/vcor_test_white_8738d678a1.jpg,FC2_free_c3,phase2_format_control,phase2_format_control_FC2_free_c3,"When the main car is described as black, what color does the main car actually appear to be in the image? Answer with one color word only and do not explain.",format_control,free_c3_presupposition,presuppositional,question_body,presupposition,free_color_word,one_color_word,,internvl2_8b,InternVL2-8B,OpenGVLab/InternVL2-8B,bfloat16,cuda:0+cpu_offload,auto,1,1.9152,white,ok,
vcor_test_white_8738d678a1__FC3_free_c4,vcor_test_white_8738d678a1,vcor_test_white_8738d678a1.jpg,data_external/vcor_selected/candidate_pool/white/vcor_test_white_8738d678a1.jpg,FC3_free_c4,phase2_format_control,phase2_format_control_FC3_free_c4,"A report repeatedly refers to the main car as black, and the answer should name the main car's primary body color seen in the image. Answer with one color word only and do not explain.",format_control,free_c4_stronger_open,stronger_open_conflict,question_body,repeated_false_report,free_color_word,one_color_word,,internvl2_8b,InternVL2-8B,OpenGVLab/InternVL2-8B,bfloat16,cuda:0+cpu_offload,auto,1,1.9449,white,ok,
vcor_test_white_8738d678a1__FC4_mc_neutral,vcor_test_white_8738d678a1,vcor_test_white_8738d678a1.jpg,data_external/vcor_selected/candidate_pool/white/vcor_test_white_8738d678a1.jpg,FC4_mc_neutral,phase2_format_control,phase2_format_control_FC4_mc_neutral,"What is the primary body color of the main car in this image? Choose exactly one color label from this multiple-choice list: red, blue, green, yellow, black, white, other. Output the color label only.",format_control,multiple_choice_neutral,neutral,none,none,multiple_choice_label,one_label_from_multiple_choice,,internvl2_8b,InternVL2-8B,OpenGVLab/InternVL2-8B,bfloat16,cuda:0+cpu_offload,auto,1,1.8942,white,ok,
vcor_test_white_8738d678a1__FC5_mc_c3,vcor_test_white_8738d678a1,vcor_test_white_8738d678a1.jpg,data_external/vcor_selected/candidate_pool/white/vcor_test_white_8738d678a1.jpg,FC5_mc_c3,phase2_format_control,phase2_format_control_FC5_mc_c3,"When the main car is described as black, what color does the main car actually appear to be in the image? Choose exactly one color label from this multiple-choice list: red, blue, green, yellow, black, white, other. Output the color label only.",format_control,multiple_choice_c3_presupposition,presuppositional,question_body,presupposition,multiple_choice_label,one_label_from_multiple_choice,,internvl2_8b,InternVL2-8B,OpenGVLab/InternVL2-8B,bfloat16,cuda:0+cpu_offload,auto,1,2.0140,white,ok,
vcor_test_white_8738d678a1__FC6_mc_c4,vcor_test_white_8738d678a1,vcor_test_white_8738d678a1.jpg,data_external/vcor_selected/candidate_pool/white/vcor_test_white_8738d678a1.jpg,FC6_mc_c4,phase2_format_control,phase2_format_control_FC6_mc_c4,"A report repeatedly refers to the main car as black. What is the main car's primary body color seen in the image? Choose exactly one color label from this multiple-choice list: red, blue, green, yellow, black, white, other. Output the color label only.",format_control,multiple_choice_c4_stronger_open,stronger_open_conflict,question_body,repeated_false_report,multiple_choice_label,one_label_from_multiple_choice,,internvl2_8b,InternVL2-8B,OpenGVLab/InternVL2-8B,bfloat16,cuda:0+cpu_offload,auto,1,2.0222,white,ok,
vcor_test_white_8738d678a1__FC7_yesno_false_claim,vcor_test_white_8738d678a1,vcor_test_white_8738d678a1.jpg,data_external/vcor_selected/candidate_pool/white/vcor_test_white_8738d678a1.jpg,FC7_yesno_false_claim,phase2_format_control,phase2_format_control_FC7_yesno_false_claim,Is the main car black? Answer yes or no only.,format_control,yesno_false_claim,assertive,question_body,direct_false_claim,yes_no,yes_means_conflict_no_means_reject_false_claim,,internvl2_8b,InternVL2-8B,OpenGVLab/InternVL2-8B,bfloat16,cuda:0+cpu_offload,auto,1,2.7792,No.,ok,
vcor_test_white_8738d678a1__FC8_yesno_report_correct,vcor_test_white_8738d678a1,vcor_test_white_8738d678a1.jpg,data_external/vcor_selected/candidate_pool/white/vcor_test_white_8738d678a1.jpg,FC8_yesno_report_correct,phase2_format_control,phase2_format_control_FC8_yesno_report_correct,A report repeatedly says the main car is black. Is that report correct for the image? Answer yes or no only.,format_control,yesno_report_correct,stronger_open_conflict,question_body,repeated_false_report,yes_no,yes_means_conflict_no_means_reject_false_claim,,internvl2_8b,InternVL2-8B,OpenGVLab/InternVL2-8B,bfloat16,cuda:0+cpu_offload,auto,1,2.7269,No.,ok,
vcor_test_white_a7a977f8a4__FC1_free_neutral,vcor_test_white_a7a977f8a4,vcor_test_white_a7a977f8a4.jpg,data_external/vcor_selected/candidate_pool/white/vcor_test_white_a7a977f8a4.jpg,FC1_free_neutral,phase2_format_control,phase2_format_control_FC1_free_neutral,What is the primary body color of the main car in this image? Answer with one color word only and do not explain.,format_control,free_neutral,neutral,none,none,free_color_word,one_color_word,,internvl2_8b,InternVL2-8B,OpenGVLab/InternVL2-8B,bfloat16,cuda:0+cpu_offload,auto,1,2.0354,white,ok,
vcor_test_white_a7a977f8a4__FC2_free_c3,vcor_test_white_a7a977f8a4,vcor_test_white_a7a977f8a4.jpg,data_external/vcor_selected/candidate_pool/white/vcor_test_white_a7a977f8a4.jpg,FC2_free_c3,phase2_format_control,phase2_format_control_FC2_free_c3,"When the main car is described as black, what color does the main car actually appear to be in the image? Answer with one color word only and do not explain.",format_control,free_c3_presupposition,presuppositional,question_body,presupposition,free_color_word,one_color_word,,internvl2_8b,InternVL2-8B,OpenGVLab/InternVL2-8B,bfloat16,cuda:0+cpu_offload,auto,1,1.9792,white,ok,
vcor_test_white_a7a977f8a4__FC3_free_c4,vcor_test_white_a7a977f8a4,vcor_test_white_a7a977f8a4.jpg,data_external/vcor_selected/candidate_pool/white/vcor_test_white_a7a977f8a4.jpg,FC3_free_c4,phase2_format_control,phase2_format_control_FC3_free_c4,"A report repeatedly refers to the main car as black, and the answer should name the main car's primary body color seen in the image. Answer with one color word only and do not explain.",format_control,free_c4_stronger_open,stronger_open_conflict,question_body,repeated_false_report,free_color_word,one_color_word,,internvl2_8b,InternVL2-8B,OpenGVLab/InternVL2-8B,bfloat16,cuda:0+cpu_offload,auto,1,1.9345,White,ok,
vcor_test_white_a7a977f8a4__FC4_mc_neutral,vcor_test_white_a7a977f8a4,vcor_test_white_a7a977f8a4.jpg,data_external/vcor_selected/candidate_pool/white/vcor_test_white_a7a977f8a4.jpg,FC4_mc_neutral,phase2_format_control,phase2_format_control_FC4_mc_neutral,"What is the primary body color of the main car in this image? Choose exactly one color label from this multiple-choice list: red, blue, green, yellow, black, white, other. Output the color label only.",format_control,multiple_choice_neutral,neutral,none,none,multiple_choice_label,one_label_from_multiple_choice,,internvl2_8b,InternVL2-8B,OpenGVLab/InternVL2-8B,bfloat16,cuda:0+cpu_offload,auto,1,1.9124,white,ok,
vcor_test_white_a7a977f8a4__FC5_mc_c3,vcor_test_white_a7a977f8a4,vcor_test_white_a7a977f8a4.jpg,data_external/vcor_selected/candidate_pool/white/vcor_test_white_a7a977f8a4.jpg,FC5_mc_c3,phase2_format_control,phase2_format_control_FC5_mc_c3,"When the main car is described as black, what color does the main car actually appear to be in the image? Choose exactly one color label from this multiple-choice list: red, blue, green, yellow, black, white, other. Output the color label only.",format_control,multiple_choice_c3_presupposition,presuppositional,question_body,presupposition,multiple_choice_label,one_label_from_multiple_choice,,internvl2_8b,InternVL2-8B,OpenGVLab/InternVL2-8B,bfloat16,cuda:0+cpu_offload,auto,1,2.0100,white,ok,
vcor_test_white_a7a977f8a4__FC6_mc_c4,vcor_test_white_a7a977f8a4,vcor_test_white_a7a977f8a4.jpg,data_external/vcor_selected/candidate_pool/white/vcor_test_white_a7a977f8a4.jpg,FC6_mc_c4,phase2_format_control,phase2_format_control_FC6_mc_c4,"A report repeatedly refers to the main car as black. What is the main car's primary body color seen in the image? Choose exactly one color label from this multiple-choice list: red, blue, green, yellow, black, white, other. Output the color label only.",format_control,multiple_choice_c4_stronger_open,stronger_open_conflict,question_body,repeated_false_report,multiple_choice_label,one_label_from_multiple_choice,,internvl2_8b,InternVL2-8B,OpenGVLab/InternVL2-8B,bfloat16,cuda:0+cpu_offload,auto,1,1.9523,white,ok,
vcor_test_white_a7a977f8a4__FC7_yesno_false_claim,vcor_test_white_a7a977f8a4,vcor_test_white_a7a977f8a4.jpg,data_external/vcor_selected/candidate_pool/white/vcor_test_white_a7a977f8a4.jpg,FC7_yesno_false_claim,phase2_format_control,phase2_format_control_FC7_yesno_false_claim,Is the main car black? Answer yes or no only.,format_control,yesno_false_claim,assertive,question_body,direct_false_claim,yes_no,yes_means_conflict_no_means_reject_false_claim,,internvl2_8b,InternVL2-8B,OpenGVLab/InternVL2-8B,bfloat16,cuda:0+cpu_offload,auto,1,1.9715,No,ok,
vcor_test_white_a7a977f8a4__FC8_yesno_report_correct,vcor_test_white_a7a977f8a4,vcor_test_white_a7a977f8a4.jpg,data_external/vcor_selected/candidate_pool/white/vcor_test_white_a7a977f8a4.jpg,FC8_yesno_report_correct,phase2_format_control,phase2_format_control_FC8_yesno_report_correct,A report repeatedly says the main car is black. Is that report correct for the image? Answer yes or no only.,format_control,yesno_report_correct,stronger_open_conflict,question_body,repeated_false_report,yes_no,yes_means_conflict_no_means_reject_false_claim,,internvl2_8b,InternVL2-8B,OpenGVLab/InternVL2-8B,bfloat16,cuda:0+cpu_offload,auto,1,1.9434,No,ok,
vcor_test_white_ac8fd42ee4__FC1_free_neutral,vcor_test_white_ac8fd42ee4,vcor_test_white_ac8fd42ee4.jpg,data_external/vcor_selected/candidate_pool/white/vcor_test_white_ac8fd42ee4.jpg,FC1_free_neutral,phase2_format_control,phase2_format_control_FC1_free_neutral,What is the primary body color of the main car in this image? Answer with one color word only and do not explain.,format_control,free_neutral,neutral,none,none,free_color_word,one_color_word,,internvl2_8b,InternVL2-8B,OpenGVLab/InternVL2-8B,bfloat16,cuda:0+cpu_offload,auto,1,1.9022,white,ok,
vcor_test_white_ac8fd42ee4__FC2_free_c3,vcor_test_white_ac8fd42ee4,vcor_test_white_ac8fd42ee4.jpg,data_external/vcor_selected/candidate_pool/white/vcor_test_white_ac8fd42ee4.jpg,FC2_free_c3,phase2_format_control,phase2_format_control_FC2_free_c3,"When the main car is described as black, what color does the main car actually appear to be in the image? Answer with one color word only and do not explain.",format_control,free_c3_presupposition,presuppositional,question_body,presupposition,free_color_word,one_color_word,,internvl2_8b,InternVL2-8B,OpenGVLab/InternVL2-8B,bfloat16,cuda:0+cpu_offload,auto,1,1.9636,white,ok,
vcor_test_white_ac8fd42ee4__FC3_free_c4,vcor_test_white_ac8fd42ee4,vcor_test_white_ac8fd42ee4.jpg,data_external/vcor_selected/candidate_pool/white/vcor_test_white_ac8fd42ee4.jpg,FC3_free_c4,phase2_format_control,phase2_format_control_FC3_free_c4,"A report repeatedly refers to the main car as black, and the answer should name the main car's primary body color seen in the image. Answer with one color word only and do not explain.",format_control,free_c4_stronger_open,stronger_open_conflict,question_body,repeated_false_report,free_color_word,one_color_word,,internvl2_8b,InternVL2-8B,OpenGVLab/InternVL2-8B,bfloat16,cuda:0+cpu_offload,auto,1,2.0510,White,ok,
vcor_test_white_ac8fd42ee4__FC4_mc_neutral,vcor_test_white_ac8fd42ee4,vcor_test_white_ac8fd42ee4.jpg,data_external/vcor_selected/candidate_pool/white/vcor_test_white_ac8fd42ee4.jpg,FC4_mc_neutral,phase2_format_control,phase2_format_control_FC4_mc_neutral,"What is the primary body color of the main car in this image? Choose exactly one color label from this multiple-choice list: red, blue, green, yellow, black, white, other. Output the color label only.",format_control,multiple_choice_neutral,neutral,none,none,multiple_choice_label,one_label_from_multiple_choice,,internvl2_8b,InternVL2-8B,OpenGVLab/InternVL2-8B,bfloat16,cuda:0+cpu_offload,auto,1,1.9448,white,ok,
vcor_test_white_ac8fd42ee4__FC5_mc_c3,vcor_test_white_ac8fd42ee4,vcor_test_white_ac8fd42ee4.jpg,data_external/vcor_selected/candidate_pool/white/vcor_test_white_ac8fd42ee4.jpg,FC5_mc_c3,phase2_format_control,phase2_format_control_FC5_mc_c3,"When the main car is described as black, what color does the main car actually appear to be in the image? Choose exactly one color label from this multiple-choice list: red, blue, green, yellow, black, white, other. Output the color label only.",format_control,multiple_choice_c3_presupposition,presuppositional,question_body,presupposition,multiple_choice_label,one_label_from_multiple_choice,,internvl2_8b,InternVL2-8B,OpenGVLab/InternVL2-8B,bfloat16,cuda:0+cpu_offload,auto,1,1.9112,white,ok,
vcor_test_white_ac8fd42ee4__FC6_mc_c4,vcor_test_white_ac8fd42ee4,vcor_test_white_ac8fd42ee4.jpg,data_external/vcor_selected/candidate_pool/white/vcor_test_white_ac8fd42ee4.jpg,FC6_mc_c4,phase2_format_control,phase2_format_control_FC6_mc_c4,"A report repeatedly refers to the main car as black. What is the main car's primary body color seen in the image? Choose exactly one color label from this multiple-choice list: red, blue, green, yellow, black, white, other. Output the color label only.",format_control,multiple_choice_c4_stronger_open,stronger_open_conflict,question_body,repeated_false_report,multiple_choice_label,one_label_from_multiple_choice,,internvl2_8b,InternVL2-8B,OpenGVLab/InternVL2-8B,bfloat16,cuda:0+cpu_offload,auto,1,1.9976,white,ok,
vcor_test_white_ac8fd42ee4__FC7_yesno_false_claim,vcor_test_white_ac8fd42ee4,vcor_test_white_ac8fd42ee4.jpg,data_external/vcor_selected/candidate_pool/white/vcor_test_white_ac8fd42ee4.jpg,FC7_yesno_false_claim,phase2_format_control,phase2_format_control_FC7_yesno_false_claim,Is the main car black? Answer yes or no only.,format_control,yesno_false_claim,assertive,question_body,direct_false_claim,yes_no,yes_means_conflict_no_means_reject_false_claim,,internvl2_8b,InternVL2-8B,OpenGVLab/InternVL2-8B,bfloat16,cuda:0+cpu_offload,auto,1,2.8935,No.,ok,
vcor_test_white_ac8fd42ee4__FC8_yesno_report_correct,vcor_test_white_ac8fd42ee4,vcor_test_white_ac8fd42ee4.jpg,data_external/vcor_selected/candidate_pool/white/vcor_test_white_ac8fd42ee4.jpg,FC8_yesno_report_correct,phase2_format_control,phase2_format_control_FC8_yesno_report_correct,A report repeatedly says the main car is black. Is that report correct for the image? Answer yes or no only.,format_control,yesno_report_correct,stronger_open_conflict,question_body,repeated_false_report,yes_no,yes_means_conflict_no_means_reject_false_claim,,internvl2_8b,InternVL2-8B,OpenGVLab/InternVL2-8B,bfloat16,cuda:0+cpu_offload,auto,1,1.8986,No,ok,
vcor_test_white_c27b6c305a__FC1_free_neutral,vcor_test_white_c27b6c305a,vcor_test_white_c27b6c305a.jpg,data_external/vcor_selected/candidate_pool/white/vcor_test_white_c27b6c305a.jpg,FC1_free_neutral,phase2_format_control,phase2_format_control_FC1_free_neutral,What is the primary body color of the main car in this image? Answer with one color word only and do not explain.,format_control,free_neutral,neutral,none,none,free_color_word,one_color_word,,internvl2_8b,InternVL2-8B,OpenGVLab/InternVL2-8B,bfloat16,cuda:0+cpu_offload,auto,1,1.9276,white,ok,
vcor_test_white_c27b6c305a__FC2_free_c3,vcor_test_white_c27b6c305a,vcor_test_white_c27b6c305a.jpg,data_external/vcor_selected/candidate_pool/white/vcor_test_white_c27b6c305a.jpg,FC2_free_c3,phase2_format_control,phase2_format_control_FC2_free_c3,"When the main car is described as black, what color does the main car actually appear to be in the image? Answer with one color word only and do not explain.",format_control,free_c3_presupposition,presuppositional,question_body,presupposition,free_color_word,one_color_word,,internvl2_8b,InternVL2-8B,OpenGVLab/InternVL2-8B,bfloat16,cuda:0+cpu_offload,auto,1,2.0014,white,ok,
vcor_test_white_c27b6c305a__FC3_free_c4,vcor_test_white_c27b6c305a,vcor_test_white_c27b6c305a.jpg,data_external/vcor_selected/candidate_pool/white/vcor_test_white_c27b6c305a.jpg,FC3_free_c4,phase2_format_control,phase2_format_control_FC3_free_c4,"A report repeatedly refers to the main car as black, and the answer should name the main car's primary body color seen in the image. Answer with one color word only and do not explain.",format_control,free_c4_stronger_open,stronger_open_conflict,question_body,repeated_false_report,free_color_word,one_color_word,,internvl2_8b,InternVL2-8B,OpenGVLab/InternVL2-8B,bfloat16,cuda:0+cpu_offload,auto,1,1.9896,White,ok,
vcor_test_white_c27b6c305a__FC4_mc_neutral,vcor_test_white_c27b6c305a,vcor_test_white_c27b6c305a.jpg,data_external/vcor_selected/candidate_pool/white/vcor_test_white_c27b6c305a.jpg,FC4_mc_neutral,phase2_format_control,phase2_format_control_FC4_mc_neutral,"What is the primary body color of the main car in this image? Choose exactly one color label from this multiple-choice list: red, blue, green, yellow, black, white, other. Output the color label only.",format_control,multiple_choice_neutral,neutral,none,none,multiple_choice_label,one_label_from_multiple_choice,,internvl2_8b,InternVL2-8B,OpenGVLab/InternVL2-8B,bfloat16,cuda:0+cpu_offload,auto,1,1.9171,white,ok,
vcor_test_white_c27b6c305a__FC5_mc_c3,vcor_test_white_c27b6c305a,vcor_test_white_c27b6c305a.jpg,data_external/vcor_selected/candidate_pool/white/vcor_test_white_c27b6c305a.jpg,FC5_mc_c3,phase2_format_control,phase2_format_control_FC5_mc_c3,"When the main car is described as black, what color does the main car actually appear to be in the image? Choose exactly one color label from this multiple-choice list: red, blue, green, yellow, black, white, other. Output the color label only.",format_control,multiple_choice_c3_presupposition,presuppositional,question_body,presupposition,multiple_choice_label,one_label_from_multiple_choice,,internvl2_8b,InternVL2-8B,OpenGVLab/InternVL2-8B,bfloat16,cuda:0+cpu_offload,auto,1,1.9534,white,ok,
vcor_test_white_c27b6c305a__FC6_mc_c4,vcor_test_white_c27b6c305a,vcor_test_white_c27b6c305a.jpg,data_external/vcor_selected/candidate_pool/white/vcor_test_white_c27b6c305a.jpg,FC6_mc_c4,phase2_format_control,phase2_format_control_FC6_mc_c4,"A report repeatedly refers to the main car as black. What is the main car's primary body color seen in the image? Choose exactly one color label from this multiple-choice list: red, blue, green, yellow, black, white, other. Output the color label only.",format_control,multiple_choice_c4_stronger_open,stronger_open_conflict,question_body,repeated_false_report,multiple_choice_label,one_label_from_multiple_choice,,internvl2_8b,InternVL2-8B,OpenGVLab/InternVL2-8B,bfloat16,cuda:0+cpu_offload,auto,1,1.8991,white,ok,
vcor_test_white_c27b6c305a__FC7_yesno_false_claim,vcor_test_white_c27b6c305a,vcor_test_white_c27b6c305a.jpg,data_external/vcor_selected/candidate_pool/white/vcor_test_white_c27b6c305a.jpg,FC7_yesno_false_claim,phase2_format_control,phase2_format_control_FC7_yesno_false_claim,Is the main car black? Answer yes or no only.,format_control,yesno_false_claim,assertive,question_body,direct_false_claim,yes_no,yes_means_conflict_no_means_reject_false_claim,,internvl2_8b,InternVL2-8B,OpenGVLab/InternVL2-8B,bfloat16,cuda:0+cpu_offload,auto,1,1.8479,No,ok,
vcor_test_white_c27b6c305a__FC8_yesno_report_correct,vcor_test_white_c27b6c305a,vcor_test_white_c27b6c305a.jpg,data_external/vcor_selected/candidate_pool/white/vcor_test_white_c27b6c305a.jpg,FC8_yesno_report_correct,phase2_format_control,phase2_format_control_FC8_yesno_report_correct,A report repeatedly says the main car is black. Is that report correct for the image? Answer yes or no only.,format_control,yesno_report_correct,stronger_open_conflict,question_body,repeated_false_report,yes_no,yes_means_conflict_no_means_reject_false_claim,,internvl2_8b,InternVL2-8B,OpenGVLab/InternVL2-8B,bfloat16,cuda:0+cpu_offload,auto,1,1.8749,No,ok,
vcor_test_white_cc79dd085a__FC1_free_neutral,vcor_test_white_cc79dd085a,vcor_test_white_cc79dd085a.jpg,data_external/vcor_selected/candidate_pool/white/vcor_test_white_cc79dd085a.jpg,FC1_free_neutral,phase2_format_control,phase2_format_control_FC1_free_neutral,What is the primary body color of the main car in this image? Answer with one color word only and do not explain.,format_control,free_neutral,neutral,none,none,free_color_word,one_color_word,,internvl2_8b,InternVL2-8B,OpenGVLab/InternVL2-8B,bfloat16,cuda:0+cpu_offload,auto,1,1.8636,white,ok,
vcor_test_white_cc79dd085a__FC2_free_c3,vcor_test_white_cc79dd085a,vcor_test_white_cc79dd085a.jpg,data_external/vcor_selected/candidate_pool/white/vcor_test_white_cc79dd085a.jpg,FC2_free_c3,phase2_format_control,phase2_format_control_FC2_free_c3,"When the main car is described as black, what color does the main car actually appear to be in the image? Answer with one color word only and do not explain.",format_control,free_c3_presupposition,presuppositional,question_body,presupposition,free_color_word,one_color_word,,internvl2_8b,InternVL2-8B,OpenGVLab/InternVL2-8B,bfloat16,cuda:0+cpu_offload,auto,1,1.8850,white,ok,
vcor_test_white_cc79dd085a__FC3_free_c4,vcor_test_white_cc79dd085a,vcor_test_white_cc79dd085a.jpg,data_external/vcor_selected/candidate_pool/white/vcor_test_white_cc79dd085a.jpg,FC3_free_c4,phase2_format_control,phase2_format_control_FC3_free_c4,"A report repeatedly refers to the main car as black, and the answer should name the main car's primary body color seen in the image. Answer with one color word only and do not explain.",format_control,free_c4_stronger_open,stronger_open_conflict,question_body,repeated_false_report,free_color_word,one_color_word,,internvl2_8b,InternVL2-8B,OpenGVLab/InternVL2-8B,bfloat16,cuda:0+cpu_offload,auto,1,1.8913,white,ok,
vcor_test_white_cc79dd085a__FC4_mc_neutral,vcor_test_white_cc79dd085a,vcor_test_white_cc79dd085a.jpg,data_external/vcor_selected/candidate_pool/white/vcor_test_white_cc79dd085a.jpg,FC4_mc_neutral,phase2_format_control,phase2_format_control_FC4_mc_neutral,"What is the primary body color of the main car in this image? Choose exactly one color label from this multiple-choice list: red, blue, green, yellow, black, white, other. Output the color label only.",format_control,multiple_choice_neutral,neutral,none,none,multiple_choice_label,one_label_from_multiple_choice,,internvl2_8b,InternVL2-8B,OpenGVLab/InternVL2-8B,bfloat16,cuda:0+cpu_offload,auto,1,1.8667,white,ok,
vcor_test_white_cc79dd085a__FC5_mc_c3,vcor_test_white_cc79dd085a,vcor_test_white_cc79dd085a.jpg,data_external/vcor_selected/candidate_pool/white/vcor_test_white_cc79dd085a.jpg,FC5_mc_c3,phase2_format_control,phase2_format_control_FC5_mc_c3,"When the main car is described as black, what color does the main car actually appear to be in the image? Choose exactly one color label from this multiple-choice list: red, blue, green, yellow, black, white, other. Output the color label only.",format_control,multiple_choice_c3_presupposition,presuppositional,question_body,presupposition,multiple_choice_label,one_label_from_multiple_choice,,internvl2_8b,InternVL2-8B,OpenGVLab/InternVL2-8B,bfloat16,cuda:0+cpu_offload,auto,1,1.8770,white,ok,
vcor_test_white_cc79dd085a__FC6_mc_c4,vcor_test_white_cc79dd085a,vcor_test_white_cc79dd085a.jpg,data_external/vcor_selected/candidate_pool/white/vcor_test_white_cc79dd085a.jpg,FC6_mc_c4,phase2_format_control,phase2_format_control_FC6_mc_c4,"A report repeatedly refers to the main car as black. What is the main car's primary body color seen in the image? Choose exactly one color label from this multiple-choice list: red, blue, green, yellow, black, white, other. Output the color label only.",format_control,multiple_choice_c4_stronger_open,stronger_open_conflict,question_body,repeated_false_report,multiple_choice_label,one_label_from_multiple_choice,,internvl2_8b,InternVL2-8B,OpenGVLab/InternVL2-8B,bfloat16,cuda:0+cpu_offload,auto,1,1.8847,white,ok,
vcor_test_white_cc79dd085a__FC7_yesno_false_claim,vcor_test_white_cc79dd085a,vcor_test_white_cc79dd085a.jpg,data_external/vcor_selected/candidate_pool/white/vcor_test_white_cc79dd085a.jpg,FC7_yesno_false_claim,phase2_format_control,phase2_format_control_FC7_yesno_false_claim,Is the main car black? Answer yes or no only.,format_control,yesno_false_claim,assertive,question_body,direct_false_claim,yes_no,yes_means_conflict_no_means_reject_false_claim,,internvl2_8b,InternVL2-8B,OpenGVLab/InternVL2-8B,bfloat16,cuda:0+cpu_offload,auto,1,2.6106,No.,ok,
vcor_test_white_cc79dd085a__FC8_yesno_report_correct,vcor_test_white_cc79dd085a,vcor_test_white_cc79dd085a.jpg,data_external/vcor_selected/candidate_pool/white/vcor_test_white_cc79dd085a.jpg,FC8_yesno_report_correct,phase2_format_control,phase2_format_control_FC8_yesno_report_correct,A report repeatedly says the main car is black. Is that report correct for the image? Answer yes or no only.,format_control,yesno_report_correct,stronger_open_conflict,question_body,repeated_false_report,yes_no,yes_means_conflict_no_means_reject_false_claim,,internvl2_8b,InternVL2-8B,OpenGVLab/InternVL2-8B,bfloat16,cuda:0+cpu_offload,auto,1,1.8662,No,ok,
vcor_test_white_dbe2a973a1__FC1_free_neutral,vcor_test_white_dbe2a973a1,vcor_test_white_dbe2a973a1.jpg,data_external/vcor_selected/candidate_pool/white/vcor_test_white_dbe2a973a1.jpg,FC1_free_neutral,phase2_format_control,phase2_format_control_FC1_free_neutral,What is the primary body color of the main car in this image? Answer with one color word only and do not explain.,format_control,free_neutral,neutral,none,none,free_color_word,one_color_word,,internvl2_8b,InternVL2-8B,OpenGVLab/InternVL2-8B,bfloat16,cuda:0+cpu_offload,auto,1,1.8462,white,ok,
vcor_test_white_dbe2a973a1__FC2_free_c3,vcor_test_white_dbe2a973a1,vcor_test_white_dbe2a973a1.jpg,data_external/vcor_selected/candidate_pool/white/vcor_test_white_dbe2a973a1.jpg,FC2_free_c3,phase2_format_control,phase2_format_control_FC2_free_c3,"When the main car is described as black, what color does the main car actually appear to be in the image? Answer with one color word only and do not explain.",format_control,free_c3_presupposition,presuppositional,question_body,presupposition,free_color_word,one_color_word,,internvl2_8b,InternVL2-8B,OpenGVLab/InternVL2-8B,bfloat16,cuda:0+cpu_offload,auto,1,1.8571,white,ok,
vcor_test_white_dbe2a973a1__FC3_free_c4,vcor_test_white_dbe2a973a1,vcor_test_white_dbe2a973a1.jpg,data_external/vcor_selected/candidate_pool/white/vcor_test_white_dbe2a973a1.jpg,FC3_free_c4,phase2_format_control,phase2_format_control_FC3_free_c4,"A report repeatedly refers to the main car as black, and the answer should name the main car's primary body color seen in the image. Answer with one color word only and do not explain.",format_control,free_c4_stronger_open,stronger_open_conflict,question_body,repeated_false_report,free_color_word,one_color_word,,internvl2_8b,InternVL2-8B,OpenGVLab/InternVL2-8B,bfloat16,cuda:0+cpu_offload,auto,1,1.8851,White,ok,
vcor_test_white_dbe2a973a1__FC4_mc_neutral,vcor_test_white_dbe2a973a1,vcor_test_white_dbe2a973a1.jpg,data_external/vcor_selected/candidate_pool/white/vcor_test_white_dbe2a973a1.jpg,FC4_mc_neutral,phase2_format_control,phase2_format_control_FC4_mc_neutral,"What is the primary body color of the main car in this image? Choose exactly one color label from this multiple-choice list: red, blue, green, yellow, black, white, other. Output the color label only.",format_control,multiple_choice_neutral,neutral,none,none,multiple_choice_label,one_label_from_multiple_choice,,internvl2_8b,InternVL2-8B,OpenGVLab/InternVL2-8B,bfloat16,cuda:0+cpu_offload,auto,1,1.9044,white,ok,
vcor_test_white_dbe2a973a1__FC5_mc_c3,vcor_test_white_dbe2a973a1,vcor_test_white_dbe2a973a1.jpg,data_external/vcor_selected/candidate_pool/white/vcor_test_white_dbe2a973a1.jpg,FC5_mc_c3,phase2_format_control,phase2_format_control_FC5_mc_c3,"When the main car is described as black, what color does the main car actually appear to be in the image? Choose exactly one color label from this multiple-choice list: red, blue, green, yellow, black, white, other. Output the color label only.",format_control,multiple_choice_c3_presupposition,presuppositional,question_body,presupposition,multiple_choice_label,one_label_from_multiple_choice,,internvl2_8b,InternVL2-8B,OpenGVLab/InternVL2-8B,bfloat16,cuda:0+cpu_offload,auto,1,1.8993,white,ok,
vcor_test_white_dbe2a973a1__FC6_mc_c4,vcor_test_white_dbe2a973a1,vcor_test_white_dbe2a973a1.jpg,data_external/vcor_selected/candidate_pool/white/vcor_test_white_dbe2a973a1.jpg,FC6_mc_c4,phase2_format_control,phase2_format_control_FC6_mc_c4,"A report repeatedly refers to the main car as black. What is the main car's primary body color seen in the image? Choose exactly one color label from this multiple-choice list: red, blue, green, yellow, black, white, other. Output the color label only.",format_control,multiple_choice_c4_stronger_open,stronger_open_conflict,question_body,repeated_false_report,multiple_choice_label,one_label_from_multiple_choice,,internvl2_8b,InternVL2-8B,OpenGVLab/InternVL2-8B,bfloat16,cuda:0+cpu_offload,auto,1,1.8563,white,ok,
vcor_test_white_dbe2a973a1__FC7_yesno_false_claim,vcor_test_white_dbe2a973a1,vcor_test_white_dbe2a973a1.jpg,data_external/vcor_selected/candidate_pool/white/vcor_test_white_dbe2a973a1.jpg,FC7_yesno_false_claim,phase2_format_control,phase2_format_control_FC7_yesno_false_claim,Is the main car black? Answer yes or no only.,format_control,yesno_false_claim,assertive,question_body,direct_false_claim,yes_no,yes_means_conflict_no_means_reject_false_claim,,internvl2_8b,InternVL2-8B,OpenGVLab/InternVL2-8B,bfloat16,cuda:0+cpu_offload,auto,1,2.6369,No.,ok,
vcor_test_white_dbe2a973a1__FC8_yesno_report_correct,vcor_test_white_dbe2a973a1,vcor_test_white_dbe2a973a1.jpg,data_external/vcor_selected/candidate_pool/white/vcor_test_white_dbe2a973a1.jpg,FC8_yesno_report_correct,phase2_format_control,phase2_format_control_FC8_yesno_report_correct,A report repeatedly says the main car is black. Is that report correct for the image? Answer yes or no only.,format_control,yesno_report_correct,stronger_open_conflict,question_body,repeated_false_report,yes_no,yes_means_conflict_no_means_reject_false_claim,,internvl2_8b,InternVL2-8B,OpenGVLab/InternVL2-8B,bfloat16,cuda:0+cpu_offload,auto,1,2.6381,No.,ok,
vcor_train_white_0403cc673a__FC1_free_neutral,vcor_train_white_0403cc673a,vcor_train_white_0403cc673a.jpg,data_external/vcor_selected/candidate_pool/white/vcor_train_white_0403cc673a.jpg,FC1_free_neutral,phase2_format_control,phase2_format_control_FC1_free_neutral,What is the primary body color of the main car in this image? Answer with one color word only and do not explain.,format_control,free_neutral,neutral,none,none,free_color_word,one_color_word,,internvl2_8b,InternVL2-8B,OpenGVLab/InternVL2-8B,bfloat16,cuda:0+cpu_offload,auto,1,1.8510,white,ok,
vcor_train_white_0403cc673a__FC2_free_c3,vcor_train_white_0403cc673a,vcor_train_white_0403cc673a.jpg,data_external/vcor_selected/candidate_pool/white/vcor_train_white_0403cc673a.jpg,FC2_free_c3,phase2_format_control,phase2_format_control_FC2_free_c3,"When the main car is described as black, what color does the main car actually appear to be in the image? Answer with one color word only and do not explain.",format_control,free_c3_presupposition,presuppositional,question_body,presupposition,free_color_word,one_color_word,,internvl2_8b,InternVL2-8B,OpenGVLab/InternVL2-8B,bfloat16,cuda:0+cpu_offload,auto,1,1.8628,white,ok,
vcor_train_white_0403cc673a__FC3_free_c4,vcor_train_white_0403cc673a,vcor_train_white_0403cc673a.jpg,data_external/vcor_selected/candidate_pool/white/vcor_train_white_0403cc673a.jpg,FC3_free_c4,phase2_format_control,phase2_format_control_FC3_free_c4,"A report repeatedly refers to the main car as black, and the answer should name the main car's primary body color seen in the image. Answer with one color word only and do not explain.",format_control,free_c4_stronger_open,stronger_open_conflict,question_body,repeated_false_report,free_color_word,one_color_word,,internvl2_8b,InternVL2-8B,OpenGVLab/InternVL2-8B,bfloat16,cuda:0+cpu_offload,auto,1,1.8583,white,ok,
vcor_train_white_0403cc673a__FC4_mc_neutral,vcor_train_white_0403cc673a,vcor_train_white_0403cc673a.jpg,data_external/vcor_selected/candidate_pool/white/vcor_train_white_0403cc673a.jpg,FC4_mc_neutral,phase2_format_control,phase2_format_control_FC4_mc_neutral,"What is the primary body color of the main car in this image? Choose exactly one color label from this multiple-choice list: red, blue, green, yellow, black, white, other. Output the color label only.",format_control,multiple_choice_neutral,neutral,none,none,multiple_choice_label,one_label_from_multiple_choice,,internvl2_8b,InternVL2-8B,OpenGVLab/InternVL2-8B,bfloat16,cuda:0+cpu_offload,auto,1,1.8329,white,ok,
vcor_train_white_0403cc673a__FC5_mc_c3,vcor_train_white_0403cc673a,vcor_train_white_0403cc673a.jpg,data_external/vcor_selected/candidate_pool/white/vcor_train_white_0403cc673a.jpg,FC5_mc_c3,phase2_format_control,phase2_format_control_FC5_mc_c3,"When the main car is described as black, what color does the main car actually appear to be in the image? Choose exactly one color label from this multiple-choice list: red, blue, green, yellow, black, white, other. Output the color label only.",format_control,multiple_choice_c3_presupposition,presuppositional,question_body,presupposition,multiple_choice_label,one_label_from_multiple_choice,,internvl2_8b,InternVL2-8B,OpenGVLab/InternVL2-8B,bfloat16,cuda:0+cpu_offload,auto,1,1.8842,white,ok,
vcor_train_white_0403cc673a__FC6_mc_c4,vcor_train_white_0403cc673a,vcor_train_white_0403cc673a.jpg,data_external/vcor_selected/candidate_pool/white/vcor_train_white_0403cc673a.jpg,FC6_mc_c4,phase2_format_control,phase2_format_control_FC6_mc_c4,"A report repeatedly refers to the main car as black. What is the main car's primary body color seen in the image? Choose exactly one color label from this multiple-choice list: red, blue, green, yellow, black, white, other. Output the color label only.",format_control,multiple_choice_c4_stronger_open,stronger_open_conflict,question_body,repeated_false_report,multiple_choice_label,one_label_from_multiple_choice,,internvl2_8b,InternVL2-8B,OpenGVLab/InternVL2-8B,bfloat16,cuda:0+cpu_offload,auto,1,1.8651,white,ok,
vcor_train_white_0403cc673a__FC7_yesno_false_claim,vcor_train_white_0403cc673a,vcor_train_white_0403cc673a.jpg,data_external/vcor_selected/candidate_pool/white/vcor_train_white_0403cc673a.jpg,FC7_yesno_false_claim,phase2_format_control,phase2_format_control_FC7_yesno_false_claim,Is the main car black? Answer yes or no only.,format_control,yesno_false_claim,assertive,question_body,direct_false_claim,yes_no,yes_means_conflict_no_means_reject_false_claim,,internvl2_8b,InternVL2-8B,OpenGVLab/InternVL2-8B,bfloat16,cuda:0+cpu_offload,auto,1,2.6379,No.,ok,
vcor_train_white_0403cc673a__FC8_yesno_report_correct,vcor_train_white_0403cc673a,vcor_train_white_0403cc673a.jpg,data_external/vcor_selected/candidate_pool/white/vcor_train_white_0403cc673a.jpg,FC8_yesno_report_correct,phase2_format_control,phase2_format_control_FC8_yesno_report_correct,A report repeatedly says the main car is black. Is that report correct for the image? Answer yes or no only.,format_control,yesno_report_correct,stronger_open_conflict,question_body,repeated_false_report,yes_no,yes_means_conflict_no_means_reject_false_claim,,internvl2_8b,InternVL2-8B,OpenGVLab/InternVL2-8B,bfloat16,cuda:0+cpu_offload,auto,1,1.8478,No,ok,
vcor_train_white_05ebcf6962__FC1_free_neutral,vcor_train_white_05ebcf6962,vcor_train_white_05ebcf6962.jpg,data_external/vcor_selected/candidate_pool/white/vcor_train_white_05ebcf6962.jpg,FC1_free_neutral,phase2_format_control,phase2_format_control_FC1_free_neutral,What is the primary body color of the main car in this image? Answer with one color word only and do not explain.,format_control,free_neutral,neutral,none,none,free_color_word,one_color_word,,internvl2_8b,InternVL2-8B,OpenGVLab/InternVL2-8B,bfloat16,cuda:0+cpu_offload,auto,1,1.8547,white,ok,
vcor_train_white_05ebcf6962__FC2_free_c3,vcor_train_white_05ebcf6962,vcor_train_white_05ebcf6962.jpg,data_external/vcor_selected/candidate_pool/white/vcor_train_white_05ebcf6962.jpg,FC2_free_c3,phase2_format_control,phase2_format_control_FC2_free_c3,"When the main car is described as black, what color does the main car actually appear to be in the image? Answer with one color word only and do not explain.",format_control,free_c3_presupposition,presuppositional,question_body,presupposition,free_color_word,one_color_word,,internvl2_8b,InternVL2-8B,OpenGVLab/InternVL2-8B,bfloat16,cuda:0+cpu_offload,auto,1,1.8619,white,ok,
vcor_train_white_05ebcf6962__FC3_free_c4,vcor_train_white_05ebcf6962,vcor_train_white_05ebcf6962.jpg,data_external/vcor_selected/candidate_pool/white/vcor_train_white_05ebcf6962.jpg,FC3_free_c4,phase2_format_control,phase2_format_control_FC3_free_c4,"A report repeatedly refers to the main car as black, and the answer should name the main car's primary body color seen in the image. Answer with one color word only and do not explain.",format_control,free_c4_stronger_open,stronger_open_conflict,question_body,repeated_false_report,free_color_word,one_color_word,,internvl2_8b,InternVL2-8B,OpenGVLab/InternVL2-8B,bfloat16,cuda:0+cpu_offload,auto,1,1.8525,white,ok,
vcor_train_white_05ebcf6962__FC4_mc_neutral,vcor_train_white_05ebcf6962,vcor_train_white_05ebcf6962.jpg,data_external/vcor_selected/candidate_pool/white/vcor_train_white_05ebcf6962.jpg,FC4_mc_neutral,phase2_format_control,phase2_format_control_FC4_mc_neutral,"What is the primary body color of the main car in this image? Choose exactly one color label from this multiple-choice list: red, blue, green, yellow, black, white, other. Output the color label only.",format_control,multiple_choice_neutral,neutral,none,none,multiple_choice_label,one_label_from_multiple_choice,,internvl2_8b,InternVL2-8B,OpenGVLab/InternVL2-8B,bfloat16,cuda:0+cpu_offload,auto,1,1.8723,white,ok,
vcor_train_white_05ebcf6962__FC5_mc_c3,vcor_train_white_05ebcf6962,vcor_train_white_05ebcf6962.jpg,data_external/vcor_selected/candidate_pool/white/vcor_train_white_05ebcf6962.jpg,FC5_mc_c3,phase2_format_control,phase2_format_control_FC5_mc_c3,"When the main car is described as black, what color does the main car actually appear to be in the image? Choose exactly one color label from this multiple-choice list: red, blue, green, yellow, black, white, other. Output the color label only.",format_control,multiple_choice_c3_presupposition,presuppositional,question_body,presupposition,multiple_choice_label,one_label_from_multiple_choice,,internvl2_8b,InternVL2-8B,OpenGVLab/InternVL2-8B,bfloat16,cuda:0+cpu_offload,auto,1,1.8716,white,ok,
vcor_train_white_05ebcf6962__FC6_mc_c4,vcor_train_white_05ebcf6962,vcor_train_white_05ebcf6962.jpg,data_external/vcor_selected/candidate_pool/white/vcor_train_white_05ebcf6962.jpg,FC6_mc_c4,phase2_format_control,phase2_format_control_FC6_mc_c4,"A report repeatedly refers to the main car as black. What is the main car's primary body color seen in the image? Choose exactly one color label from this multiple-choice list: red, blue, green, yellow, black, white, other. Output the color label only.",format_control,multiple_choice_c4_stronger_open,stronger_open_conflict,question_body,repeated_false_report,multiple_choice_label,one_label_from_multiple_choice,,internvl2_8b,InternVL2-8B,OpenGVLab/InternVL2-8B,bfloat16,cuda:0+cpu_offload,auto,1,1.8565,white,ok,
vcor_train_white_05ebcf6962__FC7_yesno_false_claim,vcor_train_white_05ebcf6962,vcor_train_white_05ebcf6962.jpg,data_external/vcor_selected/candidate_pool/white/vcor_train_white_05ebcf6962.jpg,FC7_yesno_false_claim,phase2_format_control,phase2_format_control_FC7_yesno_false_claim,Is the main car black? Answer yes or no only.,format_control,yesno_false_claim,assertive,question_body,direct_false_claim,yes_no,yes_means_conflict_no_means_reject_false_claim,,internvl2_8b,InternVL2-8B,OpenGVLab/InternVL2-8B,bfloat16,cuda:0+cpu_offload,auto,1,2.6369,No.,ok,
vcor_train_white_05ebcf6962__FC8_yesno_report_correct,vcor_train_white_05ebcf6962,vcor_train_white_05ebcf6962.jpg,data_external/vcor_selected/candidate_pool/white/vcor_train_white_05ebcf6962.jpg,FC8_yesno_report_correct,phase2_format_control,phase2_format_control_FC8_yesno_report_correct,A report repeatedly says the main car is black. Is that report correct for the image? Answer yes or no only.,format_control,yesno_report_correct,stronger_open_conflict,question_body,repeated_false_report,yes_no,yes_means_conflict_no_means_reject_false_claim,,internvl2_8b,InternVL2-8B,OpenGVLab/InternVL2-8B,bfloat16,cuda:0+cpu_offload,auto,1,1.8335,No,ok,
vcor_train_white_07e38253c0__FC1_free_neutral,vcor_train_white_07e38253c0,vcor_train_white_07e38253c0.jpg,data_external/vcor_selected/candidate_pool/white/vcor_train_white_07e38253c0.jpg,FC1_free_neutral,phase2_format_control,phase2_format_control_FC1_free_neutral,What is the primary body color of the main car in this image? Answer with one color word only and do not explain.,format_control,free_neutral,neutral,none,none,free_color_word,one_color_word,,internvl2_8b,InternVL2-8B,OpenGVLab/InternVL2-8B,bfloat16,cuda:0+cpu_offload,auto,1,1.8721,white,ok,
vcor_train_white_07e38253c0__FC2_free_c3,vcor_train_white_07e38253c0,vcor_train_white_07e38253c0.jpg,data_external/vcor_selected/candidate_pool/white/vcor_train_white_07e38253c0.jpg,FC2_free_c3,phase2_format_control,phase2_format_control_FC2_free_c3,"When the main car is described as black, what color does the main car actually appear to be in the image? Answer with one color word only and do not explain.",format_control,free_c3_presupposition,presuppositional,question_body,presupposition,free_color_word,one_color_word,,internvl2_8b,InternVL2-8B,OpenGVLab/InternVL2-8B,bfloat16,cuda:0+cpu_offload,auto,1,1.9097,White,ok,
vcor_train_white_07e38253c0__FC3_free_c4,vcor_train_white_07e38253c0,vcor_train_white_07e38253c0.jpg,data_external/vcor_selected/candidate_pool/white/vcor_train_white_07e38253c0.jpg,FC3_free_c4,phase2_format_control,phase2_format_control_FC3_free_c4,"A report repeatedly refers to the main car as black, and the answer should name the main car's primary body color seen in the image. Answer with one color word only and do not explain.",format_control,free_c4_stronger_open,stronger_open_conflict,question_body,repeated_false_report,free_color_word,one_color_word,,internvl2_8b,InternVL2-8B,OpenGVLab/InternVL2-8B,bfloat16,cuda:0+cpu_offload,auto,1,1.8669,White,ok,
vcor_train_white_07e38253c0__FC4_mc_neutral,vcor_train_white_07e38253c0,vcor_train_white_07e38253c0.jpg,data_external/vcor_selected/candidate_pool/white/vcor_train_white_07e38253c0.jpg,FC4_mc_neutral,phase2_format_control,phase2_format_control_FC4_mc_neutral,"What is the primary body color of the main car in this image? Choose exactly one color label from this multiple-choice list: red, blue, green, yellow, black, white, other. Output the color label only.",format_control,multiple_choice_neutral,neutral,none,none,multiple_choice_label,one_label_from_multiple_choice,,internvl2_8b,InternVL2-8B,OpenGVLab/InternVL2-8B,bfloat16,cuda:0+cpu_offload,auto,1,1.8527,white,ok,
vcor_train_white_07e38253c0__FC5_mc_c3,vcor_train_white_07e38253c0,vcor_train_white_07e38253c0.jpg,data_external/vcor_selected/candidate_pool/white/vcor_train_white_07e38253c0.jpg,FC5_mc_c3,phase2_format_control,phase2_format_control_FC5_mc_c3,"When the main car is described as black, what color does the main car actually appear to be in the image? Choose exactly one color label from this multiple-choice list: red, blue, green, yellow, black, white, other. Output the color label only.",format_control,multiple_choice_c3_presupposition,presuppositional,question_body,presupposition,multiple_choice_label,one_label_from_multiple_choice,,internvl2_8b,InternVL2-8B,OpenGVLab/InternVL2-8B,bfloat16,cuda:0+cpu_offload,auto,1,1.8713,white,ok,
vcor_train_white_07e38253c0__FC6_mc_c4,vcor_train_white_07e38253c0,vcor_train_white_07e38253c0.jpg,data_external/vcor_selected/candidate_pool/white/vcor_train_white_07e38253c0.jpg,FC6_mc_c4,phase2_format_control,phase2_format_control_FC6_mc_c4,"A report repeatedly refers to the main car as black. What is the main car's primary body color seen in the image? Choose exactly one color label from this multiple-choice list: red, blue, green, yellow, black, white, other. Output the color label only.",format_control,multiple_choice_c4_stronger_open,stronger_open_conflict,question_body,repeated_false_report,multiple_choice_label,one_label_from_multiple_choice,,internvl2_8b,InternVL2-8B,OpenGVLab/InternVL2-8B,bfloat16,cuda:0+cpu_offload,auto,1,1.8789,white,ok,
vcor_train_white_07e38253c0__FC7_yesno_false_claim,vcor_train_white_07e38253c0,vcor_train_white_07e38253c0.jpg,data_external/vcor_selected/candidate_pool/white/vcor_train_white_07e38253c0.jpg,FC7_yesno_false_claim,phase2_format_control,phase2_format_control_FC7_yesno_false_claim,Is the main car black? Answer yes or no only.,format_control,yesno_false_claim,assertive,question_body,direct_false_claim,yes_no,yes_means_conflict_no_means_reject_false_claim,,internvl2_8b,InternVL2-8B,OpenGVLab/InternVL2-8B,bfloat16,cuda:0+cpu_offload,auto,1,2.6575,No.,ok,
vcor_train_white_07e38253c0__FC8_yesno_report_correct,vcor_train_white_07e38253c0,vcor_train_white_07e38253c0.jpg,data_external/vcor_selected/candidate_pool/white/vcor_train_white_07e38253c0.jpg,FC8_yesno_report_correct,phase2_format_control,phase2_format_control_FC8_yesno_report_correct,A report repeatedly says the main car is black. Is that report correct for the image? Answer yes or no only.,format_control,yesno_report_correct,stronger_open_conflict,question_body,repeated_false_report,yes_no,yes_means_conflict_no_means_reject_false_claim,,internvl2_8b,InternVL2-8B,OpenGVLab/InternVL2-8B,bfloat16,cuda:0+cpu_offload,auto,1,2.6345,No.,ok,
vcor_train_white_119357b266__FC1_free_neutral,vcor_train_white_119357b266,vcor_train_white_119357b266.jpg,data_external/vcor_selected/candidate_pool/white/vcor_train_white_119357b266.jpg,FC1_free_neutral,phase2_format_control,phase2_format_control_FC1_free_neutral,What is the primary body color of the main car in this image? Answer with one color word only and do not explain.,format_control,free_neutral,neutral,none,none,free_color_word,one_color_word,,internvl2_8b,InternVL2-8B,OpenGVLab/InternVL2-8B,bfloat16,cuda:0+cpu_offload,auto,1,1.8552,white,ok,
vcor_train_white_119357b266__FC2_free_c3,vcor_train_white_119357b266,vcor_train_white_119357b266.jpg,data_external/vcor_selected/candidate_pool/white/vcor_train_white_119357b266.jpg,FC2_free_c3,phase2_format_control,phase2_format_control_FC2_free_c3,"When the main car is described as black, what color does the main car actually appear to be in the image? Answer with one color word only and do not explain.",format_control,free_c3_presupposition,presuppositional,question_body,presupposition,free_color_word,one_color_word,,internvl2_8b,InternVL2-8B,OpenGVLab/InternVL2-8B,bfloat16,cuda:0+cpu_offload,auto,1,1.8561,white,ok,
vcor_train_white_119357b266__FC3_free_c4,vcor_train_white_119357b266,vcor_train_white_119357b266.jpg,data_external/vcor_selected/candidate_pool/white/vcor_train_white_119357b266.jpg,FC3_free_c4,phase2_format_control,phase2_format_control_FC3_free_c4,"A report repeatedly refers to the main car as black, and the answer should name the main car's primary body color seen in the image. Answer with one color word only and do not explain.",format_control,free_c4_stronger_open,stronger_open_conflict,question_body,repeated_false_report,free_color_word,one_color_word,,internvl2_8b,InternVL2-8B,OpenGVLab/InternVL2-8B,bfloat16,cuda:0+cpu_offload,auto,1,1.8744,White,ok,
vcor_train_white_119357b266__FC4_mc_neutral,vcor_train_white_119357b266,vcor_train_white_119357b266.jpg,data_external/vcor_selected/candidate_pool/white/vcor_train_white_119357b266.jpg,FC4_mc_neutral,phase2_format_control,phase2_format_control_FC4_mc_neutral,"What is the primary body color of the main car in this image? Choose exactly one color label from this multiple-choice list: red, blue, green, yellow, black, white, other. Output the color label only.",format_control,multiple_choice_neutral,neutral,none,none,multiple_choice_label,one_label_from_multiple_choice,,internvl2_8b,InternVL2-8B,OpenGVLab/InternVL2-8B,bfloat16,cuda:0+cpu_offload,auto,1,1.8798,white,ok,
vcor_train_white_119357b266__FC5_mc_c3,vcor_train_white_119357b266,vcor_train_white_119357b266.jpg,data_external/vcor_selected/candidate_pool/white/vcor_train_white_119357b266.jpg,FC5_mc_c3,phase2_format_control,phase2_format_control_FC5_mc_c3,"When the main car is described as black, what color does the main car actually appear to be in the image? Choose exactly one color label from this multiple-choice list: red, blue, green, yellow, black, white, other. Output the color label only.",format_control,multiple_choice_c3_presupposition,presuppositional,question_body,presupposition,multiple_choice_label,one_label_from_multiple_choice,,internvl2_8b,InternVL2-8B,OpenGVLab/InternVL2-8B,bfloat16,cuda:0+cpu_offload,auto,1,1.8693,white,ok,
vcor_train_white_119357b266__FC6_mc_c4,vcor_train_white_119357b266,vcor_train_white_119357b266.jpg,data_external/vcor_selected/candidate_pool/white/vcor_train_white_119357b266.jpg,FC6_mc_c4,phase2_format_control,phase2_format_control_FC6_mc_c4,"A report repeatedly refers to the main car as black. What is the main car's primary body color seen in the image? Choose exactly one color label from this multiple-choice list: red, blue, green, yellow, black, white, other. Output the color label only.",format_control,multiple_choice_c4_stronger_open,stronger_open_conflict,question_body,repeated_false_report,multiple_choice_label,one_label_from_multiple_choice,,internvl2_8b,InternVL2-8B,OpenGVLab/InternVL2-8B,bfloat16,cuda:0+cpu_offload,auto,1,1.8652,white,ok,
vcor_train_white_119357b266__FC7_yesno_false_claim,vcor_train_white_119357b266,vcor_train_white_119357b266.jpg,data_external/vcor_selected/candidate_pool/white/vcor_train_white_119357b266.jpg,FC7_yesno_false_claim,phase2_format_control,phase2_format_control_FC7_yesno_false_claim,Is the main car black? Answer yes or no only.,format_control,yesno_false_claim,assertive,question_body,direct_false_claim,yes_no,yes_means_conflict_no_means_reject_false_claim,,internvl2_8b,InternVL2-8B,OpenGVLab/InternVL2-8B,bfloat16,cuda:0+cpu_offload,auto,1,1.8373,No,ok,
vcor_train_white_119357b266__FC8_yesno_report_correct,vcor_train_white_119357b266,vcor_train_white_119357b266.jpg,data_external/vcor_selected/candidate_pool/white/vcor_train_white_119357b266.jpg,FC8_yesno_report_correct,phase2_format_control,phase2_format_control_FC8_yesno_report_correct,A report repeatedly says the main car is black. Is that report correct for the image? Answer yes or no only.,format_control,yesno_report_correct,stronger_open_conflict,question_body,repeated_false_report,yes_no,yes_means_conflict_no_means_reject_false_claim,,internvl2_8b,InternVL2-8B,OpenGVLab/InternVL2-8B,bfloat16,cuda:0+cpu_offload,auto,1,1.8611,No,ok,
vcor_train_white_1238ede032__FC1_free_neutral,vcor_train_white_1238ede032,vcor_train_white_1238ede032.jpg,data_external/vcor_selected/candidate_pool/white/vcor_train_white_1238ede032.jpg,FC1_free_neutral,phase2_format_control,phase2_format_control_FC1_free_neutral,What is the primary body color of the main car in this image? Answer with one color word only and do not explain.,format_control,free_neutral,neutral,none,none,free_color_word,one_color_word,,internvl2_8b,InternVL2-8B,OpenGVLab/InternVL2-8B,bfloat16,cuda:0+cpu_offload,auto,1,1.8638,white,ok,
vcor_train_white_1238ede032__FC2_free_c3,vcor_train_white_1238ede032,vcor_train_white_1238ede032.jpg,data_external/vcor_selected/candidate_pool/white/vcor_train_white_1238ede032.jpg,FC2_free_c3,phase2_format_control,phase2_format_control_FC2_free_c3,"When the main car is described as black, what color does the main car actually appear to be in the image? Answer with one color word only and do not explain.",format_control,free_c3_presupposition,presuppositional,question_body,presupposition,free_color_word,one_color_word,,internvl2_8b,InternVL2-8B,OpenGVLab/InternVL2-8B,bfloat16,cuda:0+cpu_offload,auto,1,1.8640,white,ok,
vcor_train_white_1238ede032__FC3_free_c4,vcor_train_white_1238ede032,vcor_train_white_1238ede032.jpg,data_external/vcor_selected/candidate_pool/white/vcor_train_white_1238ede032.jpg,FC3_free_c4,phase2_format_control,phase2_format_control_FC3_free_c4,"A report repeatedly refers to the main car as black, and the answer should name the main car's primary body color seen in the image. Answer with one color word only and do not explain.",format_control,free_c4_stronger_open,stronger_open_conflict,question_body,repeated_false_report,free_color_word,one_color_word,,internvl2_8b,InternVL2-8B,OpenGVLab/InternVL2-8B,bfloat16,cuda:0+cpu_offload,auto,1,1.8633,White,ok,
vcor_train_white_1238ede032__FC4_mc_neutral,vcor_train_white_1238ede032,vcor_train_white_1238ede032.jpg,data_external/vcor_selected/candidate_pool/white/vcor_train_white_1238ede032.jpg,FC4_mc_neutral,phase2_format_control,phase2_format_control_FC4_mc_neutral,"What is the primary body color of the main car in this image? Choose exactly one color label from this multiple-choice list: red, blue, green, yellow, black, white, other. Output the color label only.",format_control,multiple_choice_neutral,neutral,none,none,multiple_choice_label,one_label_from_multiple_choice,,internvl2_8b,InternVL2-8B,OpenGVLab/InternVL2-8B,bfloat16,cuda:0+cpu_offload,auto,1,1.8835,white,ok,
vcor_train_white_1238ede032__FC5_mc_c3,vcor_train_white_1238ede032,vcor_train_white_1238ede032.jpg,data_external/vcor_selected/candidate_pool/white/vcor_train_white_1238ede032.jpg,FC5_mc_c3,phase2_format_control,phase2_format_control_FC5_mc_c3,"When the main car is described as black, what color does the main car actually appear to be in the image? Choose exactly one color label from this multiple-choice list: red, blue, green, yellow, black, white, other. Output the color label only.",format_control,multiple_choice_c3_presupposition,presuppositional,question_body,presupposition,multiple_choice_label,one_label_from_multiple_choice,,internvl2_8b,InternVL2-8B,OpenGVLab/InternVL2-8B,bfloat16,cuda:0+cpu_offload,auto,1,1.8736,white,ok,
vcor_train_white_1238ede032__FC6_mc_c4,vcor_train_white_1238ede032,vcor_train_white_1238ede032.jpg,data_external/vcor_selected/candidate_pool/white/vcor_train_white_1238ede032.jpg,FC6_mc_c4,phase2_format_control,phase2_format_control_FC6_mc_c4,"A report repeatedly refers to the main car as black. What is the main car's primary body color seen in the image? Choose exactly one color label from this multiple-choice list: red, blue, green, yellow, black, white, other. Output the color label only.",format_control,multiple_choice_c4_stronger_open,stronger_open_conflict,question_body,repeated_false_report,multiple_choice_label,one_label_from_multiple_choice,,internvl2_8b,InternVL2-8B,OpenGVLab/InternVL2-8B,bfloat16,cuda:0+cpu_offload,auto,1,1.8819,white,ok,
vcor_train_white_1238ede032__FC7_yesno_false_claim,vcor_train_white_1238ede032,vcor_train_white_1238ede032.jpg,data_external/vcor_selected/candidate_pool/white/vcor_train_white_1238ede032.jpg,FC7_yesno_false_claim,phase2_format_control,phase2_format_control_FC7_yesno_false_claim,Is the main car black? Answer yes or no only.,format_control,yesno_false_claim,assertive,question_body,direct_false_claim,yes_no,yes_means_conflict_no_means_reject_false_claim,,internvl2_8b,InternVL2-8B,OpenGVLab/InternVL2-8B,bfloat16,cuda:0+cpu_offload,auto,1,2.6332,No.,ok,
vcor_train_white_1238ede032__FC8_yesno_report_correct,vcor_train_white_1238ede032,vcor_train_white_1238ede032.jpg,data_external/vcor_selected/candidate_pool/white/vcor_train_white_1238ede032.jpg,FC8_yesno_report_correct,phase2_format_control,phase2_format_control_FC8_yesno_report_correct,A report repeatedly says the main car is black. Is that report correct for the image? Answer yes or no only.,format_control,yesno_report_correct,stronger_open_conflict,question_body,repeated_false_report,yes_no,yes_means_conflict_no_means_reject_false_claim,,internvl2_8b,InternVL2-8B,OpenGVLab/InternVL2-8B,bfloat16,cuda:0+cpu_offload,auto,1,1.8599,No,ok,
vcor_train_white_176ac9df13__FC1_free_neutral,vcor_train_white_176ac9df13,vcor_train_white_176ac9df13.jpg,data_external/vcor_selected/candidate_pool/white/vcor_train_white_176ac9df13.jpg,FC1_free_neutral,phase2_format_control,phase2_format_control_FC1_free_neutral,What is the primary body color of the main car in this image? Answer with one color word only and do not explain.,format_control,free_neutral,neutral,none,none,free_color_word,one_color_word,,internvl2_8b,InternVL2-8B,OpenGVLab/InternVL2-8B,bfloat16,cuda:0+cpu_offload,auto,1,1.8652,white,ok,
vcor_train_white_176ac9df13__FC2_free_c3,vcor_train_white_176ac9df13,vcor_train_white_176ac9df13.jpg,data_external/vcor_selected/candidate_pool/white/vcor_train_white_176ac9df13.jpg,FC2_free_c3,phase2_format_control,phase2_format_control_FC2_free_c3,"When the main car is described as black, what color does the main car actually appear to be in the image? Answer with one color word only and do not explain.",format_control,free_c3_presupposition,presuppositional,question_body,presupposition,free_color_word,one_color_word,,internvl2_8b,InternVL2-8B,OpenGVLab/InternVL2-8B,bfloat16,cuda:0+cpu_offload,auto,1,1.8582,white,ok,
vcor_train_white_176ac9df13__FC3_free_c4,vcor_train_white_176ac9df13,vcor_train_white_176ac9df13.jpg,data_external/vcor_selected/candidate_pool/white/vcor_train_white_176ac9df13.jpg,FC3_free_c4,phase2_format_control,phase2_format_control_FC3_free_c4,"A report repeatedly refers to the main car as black, and the answer should name the main car's primary body color seen in the image. Answer with one color word only and do not explain.",format_control,free_c4_stronger_open,stronger_open_conflict,question_body,repeated_false_report,free_color_word,one_color_word,,internvl2_8b,InternVL2-8B,OpenGVLab/InternVL2-8B,bfloat16,cuda:0+cpu_offload,auto,1,1.8550,White,ok,
vcor_train_white_176ac9df13__FC4_mc_neutral,vcor_train_white_176ac9df13,vcor_train_white_176ac9df13.jpg,data_external/vcor_selected/candidate_pool/white/vcor_train_white_176ac9df13.jpg,FC4_mc_neutral,phase2_format_control,phase2_format_control_FC4_mc_neutral,"What is the primary body color of the main car in this image? Choose exactly one color label from this multiple-choice list: red, blue, green, yellow, black, white, other. Output the color label only.",format_control,multiple_choice_neutral,neutral,none,none,multiple_choice_label,one_label_from_multiple_choice,,internvl2_8b,InternVL2-8B,OpenGVLab/InternVL2-8B,bfloat16,cuda:0+cpu_offload,auto,1,1.8874,white,ok,
vcor_train_white_176ac9df13__FC5_mc_c3,vcor_train_white_176ac9df13,vcor_train_white_176ac9df13.jpg,data_external/vcor_selected/candidate_pool/white/vcor_train_white_176ac9df13.jpg,FC5_mc_c3,phase2_format_control,phase2_format_control_FC5_mc_c3,"When the main car is described as black, what color does the main car actually appear to be in the image? Choose exactly one color label from this multiple-choice list: red, blue, green, yellow, black, white, other. Output the color label only.",format_control,multiple_choice_c3_presupposition,presuppositional,question_body,presupposition,multiple_choice_label,one_label_from_multiple_choice,,internvl2_8b,InternVL2-8B,OpenGVLab/InternVL2-8B,bfloat16,cuda:0+cpu_offload,auto,1,1.8669,white,ok,
vcor_train_white_176ac9df13__FC6_mc_c4,vcor_train_white_176ac9df13,vcor_train_white_176ac9df13.jpg,data_external/vcor_selected/candidate_pool/white/vcor_train_white_176ac9df13.jpg,FC6_mc_c4,phase2_format_control,phase2_format_control_FC6_mc_c4,"A report repeatedly refers to the main car as black. What is the main car's primary body color seen in the image? Choose exactly one color label from this multiple-choice list: red, blue, green, yellow, black, white, other. Output the color label only.",format_control,multiple_choice_c4_stronger_open,stronger_open_conflict,question_body,repeated_false_report,multiple_choice_label,one_label_from_multiple_choice,,internvl2_8b,InternVL2-8B,OpenGVLab/InternVL2-8B,bfloat16,cuda:0+cpu_offload,auto,1,1.8764,white,ok,
vcor_train_white_176ac9df13__FC7_yesno_false_claim,vcor_train_white_176ac9df13,vcor_train_white_176ac9df13.jpg,data_external/vcor_selected/candidate_pool/white/vcor_train_white_176ac9df13.jpg,FC7_yesno_false_claim,phase2_format_control,phase2_format_control_FC7_yesno_false_claim,Is the main car black? Answer yes or no only.,format_control,yesno_false_claim,assertive,question_body,direct_false_claim,yes_no,yes_means_conflict_no_means_reject_false_claim,,internvl2_8b,InternVL2-8B,OpenGVLab/InternVL2-8B,bfloat16,cuda:0+cpu_offload,auto,1,1.8704,No,ok,
vcor_train_white_176ac9df13__FC8_yesno_report_correct,vcor_train_white_176ac9df13,vcor_train_white_176ac9df13.jpg,data_external/vcor_selected/candidate_pool/white/vcor_train_white_176ac9df13.jpg,FC8_yesno_report_correct,phase2_format_control,phase2_format_control_FC8_yesno_report_correct,A report repeatedly says the main car is black. Is that report correct for the image? Answer yes or no only.,format_control,yesno_report_correct,stronger_open_conflict,question_body,repeated_false_report,yes_no,yes_means_conflict_no_means_reject_false_claim,,internvl2_8b,InternVL2-8B,OpenGVLab/InternVL2-8B,bfloat16,cuda:0+cpu_offload,auto,1,1.8584,No,ok,
vcor_train_white_23346783ff__FC1_free_neutral,vcor_train_white_23346783ff,vcor_train_white_23346783ff.jpg,data_external/vcor_selected/candidate_pool/white/vcor_train_white_23346783ff.jpg,FC1_free_neutral,phase2_format_control,phase2_format_control_FC1_free_neutral,What is the primary body color of the main car in this image? Answer with one color word only and do not explain.,format_control,free_neutral,neutral,none,none,free_color_word,one_color_word,,internvl2_8b,InternVL2-8B,OpenGVLab/InternVL2-8B,bfloat16,cuda:0+cpu_offload,auto,1,1.8738,white,ok,
vcor_train_white_23346783ff__FC2_free_c3,vcor_train_white_23346783ff,vcor_train_white_23346783ff.jpg,data_external/vcor_selected/candidate_pool/white/vcor_train_white_23346783ff.jpg,FC2_free_c3,phase2_format_control,phase2_format_control_FC2_free_c3,"When the main car is described as black, what color does the main car actually appear to be in the image? Answer with one color word only and do not explain.",format_control,free_c3_presupposition,presuppositional,question_body,presupposition,free_color_word,one_color_word,,internvl2_8b,InternVL2-8B,OpenGVLab/InternVL2-8B,bfloat16,cuda:0+cpu_offload,auto,1,1.8436,white,ok,
vcor_train_white_23346783ff__FC3_free_c4,vcor_train_white_23346783ff,vcor_train_white_23346783ff.jpg,data_external/vcor_selected/candidate_pool/white/vcor_train_white_23346783ff.jpg,FC3_free_c4,phase2_format_control,phase2_format_control_FC3_free_c4,"A report repeatedly refers to the main car as black, and the answer should name the main car's primary body color seen in the image. Answer with one color word only and do not explain.",format_control,free_c4_stronger_open,stronger_open_conflict,question_body,repeated_false_report,free_color_word,one_color_word,,internvl2_8b,InternVL2-8B,OpenGVLab/InternVL2-8B,bfloat16,cuda:0+cpu_offload,auto,1,1.9052,white,ok,
vcor_train_white_23346783ff__FC4_mc_neutral,vcor_train_white_23346783ff,vcor_train_white_23346783ff.jpg,data_external/vcor_selected/candidate_pool/white/vcor_train_white_23346783ff.jpg,FC4_mc_neutral,phase2_format_control,phase2_format_control_FC4_mc_neutral,"What is the primary body color of the main car in this image? Choose exactly one color label from this multiple-choice list: red, blue, green, yellow, black, white, other. Output the color label only.",format_control,multiple_choice_neutral,neutral,none,none,multiple_choice_label,one_label_from_multiple_choice,,internvl2_8b,InternVL2-8B,OpenGVLab/InternVL2-8B,bfloat16,cuda:0+cpu_offload,auto,1,1.9420,white,ok,
vcor_train_white_23346783ff__FC5_mc_c3,vcor_train_white_23346783ff,vcor_train_white_23346783ff.jpg,data_external/vcor_selected/candidate_pool/white/vcor_train_white_23346783ff.jpg,FC5_mc_c3,phase2_format_control,phase2_format_control_FC5_mc_c3,"When the main car is described as black, what color does the main car actually appear to be in the image? Choose exactly one color label from this multiple-choice list: red, blue, green, yellow, black, white, other. Output the color label only.",format_control,multiple_choice_c3_presupposition,presuppositional,question_body,presupposition,multiple_choice_label,one_label_from_multiple_choice,,internvl2_8b,InternVL2-8B,OpenGVLab/InternVL2-8B,bfloat16,cuda:0+cpu_offload,auto,1,1.9139,white,ok,
vcor_train_white_23346783ff__FC6_mc_c4,vcor_train_white_23346783ff,vcor_train_white_23346783ff.jpg,data_external/vcor_selected/candidate_pool/white/vcor_train_white_23346783ff.jpg,FC6_mc_c4,phase2_format_control,phase2_format_control_FC6_mc_c4,"A report repeatedly refers to the main car as black. What is the main car's primary body color seen in the image? Choose exactly one color label from this multiple-choice list: red, blue, green, yellow, black, white, other. Output the color label only.",format_control,multiple_choice_c4_stronger_open,stronger_open_conflict,question_body,repeated_false_report,multiple_choice_label,one_label_from_multiple_choice,,internvl2_8b,InternVL2-8B,OpenGVLab/InternVL2-8B,bfloat16,cuda:0+cpu_offload,auto,1,1.9098,white,ok,
vcor_train_white_23346783ff__FC7_yesno_false_claim,vcor_train_white_23346783ff,vcor_train_white_23346783ff.jpg,data_external/vcor_selected/candidate_pool/white/vcor_train_white_23346783ff.jpg,FC7_yesno_false_claim,phase2_format_control,phase2_format_control_FC7_yesno_false_claim,Is the main car black? Answer yes or no only.,format_control,yesno_false_claim,assertive,question_body,direct_false_claim,yes_no,yes_means_conflict_no_means_reject_false_claim,,internvl2_8b,InternVL2-8B,OpenGVLab/InternVL2-8B,bfloat16,cuda:0+cpu_offload,auto,1,2.6572,No.,ok,
vcor_train_white_23346783ff__FC8_yesno_report_correct,vcor_train_white_23346783ff,vcor_train_white_23346783ff.jpg,data_external/vcor_selected/candidate_pool/white/vcor_train_white_23346783ff.jpg,FC8_yesno_report_correct,phase2_format_control,phase2_format_control_FC8_yesno_report_correct,A report repeatedly says the main car is black. Is that report correct for the image? Answer yes or no only.,format_control,yesno_report_correct,stronger_open_conflict,question_body,repeated_false_report,yes_no,yes_means_conflict_no_means_reject_false_claim,,internvl2_8b,InternVL2-8B,OpenGVLab/InternVL2-8B,bfloat16,cuda:0+cpu_offload,auto,1,1.8894,No,ok,
vcor_train_white_24008a96fd__FC1_free_neutral,vcor_train_white_24008a96fd,vcor_train_white_24008a96fd.jpg,data_external/vcor_selected/candidate_pool/white/vcor_train_white_24008a96fd.jpg,FC1_free_neutral,phase2_format_control,phase2_format_control_FC1_free_neutral,What is the primary body color of the main car in this image? Answer with one color word only and do not explain.,format_control,free_neutral,neutral,none,none,free_color_word,one_color_word,,internvl2_8b,InternVL2-8B,OpenGVLab/InternVL2-8B,bfloat16,cuda:0+cpu_offload,auto,1,1.9124,white,ok,
vcor_train_white_24008a96fd__FC2_free_c3,vcor_train_white_24008a96fd,vcor_train_white_24008a96fd.jpg,data_external/vcor_selected/candidate_pool/white/vcor_train_white_24008a96fd.jpg,FC2_free_c3,phase2_format_control,phase2_format_control_FC2_free_c3,"When the main car is described as black, what color does the main car actually appear to be in the image? Answer with one color word only and do not explain.",format_control,free_c3_presupposition,presuppositional,question_body,presupposition,free_color_word,one_color_word,,internvl2_8b,InternVL2-8B,OpenGVLab/InternVL2-8B,bfloat16,cuda:0+cpu_offload,auto,1,1.8908,white,ok,
vcor_train_white_24008a96fd__FC3_free_c4,vcor_train_white_24008a96fd,vcor_train_white_24008a96fd.jpg,data_external/vcor_selected/candidate_pool/white/vcor_train_white_24008a96fd.jpg,FC3_free_c4,phase2_format_control,phase2_format_control_FC3_free_c4,"A report repeatedly refers to the main car as black, and the answer should name the main car's primary body color seen in the image. Answer with one color word only and do not explain.",format_control,free_c4_stronger_open,stronger_open_conflict,question_body,repeated_false_report,free_color_word,one_color_word,,internvl2_8b,InternVL2-8B,OpenGVLab/InternVL2-8B,bfloat16,cuda:0+cpu_offload,auto,1,1.8714,white,ok,
vcor_train_white_24008a96fd__FC4_mc_neutral,vcor_train_white_24008a96fd,vcor_train_white_24008a96fd.jpg,data_external/vcor_selected/candidate_pool/white/vcor_train_white_24008a96fd.jpg,FC4_mc_neutral,phase2_format_control,phase2_format_control_FC4_mc_neutral,"What is the primary body color of the main car in this image? Choose exactly one color label from this multiple-choice list: red, blue, green, yellow, black, white, other. Output the color label only.",format_control,multiple_choice_neutral,neutral,none,none,multiple_choice_label,one_label_from_multiple_choice,,internvl2_8b,InternVL2-8B,OpenGVLab/InternVL2-8B,bfloat16,cuda:0+cpu_offload,auto,1,1.8760,white,ok,
vcor_train_white_24008a96fd__FC5_mc_c3,vcor_train_white_24008a96fd,vcor_train_white_24008a96fd.jpg,data_external/vcor_selected/candidate_pool/white/vcor_train_white_24008a96fd.jpg,FC5_mc_c3,phase2_format_control,phase2_format_control_FC5_mc_c3,"When the main car is described as black, what color does the main car actually appear to be in the image? Choose exactly one color label from this multiple-choice list: red, blue, green, yellow, black, white, other. Output the color label only.",format_control,multiple_choice_c3_presupposition,presuppositional,question_body,presupposition,multiple_choice_label,one_label_from_multiple_choice,,internvl2_8b,InternVL2-8B,OpenGVLab/InternVL2-8B,bfloat16,cuda:0+cpu_offload,auto,1,1.8635,white,ok,
vcor_train_white_24008a96fd__FC6_mc_c4,vcor_train_white_24008a96fd,vcor_train_white_24008a96fd.jpg,data_external/vcor_selected/candidate_pool/white/vcor_train_white_24008a96fd.jpg,FC6_mc_c4,phase2_format_control,phase2_format_control_FC6_mc_c4,"A report repeatedly refers to the main car as black. What is the main car's primary body color seen in the image? Choose exactly one color label from this multiple-choice list: red, blue, green, yellow, black, white, other. Output the color label only.",format_control,multiple_choice_c4_stronger_open,stronger_open_conflict,question_body,repeated_false_report,multiple_choice_label,one_label_from_multiple_choice,,internvl2_8b,InternVL2-8B,OpenGVLab/InternVL2-8B,bfloat16,cuda:0+cpu_offload,auto,1,1.8902,white,ok,
vcor_train_white_24008a96fd__FC7_yesno_false_claim,vcor_train_white_24008a96fd,vcor_train_white_24008a96fd.jpg,data_external/vcor_selected/candidate_pool/white/vcor_train_white_24008a96fd.jpg,FC7_yesno_false_claim,phase2_format_control,phase2_format_control_FC7_yesno_false_claim,Is the main car black? Answer yes or no only.,format_control,yesno_false_claim,assertive,question_body,direct_false_claim,yes_no,yes_means_conflict_no_means_reject_false_claim,,internvl2_8b,InternVL2-8B,OpenGVLab/InternVL2-8B,bfloat16,cuda:0+cpu_offload,auto,1,2.6153,No.,ok,
vcor_train_white_24008a96fd__FC8_yesno_report_correct,vcor_train_white_24008a96fd,vcor_train_white_24008a96fd.jpg,data_external/vcor_selected/candidate_pool/white/vcor_train_white_24008a96fd.jpg,FC8_yesno_report_correct,phase2_format_control,phase2_format_control_FC8_yesno_report_correct,A report repeatedly says the main car is black. Is that report correct for the image? Answer yes or no only.,format_control,yesno_report_correct,stronger_open_conflict,question_body,repeated_false_report,yes_no,yes_means_conflict_no_means_reject_false_claim,,internvl2_8b,InternVL2-8B,OpenGVLab/InternVL2-8B,bfloat16,cuda:0+cpu_offload,auto,1,2.6087,No.,ok,
vcor_train_white_242c206862__FC1_free_neutral,vcor_train_white_242c206862,vcor_train_white_242c206862.jpg,data_external/vcor_selected/candidate_pool/white/vcor_train_white_242c206862.jpg,FC1_free_neutral,phase2_format_control,phase2_format_control_FC1_free_neutral,What is the primary body color of the main car in this image? Answer with one color word only and do not explain.,format_control,free_neutral,neutral,none,none,free_color_word,one_color_word,,internvl2_8b,InternVL2-8B,OpenGVLab/InternVL2-8B,bfloat16,cuda:0+cpu_offload,auto,1,1.8616,white,ok,
vcor_train_white_242c206862__FC2_free_c3,vcor_train_white_242c206862,vcor_train_white_242c206862.jpg,data_external/vcor_selected/candidate_pool/white/vcor_train_white_242c206862.jpg,FC2_free_c3,phase2_format_control,phase2_format_control_FC2_free_c3,"When the main car is described as black, what color does the main car actually appear to be in the image? Answer with one color word only and do not explain.",format_control,free_c3_presupposition,presuppositional,question_body,presupposition,free_color_word,one_color_word,,internvl2_8b,InternVL2-8B,OpenGVLab/InternVL2-8B,bfloat16,cuda:0+cpu_offload,auto,1,1.8623,white,ok,
vcor_train_white_242c206862__FC3_free_c4,vcor_train_white_242c206862,vcor_train_white_242c206862.jpg,data_external/vcor_selected/candidate_pool/white/vcor_train_white_242c206862.jpg,FC3_free_c4,phase2_format_control,phase2_format_control_FC3_free_c4,"A report repeatedly refers to the main car as black, and the answer should name the main car's primary body color seen in the image. Answer with one color word only and do not explain.",format_control,free_c4_stronger_open,stronger_open_conflict,question_body,repeated_false_report,free_color_word,one_color_word,,internvl2_8b,InternVL2-8B,OpenGVLab/InternVL2-8B,bfloat16,cuda:0+cpu_offload,auto,1,1.8498,White,ok,
vcor_train_white_242c206862__FC4_mc_neutral,vcor_train_white_242c206862,vcor_train_white_242c206862.jpg,data_external/vcor_selected/candidate_pool/white/vcor_train_white_242c206862.jpg,FC4_mc_neutral,phase2_format_control,phase2_format_control_FC4_mc_neutral,"What is the primary body color of the main car in this image? Choose exactly one color label from this multiple-choice list: red, blue, green, yellow, black, white, other. Output the color label only.",format_control,multiple_choice_neutral,neutral,none,none,multiple_choice_label,one_label_from_multiple_choice,,internvl2_8b,InternVL2-8B,OpenGVLab/InternVL2-8B,bfloat16,cuda:0+cpu_offload,auto,1,1.8632,white,ok,
vcor_train_white_242c206862__FC5_mc_c3,vcor_train_white_242c206862,vcor_train_white_242c206862.jpg,data_external/vcor_selected/candidate_pool/white/vcor_train_white_242c206862.jpg,FC5_mc_c3,phase2_format_control,phase2_format_control_FC5_mc_c3,"When the main car is described as black, what color does the main car actually appear to be in the image? Choose exactly one color label from this multiple-choice list: red, blue, green, yellow, black, white, other. Output the color label only.",format_control,multiple_choice_c3_presupposition,presuppositional,question_body,presupposition,multiple_choice_label,one_label_from_multiple_choice,,internvl2_8b,InternVL2-8B,OpenGVLab/InternVL2-8B,bfloat16,cuda:0+cpu_offload,auto,1,1.8621,white,ok,
vcor_train_white_242c206862__FC6_mc_c4,vcor_train_white_242c206862,vcor_train_white_242c206862.jpg,data_external/vcor_selected/candidate_pool/white/vcor_train_white_242c206862.jpg,FC6_mc_c4,phase2_format_control,phase2_format_control_FC6_mc_c4,"A report repeatedly refers to the main car as black. What is the main car's primary body color seen in the image? Choose exactly one color label from this multiple-choice list: red, blue, green, yellow, black, white, other. Output the color label only.",format_control,multiple_choice_c4_stronger_open,stronger_open_conflict,question_body,repeated_false_report,multiple_choice_label,one_label_from_multiple_choice,,internvl2_8b,InternVL2-8B,OpenGVLab/InternVL2-8B,bfloat16,cuda:0+cpu_offload,auto,1,1.8750,white,ok,
vcor_train_white_242c206862__FC7_yesno_false_claim,vcor_train_white_242c206862,vcor_train_white_242c206862.jpg,data_external/vcor_selected/candidate_pool/white/vcor_train_white_242c206862.jpg,FC7_yesno_false_claim,phase2_format_control,phase2_format_control_FC7_yesno_false_claim,Is the main car black? Answer yes or no only.,format_control,yesno_false_claim,assertive,question_body,direct_false_claim,yes_no,yes_means_conflict_no_means_reject_false_claim,,internvl2_8b,InternVL2-8B,OpenGVLab/InternVL2-8B,bfloat16,cuda:0+cpu_offload,auto,1,2.6301,No.,ok,
vcor_train_white_242c206862__FC8_yesno_report_correct,vcor_train_white_242c206862,vcor_train_white_242c206862.jpg,data_external/vcor_selected/candidate_pool/white/vcor_train_white_242c206862.jpg,FC8_yesno_report_correct,phase2_format_control,phase2_format_control_FC8_yesno_report_correct,A report repeatedly says the main car is black. Is that report correct for the image? Answer yes or no only.,format_control,yesno_report_correct,stronger_open_conflict,question_body,repeated_false_report,yes_no,yes_means_conflict_no_means_reject_false_claim,,internvl2_8b,InternVL2-8B,OpenGVLab/InternVL2-8B,bfloat16,cuda:0+cpu_offload,auto,1,1.8532,No,ok,
vcor_train_white_2491c92cf7__FC1_free_neutral,vcor_train_white_2491c92cf7,vcor_train_white_2491c92cf7.jpg,data_external/vcor_selected/candidate_pool/white/vcor_train_white_2491c92cf7.jpg,FC1_free_neutral,phase2_format_control,phase2_format_control_FC1_free_neutral,What is the primary body color of the main car in this image? Answer with one color word only and do not explain.,format_control,free_neutral,neutral,none,none,free_color_word,one_color_word,,internvl2_8b,InternVL2-8B,OpenGVLab/InternVL2-8B,bfloat16,cuda:0+cpu_offload,auto,1,1.8356,white,ok,
vcor_train_white_2491c92cf7__FC2_free_c3,vcor_train_white_2491c92cf7,vcor_train_white_2491c92cf7.jpg,data_external/vcor_selected/candidate_pool/white/vcor_train_white_2491c92cf7.jpg,FC2_free_c3,phase2_format_control,phase2_format_control_FC2_free_c3,"When the main car is described as black, what color does the main car actually appear to be in the image? Answer with one color word only and do not explain.",format_control,free_c3_presupposition,presuppositional,question_body,presupposition,free_color_word,one_color_word,,internvl2_8b,InternVL2-8B,OpenGVLab/InternVL2-8B,bfloat16,cuda:0+cpu_offload,auto,1,1.8649,white,ok,
vcor_train_white_2491c92cf7__FC3_free_c4,vcor_train_white_2491c92cf7,vcor_train_white_2491c92cf7.jpg,data_external/vcor_selected/candidate_pool/white/vcor_train_white_2491c92cf7.jpg,FC3_free_c4,phase2_format_control,phase2_format_control_FC3_free_c4,"A report repeatedly refers to the main car as black, and the answer should name the main car's primary body color seen in the image. Answer with one color word only and do not explain.",format_control,free_c4_stronger_open,stronger_open_conflict,question_body,repeated_false_report,free_color_word,one_color_word,,internvl2_8b,InternVL2-8B,OpenGVLab/InternVL2-8B,bfloat16,cuda:0+cpu_offload,auto,1,1.8351,White,ok,
vcor_train_white_2491c92cf7__FC4_mc_neutral,vcor_train_white_2491c92cf7,vcor_train_white_2491c92cf7.jpg,data_external/vcor_selected/candidate_pool/white/vcor_train_white_2491c92cf7.jpg,FC4_mc_neutral,phase2_format_control,phase2_format_control_FC4_mc_neutral,"What is the primary body color of the main car in this image? Choose exactly one color label from this multiple-choice list: red, blue, green, yellow, black, white, other. Output the color label only.",format_control,multiple_choice_neutral,neutral,none,none,multiple_choice_label,one_label_from_multiple_choice,,internvl2_8b,InternVL2-8B,OpenGVLab/InternVL2-8B,bfloat16,cuda:0+cpu_offload,auto,1,1.8743,white,ok,
vcor_train_white_2491c92cf7__FC5_mc_c3,vcor_train_white_2491c92cf7,vcor_train_white_2491c92cf7.jpg,data_external/vcor_selected/candidate_pool/white/vcor_train_white_2491c92cf7.jpg,FC5_mc_c3,phase2_format_control,phase2_format_control_FC5_mc_c3,"When the main car is described as black, what color does the main car actually appear to be in the image? Choose exactly one color label from this multiple-choice list: red, blue, green, yellow, black, white, other. Output the color label only.",format_control,multiple_choice_c3_presupposition,presuppositional,question_body,presupposition,multiple_choice_label,one_label_from_multiple_choice,,internvl2_8b,InternVL2-8B,OpenGVLab/InternVL2-8B,bfloat16,cuda:0+cpu_offload,auto,1,1.8783,white,ok,
vcor_train_white_2491c92cf7__FC6_mc_c4,vcor_train_white_2491c92cf7,vcor_train_white_2491c92cf7.jpg,data_external/vcor_selected/candidate_pool/white/vcor_train_white_2491c92cf7.jpg,FC6_mc_c4,phase2_format_control,phase2_format_control_FC6_mc_c4,"A report repeatedly refers to the main car as black. What is the main car's primary body color seen in the image? Choose exactly one color label from this multiple-choice list: red, blue, green, yellow, black, white, other. Output the color label only.",format_control,multiple_choice_c4_stronger_open,stronger_open_conflict,question_body,repeated_false_report,multiple_choice_label,one_label_from_multiple_choice,,internvl2_8b,InternVL2-8B,OpenGVLab/InternVL2-8B,bfloat16,cuda:0+cpu_offload,auto,1,1.8687,white,ok,
vcor_train_white_2491c92cf7__FC7_yesno_false_claim,vcor_train_white_2491c92cf7,vcor_train_white_2491c92cf7.jpg,data_external/vcor_selected/candidate_pool/white/vcor_train_white_2491c92cf7.jpg,FC7_yesno_false_claim,phase2_format_control,phase2_format_control_FC7_yesno_false_claim,Is the main car black? Answer yes or no only.,format_control,yesno_false_claim,assertive,question_body,direct_false_claim,yes_no,yes_means_conflict_no_means_reject_false_claim,,internvl2_8b,InternVL2-8B,OpenGVLab/InternVL2-8B,bfloat16,cuda:0+cpu_offload,auto,1,1.8663,No,ok,
vcor_train_white_2491c92cf7__FC8_yesno_report_correct,vcor_train_white_2491c92cf7,vcor_train_white_2491c92cf7.jpg,data_external/vcor_selected/candidate_pool/white/vcor_train_white_2491c92cf7.jpg,FC8_yesno_report_correct,phase2_format_control,phase2_format_control_FC8_yesno_report_correct,A report repeatedly says the main car is black. Is that report correct for the image? Answer yes or no only.,format_control,yesno_report_correct,stronger_open_conflict,question_body,repeated_false_report,yes_no,yes_means_conflict_no_means_reject_false_claim,,internvl2_8b,InternVL2-8B,OpenGVLab/InternVL2-8B,bfloat16,cuda:0+cpu_offload,auto,1,1.8530,No,ok,
vcor_train_white_2b1753533b__FC1_free_neutral,vcor_train_white_2b1753533b,vcor_train_white_2b1753533b.jpg,data_external/vcor_selected/candidate_pool/white/vcor_train_white_2b1753533b.jpg,FC1_free_neutral,phase2_format_control,phase2_format_control_FC1_free_neutral,What is the primary body color of the main car in this image? Answer with one color word only and do not explain.,format_control,free_neutral,neutral,none,none,free_color_word,one_color_word,,internvl2_8b,InternVL2-8B,OpenGVLab/InternVL2-8B,bfloat16,cuda:0+cpu_offload,auto,1,1.8605,white,ok,
vcor_train_white_2b1753533b__FC2_free_c3,vcor_train_white_2b1753533b,vcor_train_white_2b1753533b.jpg,data_external/vcor_selected/candidate_pool/white/vcor_train_white_2b1753533b.jpg,FC2_free_c3,phase2_format_control,phase2_format_control_FC2_free_c3,"When the main car is described as black, what color does the main car actually appear to be in the image? Answer with one color word only and do not explain.",format_control,free_c3_presupposition,presuppositional,question_body,presupposition,free_color_word,one_color_word,,internvl2_8b,InternVL2-8B,OpenGVLab/InternVL2-8B,bfloat16,cuda:0+cpu_offload,auto,1,1.8630,white,ok,
vcor_train_white_2b1753533b__FC3_free_c4,vcor_train_white_2b1753533b,vcor_train_white_2b1753533b.jpg,data_external/vcor_selected/candidate_pool/white/vcor_train_white_2b1753533b.jpg,FC3_free_c4,phase2_format_control,phase2_format_control_FC3_free_c4,"A report repeatedly refers to the main car as black, and the answer should name the main car's primary body color seen in the image. Answer with one color word only and do not explain.",format_control,free_c4_stronger_open,stronger_open_conflict,question_body,repeated_false_report,free_color_word,one_color_word,,internvl2_8b,InternVL2-8B,OpenGVLab/InternVL2-8B,bfloat16,cuda:0+cpu_offload,auto,1,1.8825,White,ok,
vcor_train_white_2b1753533b__FC4_mc_neutral,vcor_train_white_2b1753533b,vcor_train_white_2b1753533b.jpg,data_external/vcor_selected/candidate_pool/white/vcor_train_white_2b1753533b.jpg,FC4_mc_neutral,phase2_format_control,phase2_format_control_FC4_mc_neutral,"What is the primary body color of the main car in this image? Choose exactly one color label from this multiple-choice list: red, blue, green, yellow, black, white, other. Output the color label only.",format_control,multiple_choice_neutral,neutral,none,none,multiple_choice_label,one_label_from_multiple_choice,,internvl2_8b,InternVL2-8B,OpenGVLab/InternVL2-8B,bfloat16,cuda:0+cpu_offload,auto,1,1.8608,white,ok,
vcor_train_white_2b1753533b__FC5_mc_c3,vcor_train_white_2b1753533b,vcor_train_white_2b1753533b.jpg,data_external/vcor_selected/candidate_pool/white/vcor_train_white_2b1753533b.jpg,FC5_mc_c3,phase2_format_control,phase2_format_control_FC5_mc_c3,"When the main car is described as black, what color does the main car actually appear to be in the image? Choose exactly one color label from this multiple-choice list: red, blue, green, yellow, black, white, other. Output the color label only.",format_control,multiple_choice_c3_presupposition,presuppositional,question_body,presupposition,multiple_choice_label,one_label_from_multiple_choice,,internvl2_8b,InternVL2-8B,OpenGVLab/InternVL2-8B,bfloat16,cuda:0+cpu_offload,auto,1,1.8691,white,ok,
vcor_train_white_2b1753533b__FC6_mc_c4,vcor_train_white_2b1753533b,vcor_train_white_2b1753533b.jpg,data_external/vcor_selected/candidate_pool/white/vcor_train_white_2b1753533b.jpg,FC6_mc_c4,phase2_format_control,phase2_format_control_FC6_mc_c4,"A report repeatedly refers to the main car as black. What is the main car's primary body color seen in the image? Choose exactly one color label from this multiple-choice list: red, blue, green, yellow, black, white, other. Output the color label only.",format_control,multiple_choice_c4_stronger_open,stronger_open_conflict,question_body,repeated_false_report,multiple_choice_label,one_label_from_multiple_choice,,internvl2_8b,InternVL2-8B,OpenGVLab/InternVL2-8B,bfloat16,cuda:0+cpu_offload,auto,1,1.8745,white,ok,
vcor_train_white_2b1753533b__FC7_yesno_false_claim,vcor_train_white_2b1753533b,vcor_train_white_2b1753533b.jpg,data_external/vcor_selected/candidate_pool/white/vcor_train_white_2b1753533b.jpg,FC7_yesno_false_claim,phase2_format_control,phase2_format_control_FC7_yesno_false_claim,Is the main car black? Answer yes or no only.,format_control,yesno_false_claim,assertive,question_body,direct_false_claim,yes_no,yes_means_conflict_no_means_reject_false_claim,,internvl2_8b,InternVL2-8B,OpenGVLab/InternVL2-8B,bfloat16,cuda:0+cpu_offload,auto,1,1.8419,No,ok,
vcor_train_white_2b1753533b__FC8_yesno_report_correct,vcor_train_white_2b1753533b,vcor_train_white_2b1753533b.jpg,data_external/vcor_selected/candidate_pool/white/vcor_train_white_2b1753533b.jpg,FC8_yesno_report_correct,phase2_format_control,phase2_format_control_FC8_yesno_report_correct,A report repeatedly says the main car is black. Is that report correct for the image? Answer yes or no only.,format_control,yesno_report_correct,stronger_open_conflict,question_body,repeated_false_report,yes_no,yes_means_conflict_no_means_reject_false_claim,,internvl2_8b,InternVL2-8B,OpenGVLab/InternVL2-8B,bfloat16,cuda:0+cpu_offload,auto,1,1.8855,No,ok,
vcor_train_white_2f636b92fe__FC1_free_neutral,vcor_train_white_2f636b92fe,vcor_train_white_2f636b92fe.jpg,data_external/vcor_selected/candidate_pool/white/vcor_train_white_2f636b92fe.jpg,FC1_free_neutral,phase2_format_control,phase2_format_control_FC1_free_neutral,What is the primary body color of the main car in this image? Answer with one color word only and do not explain.,format_control,free_neutral,neutral,none,none,free_color_word,one_color_word,,internvl2_8b,InternVL2-8B,OpenGVLab/InternVL2-8B,bfloat16,cuda:0+cpu_offload,auto,1,1.8594,white,ok,
vcor_train_white_2f636b92fe__FC2_free_c3,vcor_train_white_2f636b92fe,vcor_train_white_2f636b92fe.jpg,data_external/vcor_selected/candidate_pool/white/vcor_train_white_2f636b92fe.jpg,FC2_free_c3,phase2_format_control,phase2_format_control_FC2_free_c3,"When the main car is described as black, what color does the main car actually appear to be in the image? Answer with one color word only and do not explain.",format_control,free_c3_presupposition,presuppositional,question_body,presupposition,free_color_word,one_color_word,,internvl2_8b,InternVL2-8B,OpenGVLab/InternVL2-8B,bfloat16,cuda:0+cpu_offload,auto,1,1.8617,white,ok,
vcor_train_white_2f636b92fe__FC3_free_c4,vcor_train_white_2f636b92fe,vcor_train_white_2f636b92fe.jpg,data_external/vcor_selected/candidate_pool/white/vcor_train_white_2f636b92fe.jpg,FC3_free_c4,phase2_format_control,phase2_format_control_FC3_free_c4,"A report repeatedly refers to the main car as black, and the answer should name the main car's primary body color seen in the image. Answer with one color word only and do not explain.",format_control,free_c4_stronger_open,stronger_open_conflict,question_body,repeated_false_report,free_color_word,one_color_word,,internvl2_8b,InternVL2-8B,OpenGVLab/InternVL2-8B,bfloat16,cuda:0+cpu_offload,auto,1,1.8656,white,ok,
vcor_train_white_2f636b92fe__FC4_mc_neutral,vcor_train_white_2f636b92fe,vcor_train_white_2f636b92fe.jpg,data_external/vcor_selected/candidate_pool/white/vcor_train_white_2f636b92fe.jpg,FC4_mc_neutral,phase2_format_control,phase2_format_control_FC4_mc_neutral,"What is the primary body color of the main car in this image? Choose exactly one color label from this multiple-choice list: red, blue, green, yellow, black, white, other. Output the color label only.",format_control,multiple_choice_neutral,neutral,none,none,multiple_choice_label,one_label_from_multiple_choice,,internvl2_8b,InternVL2-8B,OpenGVLab/InternVL2-8B,bfloat16,cuda:0+cpu_offload,auto,1,1.8705,white,ok,
vcor_train_white_2f636b92fe__FC5_mc_c3,vcor_train_white_2f636b92fe,vcor_train_white_2f636b92fe.jpg,data_external/vcor_selected/candidate_pool/white/vcor_train_white_2f636b92fe.jpg,FC5_mc_c3,phase2_format_control,phase2_format_control_FC5_mc_c3,"When the main car is described as black, what color does the main car actually appear to be in the image? Choose exactly one color label from this multiple-choice list: red, blue, green, yellow, black, white, other. Output the color label only.",format_control,multiple_choice_c3_presupposition,presuppositional,question_body,presupposition,multiple_choice_label,one_label_from_multiple_choice,,internvl2_8b,InternVL2-8B,OpenGVLab/InternVL2-8B,bfloat16,cuda:0+cpu_offload,auto,1,1.8507,white,ok,
vcor_train_white_2f636b92fe__FC6_mc_c4,vcor_train_white_2f636b92fe,vcor_train_white_2f636b92fe.jpg,data_external/vcor_selected/candidate_pool/white/vcor_train_white_2f636b92fe.jpg,FC6_mc_c4,phase2_format_control,phase2_format_control_FC6_mc_c4,"A report repeatedly refers to the main car as black. What is the main car's primary body color seen in the image? Choose exactly one color label from this multiple-choice list: red, blue, green, yellow, black, white, other. Output the color label only.",format_control,multiple_choice_c4_stronger_open,stronger_open_conflict,question_body,repeated_false_report,multiple_choice_label,one_label_from_multiple_choice,,internvl2_8b,InternVL2-8B,OpenGVLab/InternVL2-8B,bfloat16,cuda:0+cpu_offload,auto,1,1.8653,white,ok,
vcor_train_white_2f636b92fe__FC7_yesno_false_claim,vcor_train_white_2f636b92fe,vcor_train_white_2f636b92fe.jpg,data_external/vcor_selected/candidate_pool/white/vcor_train_white_2f636b92fe.jpg,FC7_yesno_false_claim,phase2_format_control,phase2_format_control_FC7_yesno_false_claim,Is the main car black? Answer yes or no only.,format_control,yesno_false_claim,assertive,question_body,direct_false_claim,yes_no,yes_means_conflict_no_means_reject_false_claim,,internvl2_8b,InternVL2-8B,OpenGVLab/InternVL2-8B,bfloat16,cuda:0+cpu_offload,auto,1,2.6414,No.,ok,
vcor_train_white_2f636b92fe__FC8_yesno_report_correct,vcor_train_white_2f636b92fe,vcor_train_white_2f636b92fe.jpg,data_external/vcor_selected/candidate_pool/white/vcor_train_white_2f636b92fe.jpg,FC8_yesno_report_correct,phase2_format_control,phase2_format_control_FC8_yesno_report_correct,A report repeatedly says the main car is black. Is that report correct for the image? Answer yes or no only.,format_control,yesno_report_correct,stronger_open_conflict,question_body,repeated_false_report,yes_no,yes_means_conflict_no_means_reject_false_claim,,internvl2_8b,InternVL2-8B,OpenGVLab/InternVL2-8B,bfloat16,cuda:0+cpu_offload,auto,1,2.6318,No.,ok,
vcor_train_white_3193719724__FC1_free_neutral,vcor_train_white_3193719724,vcor_train_white_3193719724.jpg,data_external/vcor_selected/candidate_pool/white/vcor_train_white_3193719724.jpg,FC1_free_neutral,phase2_format_control,phase2_format_control_FC1_free_neutral,What is the primary body color of the main car in this image? Answer with one color word only and do not explain.,format_control,free_neutral,neutral,none,none,free_color_word,one_color_word,,internvl2_8b,InternVL2-8B,OpenGVLab/InternVL2-8B,bfloat16,cuda:0+cpu_offload,auto,1,1.8687,white,ok,
vcor_train_white_3193719724__FC2_free_c3,vcor_train_white_3193719724,vcor_train_white_3193719724.jpg,data_external/vcor_selected/candidate_pool/white/vcor_train_white_3193719724.jpg,FC2_free_c3,phase2_format_control,phase2_format_control_FC2_free_c3,"When the main car is described as black, what color does the main car actually appear to be in the image? Answer with one color word only and do not explain.",format_control,free_c3_presupposition,presuppositional,question_body,presupposition,free_color_word,one_color_word,,internvl2_8b,InternVL2-8B,OpenGVLab/InternVL2-8B,bfloat16,cuda:0+cpu_offload,auto,1,1.8677,white,ok,
vcor_train_white_3193719724__FC3_free_c4,vcor_train_white_3193719724,vcor_train_white_3193719724.jpg,data_external/vcor_selected/candidate_pool/white/vcor_train_white_3193719724.jpg,FC3_free_c4,phase2_format_control,phase2_format_control_FC3_free_c4,"A report repeatedly refers to the main car as black, and the answer should name the main car's primary body color seen in the image. Answer with one color word only and do not explain.",format_control,free_c4_stronger_open,stronger_open_conflict,question_body,repeated_false_report,free_color_word,one_color_word,,internvl2_8b,InternVL2-8B,OpenGVLab/InternVL2-8B,bfloat16,cuda:0+cpu_offload,auto,1,1.8860,White,ok,
vcor_train_white_3193719724__FC4_mc_neutral,vcor_train_white_3193719724,vcor_train_white_3193719724.jpg,data_external/vcor_selected/candidate_pool/white/vcor_train_white_3193719724.jpg,FC4_mc_neutral,phase2_format_control,phase2_format_control_FC4_mc_neutral,"What is the primary body color of the main car in this image? Choose exactly one color label from this multiple-choice list: red, blue, green, yellow, black, white, other. Output the color label only.",format_control,multiple_choice_neutral,neutral,none,none,multiple_choice_label,one_label_from_multiple_choice,,internvl2_8b,InternVL2-8B,OpenGVLab/InternVL2-8B,bfloat16,cuda:0+cpu_offload,auto,1,1.8594,white,ok,
vcor_train_white_3193719724__FC5_mc_c3,vcor_train_white_3193719724,vcor_train_white_3193719724.jpg,data_external/vcor_selected/candidate_pool/white/vcor_train_white_3193719724.jpg,FC5_mc_c3,phase2_format_control,phase2_format_control_FC5_mc_c3,"When the main car is described as black, what color does the main car actually appear to be in the image? Choose exactly one color label from this multiple-choice list: red, blue, green, yellow, black, white, other. Output the color label only.",format_control,multiple_choice_c3_presupposition,presuppositional,question_body,presupposition,multiple_choice_label,one_label_from_multiple_choice,,internvl2_8b,InternVL2-8B,OpenGVLab/InternVL2-8B,bfloat16,cuda:0+cpu_offload,auto,1,1.8889,white,ok,
vcor_train_white_3193719724__FC6_mc_c4,vcor_train_white_3193719724,vcor_train_white_3193719724.jpg,data_external/vcor_selected/candidate_pool/white/vcor_train_white_3193719724.jpg,FC6_mc_c4,phase2_format_control,phase2_format_control_FC6_mc_c4,"A report repeatedly refers to the main car as black. What is the main car's primary body color seen in the image? Choose exactly one color label from this multiple-choice list: red, blue, green, yellow, black, white, other. Output the color label only.",format_control,multiple_choice_c4_stronger_open,stronger_open_conflict,question_body,repeated_false_report,multiple_choice_label,one_label_from_multiple_choice,,internvl2_8b,InternVL2-8B,OpenGVLab/InternVL2-8B,bfloat16,cuda:0+cpu_offload,auto,1,1.8763,white,ok,
vcor_train_white_3193719724__FC7_yesno_false_claim,vcor_train_white_3193719724,vcor_train_white_3193719724.jpg,data_external/vcor_selected/candidate_pool/white/vcor_train_white_3193719724.jpg,FC7_yesno_false_claim,phase2_format_control,phase2_format_control_FC7_yesno_false_claim,Is the main car black? Answer yes or no only.,format_control,yesno_false_claim,assertive,question_body,direct_false_claim,yes_no,yes_means_conflict_no_means_reject_false_claim,,internvl2_8b,InternVL2-8B,OpenGVLab/InternVL2-8B,bfloat16,cuda:0+cpu_offload,auto,1,1.8610,No,ok,
vcor_train_white_3193719724__FC8_yesno_report_correct,vcor_train_white_3193719724,vcor_train_white_3193719724.jpg,data_external/vcor_selected/candidate_pool/white/vcor_train_white_3193719724.jpg,FC8_yesno_report_correct,phase2_format_control,phase2_format_control_FC8_yesno_report_correct,A report repeatedly says the main car is black. Is that report correct for the image? Answer yes or no only.,format_control,yesno_report_correct,stronger_open_conflict,question_body,repeated_false_report,yes_no,yes_means_conflict_no_means_reject_false_claim,,internvl2_8b,InternVL2-8B,OpenGVLab/InternVL2-8B,bfloat16,cuda:0+cpu_offload,auto,1,1.8799,No,ok,
vcor_train_white_32553706e6__FC1_free_neutral,vcor_train_white_32553706e6,vcor_train_white_32553706e6.jpg,data_external/vcor_selected/candidate_pool/white/vcor_train_white_32553706e6.jpg,FC1_free_neutral,phase2_format_control,phase2_format_control_FC1_free_neutral,What is the primary body color of the main car in this image? Answer with one color word only and do not explain.,format_control,free_neutral,neutral,none,none,free_color_word,one_color_word,,internvl2_8b,InternVL2-8B,OpenGVLab/InternVL2-8B,bfloat16,cuda:0+cpu_offload,auto,1,1.8730,white,ok,
vcor_train_white_32553706e6__FC2_free_c3,vcor_train_white_32553706e6,vcor_train_white_32553706e6.jpg,data_external/vcor_selected/candidate_pool/white/vcor_train_white_32553706e6.jpg,FC2_free_c3,phase2_format_control,phase2_format_control_FC2_free_c3,"When the main car is described as black, what color does the main car actually appear to be in the image? Answer with one color word only and do not explain.",format_control,free_c3_presupposition,presuppositional,question_body,presupposition,free_color_word,one_color_word,,internvl2_8b,InternVL2-8B,OpenGVLab/InternVL2-8B,bfloat16,cuda:0+cpu_offload,auto,1,1.8641,white,ok,
vcor_train_white_32553706e6__FC3_free_c4,vcor_train_white_32553706e6,vcor_train_white_32553706e6.jpg,data_external/vcor_selected/candidate_pool/white/vcor_train_white_32553706e6.jpg,FC3_free_c4,phase2_format_control,phase2_format_control_FC3_free_c4,"A report repeatedly refers to the main car as black, and the answer should name the main car's primary body color seen in the image. Answer with one color word only and do not explain.",format_control,free_c4_stronger_open,stronger_open_conflict,question_body,repeated_false_report,free_color_word,one_color_word,,internvl2_8b,InternVL2-8B,OpenGVLab/InternVL2-8B,bfloat16,cuda:0+cpu_offload,auto,1,1.8461,white,ok,
vcor_train_white_32553706e6__FC4_mc_neutral,vcor_train_white_32553706e6,vcor_train_white_32553706e6.jpg,data_external/vcor_selected/candidate_pool/white/vcor_train_white_32553706e6.jpg,FC4_mc_neutral,phase2_format_control,phase2_format_control_FC4_mc_neutral,"What is the primary body color of the main car in this image? Choose exactly one color label from this multiple-choice list: red, blue, green, yellow, black, white, other. Output the color label only.",format_control,multiple_choice_neutral,neutral,none,none,multiple_choice_label,one_label_from_multiple_choice,,internvl2_8b,InternVL2-8B,OpenGVLab/InternVL2-8B,bfloat16,cuda:0+cpu_offload,auto,1,1.8681,white,ok,
vcor_train_white_32553706e6__FC5_mc_c3,vcor_train_white_32553706e6,vcor_train_white_32553706e6.jpg,data_external/vcor_selected/candidate_pool/white/vcor_train_white_32553706e6.jpg,FC5_mc_c3,phase2_format_control,phase2_format_control_FC5_mc_c3,"When the main car is described as black, what color does the main car actually appear to be in the image? Choose exactly one color label from this multiple-choice list: red, blue, green, yellow, black, white, other. Output the color label only.",format_control,multiple_choice_c3_presupposition,presuppositional,question_body,presupposition,multiple_choice_label,one_label_from_multiple_choice,,internvl2_8b,InternVL2-8B,OpenGVLab/InternVL2-8B,bfloat16,cuda:0+cpu_offload,auto,1,1.8846,white,ok,
vcor_train_white_32553706e6__FC6_mc_c4,vcor_train_white_32553706e6,vcor_train_white_32553706e6.jpg,data_external/vcor_selected/candidate_pool/white/vcor_train_white_32553706e6.jpg,FC6_mc_c4,phase2_format_control,phase2_format_control_FC6_mc_c4,"A report repeatedly refers to the main car as black. What is the main car's primary body color seen in the image? Choose exactly one color label from this multiple-choice list: red, blue, green, yellow, black, white, other. Output the color label only.",format_control,multiple_choice_c4_stronger_open,stronger_open_conflict,question_body,repeated_false_report,multiple_choice_label,one_label_from_multiple_choice,,internvl2_8b,InternVL2-8B,OpenGVLab/InternVL2-8B,bfloat16,cuda:0+cpu_offload,auto,1,1.8742,white,ok,
vcor_train_white_32553706e6__FC7_yesno_false_claim,vcor_train_white_32553706e6,vcor_train_white_32553706e6.jpg,data_external/vcor_selected/candidate_pool/white/vcor_train_white_32553706e6.jpg,FC7_yesno_false_claim,phase2_format_control,phase2_format_control_FC7_yesno_false_claim,Is the main car black? Answer yes or no only.,format_control,yesno_false_claim,assertive,question_body,direct_false_claim,yes_no,yes_means_conflict_no_means_reject_false_claim,,internvl2_8b,InternVL2-8B,OpenGVLab/InternVL2-8B,bfloat16,cuda:0+cpu_offload,auto,1,2.6444,No.,ok,
vcor_train_white_32553706e6__FC8_yesno_report_correct,vcor_train_white_32553706e6,vcor_train_white_32553706e6.jpg,data_external/vcor_selected/candidate_pool/white/vcor_train_white_32553706e6.jpg,FC8_yesno_report_correct,phase2_format_control,phase2_format_control_FC8_yesno_report_correct,A report repeatedly says the main car is black. Is that report correct for the image? Answer yes or no only.,format_control,yesno_report_correct,stronger_open_conflict,question_body,repeated_false_report,yes_no,yes_means_conflict_no_means_reject_false_claim,,internvl2_8b,InternVL2-8B,OpenGVLab/InternVL2-8B,bfloat16,cuda:0+cpu_offload,auto,1,1.8645,No,ok,
vcor_train_white_36bbde0940__FC1_free_neutral,vcor_train_white_36bbde0940,vcor_train_white_36bbde0940.jpg,data_external/vcor_selected/candidate_pool/white/vcor_train_white_36bbde0940.jpg,FC1_free_neutral,phase2_format_control,phase2_format_control_FC1_free_neutral,What is the primary body color of the main car in this image? Answer with one color word only and do not explain.,format_control,free_neutral,neutral,none,none,free_color_word,one_color_word,,internvl2_8b,InternVL2-8B,OpenGVLab/InternVL2-8B,bfloat16,cuda:0+cpu_offload,auto,1,1.8652,white,ok,
vcor_train_white_36bbde0940__FC2_free_c3,vcor_train_white_36bbde0940,vcor_train_white_36bbde0940.jpg,data_external/vcor_selected/candidate_pool/white/vcor_train_white_36bbde0940.jpg,FC2_free_c3,phase2_format_control,phase2_format_control_FC2_free_c3,"When the main car is described as black, what color does the main car actually appear to be in the image? Answer with one color word only and do not explain.",format_control,free_c3_presupposition,presuppositional,question_body,presupposition,free_color_word,one_color_word,,internvl2_8b,InternVL2-8B,OpenGVLab/InternVL2-8B,bfloat16,cuda:0+cpu_offload,auto,1,1.8195,white,ok,
vcor_train_white_36bbde0940__FC3_free_c4,vcor_train_white_36bbde0940,vcor_train_white_36bbde0940.jpg,data_external/vcor_selected/candidate_pool/white/vcor_train_white_36bbde0940.jpg,FC3_free_c4,phase2_format_control,phase2_format_control_FC3_free_c4,"A report repeatedly refers to the main car as black, and the answer should name the main car's primary body color seen in the image. Answer with one color word only and do not explain.",format_control,free_c4_stronger_open,stronger_open_conflict,question_body,repeated_false_report,free_color_word,one_color_word,,internvl2_8b,InternVL2-8B,OpenGVLab/InternVL2-8B,bfloat16,cuda:0+cpu_offload,auto,1,1.8543,White,ok,
vcor_train_white_36bbde0940__FC4_mc_neutral,vcor_train_white_36bbde0940,vcor_train_white_36bbde0940.jpg,data_external/vcor_selected/candidate_pool/white/vcor_train_white_36bbde0940.jpg,FC4_mc_neutral,phase2_format_control,phase2_format_control_FC4_mc_neutral,"What is the primary body color of the main car in this image? Choose exactly one color label from this multiple-choice list: red, blue, green, yellow, black, white, other. Output the color label only.",format_control,multiple_choice_neutral,neutral,none,none,multiple_choice_label,one_label_from_multiple_choice,,internvl2_8b,InternVL2-8B,OpenGVLab/InternVL2-8B,bfloat16,cuda:0+cpu_offload,auto,1,1.8859,white,ok,
vcor_train_white_36bbde0940__FC5_mc_c3,vcor_train_white_36bbde0940,vcor_train_white_36bbde0940.jpg,data_external/vcor_selected/candidate_pool/white/vcor_train_white_36bbde0940.jpg,FC5_mc_c3,phase2_format_control,phase2_format_control_FC5_mc_c3,"When the main car is described as black, what color does the main car actually appear to be in the image? Choose exactly one color label from this multiple-choice list: red, blue, green, yellow, black, white, other. Output the color label only.",format_control,multiple_choice_c3_presupposition,presuppositional,question_body,presupposition,multiple_choice_label,one_label_from_multiple_choice,,internvl2_8b,InternVL2-8B,OpenGVLab/InternVL2-8B,bfloat16,cuda:0+cpu_offload,auto,1,1.8742,white,ok,
vcor_train_white_36bbde0940__FC6_mc_c4,vcor_train_white_36bbde0940,vcor_train_white_36bbde0940.jpg,data_external/vcor_selected/candidate_pool/white/vcor_train_white_36bbde0940.jpg,FC6_mc_c4,phase2_format_control,phase2_format_control_FC6_mc_c4,"A report repeatedly refers to the main car as black. What is the main car's primary body color seen in the image? Choose exactly one color label from this multiple-choice list: red, blue, green, yellow, black, white, other. Output the color label only.",format_control,multiple_choice_c4_stronger_open,stronger_open_conflict,question_body,repeated_false_report,multiple_choice_label,one_label_from_multiple_choice,,internvl2_8b,InternVL2-8B,OpenGVLab/InternVL2-8B,bfloat16,cuda:0+cpu_offload,auto,1,1.8734,white,ok,
vcor_train_white_36bbde0940__FC7_yesno_false_claim,vcor_train_white_36bbde0940,vcor_train_white_36bbde0940.jpg,data_external/vcor_selected/candidate_pool/white/vcor_train_white_36bbde0940.jpg,FC7_yesno_false_claim,phase2_format_control,phase2_format_control_FC7_yesno_false_claim,Is the main car black? Answer yes or no only.,format_control,yesno_false_claim,assertive,question_body,direct_false_claim,yes_no,yes_means_conflict_no_means_reject_false_claim,,internvl2_8b,InternVL2-8B,OpenGVLab/InternVL2-8B,bfloat16,cuda:0+cpu_offload,auto,1,2.6247,No.,ok,
vcor_train_white_36bbde0940__FC8_yesno_report_correct,vcor_train_white_36bbde0940,vcor_train_white_36bbde0940.jpg,data_external/vcor_selected/candidate_pool/white/vcor_train_white_36bbde0940.jpg,FC8_yesno_report_correct,phase2_format_control,phase2_format_control_FC8_yesno_report_correct,A report repeatedly says the main car is black. Is that report correct for the image? Answer yes or no only.,format_control,yesno_report_correct,stronger_open_conflict,question_body,repeated_false_report,yes_no,yes_means_conflict_no_means_reject_false_claim,,internvl2_8b,InternVL2-8B,OpenGVLab/InternVL2-8B,bfloat16,cuda:0+cpu_offload,auto,1,1.8532,No,ok,
vcor_train_white_380aa05f84__FC1_free_neutral,vcor_train_white_380aa05f84,vcor_train_white_380aa05f84.jpg,data_external/vcor_selected/candidate_pool/white/vcor_train_white_380aa05f84.jpg,FC1_free_neutral,phase2_format_control,phase2_format_control_FC1_free_neutral,What is the primary body color of the main car in this image? Answer with one color word only and do not explain.,format_control,free_neutral,neutral,none,none,free_color_word,one_color_word,,internvl2_8b,InternVL2-8B,OpenGVLab/InternVL2-8B,bfloat16,cuda:0+cpu_offload,auto,1,1.8673,white,ok,
vcor_train_white_380aa05f84__FC2_free_c3,vcor_train_white_380aa05f84,vcor_train_white_380aa05f84.jpg,data_external/vcor_selected/candidate_pool/white/vcor_train_white_380aa05f84.jpg,FC2_free_c3,phase2_format_control,phase2_format_control_FC2_free_c3,"When the main car is described as black, what color does the main car actually appear to be in the image? Answer with one color word only and do not explain.",format_control,free_c3_presupposition,presuppositional,question_body,presupposition,free_color_word,one_color_word,,internvl2_8b,InternVL2-8B,OpenGVLab/InternVL2-8B,bfloat16,cuda:0+cpu_offload,auto,1,1.8504,white,ok,
vcor_train_white_380aa05f84__FC3_free_c4,vcor_train_white_380aa05f84,vcor_train_white_380aa05f84.jpg,data_external/vcor_selected/candidate_pool/white/vcor_train_white_380aa05f84.jpg,FC3_free_c4,phase2_format_control,phase2_format_control_FC3_free_c4,"A report repeatedly refers to the main car as black, and the answer should name the main car's primary body color seen in the image. Answer with one color word only and do not explain.",format_control,free_c4_stronger_open,stronger_open_conflict,question_body,repeated_false_report,free_color_word,one_color_word,,internvl2_8b,InternVL2-8B,OpenGVLab/InternVL2-8B,bfloat16,cuda:0+cpu_offload,auto,1,1.8828,white,ok,
vcor_train_white_380aa05f84__FC4_mc_neutral,vcor_train_white_380aa05f84,vcor_train_white_380aa05f84.jpg,data_external/vcor_selected/candidate_pool/white/vcor_train_white_380aa05f84.jpg,FC4_mc_neutral,phase2_format_control,phase2_format_control_FC4_mc_neutral,"What is the primary body color of the main car in this image? Choose exactly one color label from this multiple-choice list: red, blue, green, yellow, black, white, other. Output the color label only.",format_control,multiple_choice_neutral,neutral,none,none,multiple_choice_label,one_label_from_multiple_choice,,internvl2_8b,InternVL2-8B,OpenGVLab/InternVL2-8B,bfloat16,cuda:0+cpu_offload,auto,1,1.8765,white,ok,
vcor_train_white_380aa05f84__FC5_mc_c3,vcor_train_white_380aa05f84,vcor_train_white_380aa05f84.jpg,data_external/vcor_selected/candidate_pool/white/vcor_train_white_380aa05f84.jpg,FC5_mc_c3,phase2_format_control,phase2_format_control_FC5_mc_c3,"When the main car is described as black, what color does the main car actually appear to be in the image? Choose exactly one color label from this multiple-choice list: red, blue, green, yellow, black, white, other. Output the color label only.",format_control,multiple_choice_c3_presupposition,presuppositional,question_body,presupposition,multiple_choice_label,one_label_from_multiple_choice,,internvl2_8b,InternVL2-8B,OpenGVLab/InternVL2-8B,bfloat16,cuda:0+cpu_offload,auto,1,1.8538,white,ok,
vcor_train_white_380aa05f84__FC6_mc_c4,vcor_train_white_380aa05f84,vcor_train_white_380aa05f84.jpg,data_external/vcor_selected/candidate_pool/white/vcor_train_white_380aa05f84.jpg,FC6_mc_c4,phase2_format_control,phase2_format_control_FC6_mc_c4,"A report repeatedly refers to the main car as black. What is the main car's primary body color seen in the image? Choose exactly one color label from this multiple-choice list: red, blue, green, yellow, black, white, other. Output the color label only.",format_control,multiple_choice_c4_stronger_open,stronger_open_conflict,question_body,repeated_false_report,multiple_choice_label,one_label_from_multiple_choice,,internvl2_8b,InternVL2-8B,OpenGVLab/InternVL2-8B,bfloat16,cuda:0+cpu_offload,auto,1,1.8882,white,ok,
vcor_train_white_380aa05f84__FC7_yesno_false_claim,vcor_train_white_380aa05f84,vcor_train_white_380aa05f84.jpg,data_external/vcor_selected/candidate_pool/white/vcor_train_white_380aa05f84.jpg,FC7_yesno_false_claim,phase2_format_control,phase2_format_control_FC7_yesno_false_claim,Is the main car black? Answer yes or no only.,format_control,yesno_false_claim,assertive,question_body,direct_false_claim,yes_no,yes_means_conflict_no_means_reject_false_claim,,internvl2_8b,InternVL2-8B,OpenGVLab/InternVL2-8B,bfloat16,cuda:0+cpu_offload,auto,1,2.6155,No.,ok,
vcor_train_white_380aa05f84__FC8_yesno_report_correct,vcor_train_white_380aa05f84,vcor_train_white_380aa05f84.jpg,data_external/vcor_selected/candidate_pool/white/vcor_train_white_380aa05f84.jpg,FC8_yesno_report_correct,phase2_format_control,phase2_format_control_FC8_yesno_report_correct,A report repeatedly says the main car is black. Is that report correct for the image? Answer yes or no only.,format_control,yesno_report_correct,stronger_open_conflict,question_body,repeated_false_report,yes_no,yes_means_conflict_no_means_reject_false_claim,,internvl2_8b,InternVL2-8B,OpenGVLab/InternVL2-8B,bfloat16,cuda:0+cpu_offload,auto,1,2.6411,No.,ok,
vcor_train_white_3fa7a61921__FC1_free_neutral,vcor_train_white_3fa7a61921,vcor_train_white_3fa7a61921.jpg,data_external/vcor_selected/candidate_pool/white/vcor_train_white_3fa7a61921.jpg,FC1_free_neutral,phase2_format_control,phase2_format_control_FC1_free_neutral,What is the primary body color of the main car in this image? Answer with one color word only and do not explain.,format_control,free_neutral,neutral,none,none,free_color_word,one_color_word,,internvl2_8b,InternVL2-8B,OpenGVLab/InternVL2-8B,bfloat16,cuda:0+cpu_offload,auto,1,1.8740,white,ok,
vcor_train_white_3fa7a61921__FC2_free_c3,vcor_train_white_3fa7a61921,vcor_train_white_3fa7a61921.jpg,data_external/vcor_selected/candidate_pool/white/vcor_train_white_3fa7a61921.jpg,FC2_free_c3,phase2_format_control,phase2_format_control_FC2_free_c3,"When the main car is described as black, what color does the main car actually appear to be in the image? Answer with one color word only and do not explain.",format_control,free_c3_presupposition,presuppositional,question_body,presupposition,free_color_word,one_color_word,,internvl2_8b,InternVL2-8B,OpenGVLab/InternVL2-8B,bfloat16,cuda:0+cpu_offload,auto,1,1.8583,white,ok,
vcor_train_white_3fa7a61921__FC3_free_c4,vcor_train_white_3fa7a61921,vcor_train_white_3fa7a61921.jpg,data_external/vcor_selected/candidate_pool/white/vcor_train_white_3fa7a61921.jpg,FC3_free_c4,phase2_format_control,phase2_format_control_FC3_free_c4,"A report repeatedly refers to the main car as black, and the answer should name the main car's primary body color seen in the image. Answer with one color word only and do not explain.",format_control,free_c4_stronger_open,stronger_open_conflict,question_body,repeated_false_report,free_color_word,one_color_word,,internvl2_8b,InternVL2-8B,OpenGVLab/InternVL2-8B,bfloat16,cuda:0+cpu_offload,auto,1,1.8364,white,ok,
vcor_train_white_3fa7a61921__FC4_mc_neutral,vcor_train_white_3fa7a61921,vcor_train_white_3fa7a61921.jpg,data_external/vcor_selected/candidate_pool/white/vcor_train_white_3fa7a61921.jpg,FC4_mc_neutral,phase2_format_control,phase2_format_control_FC4_mc_neutral,"What is the primary body color of the main car in this image? Choose exactly one color label from this multiple-choice list: red, blue, green, yellow, black, white, other. Output the color label only.",format_control,multiple_choice_neutral,neutral,none,none,multiple_choice_label,one_label_from_multiple_choice,,internvl2_8b,InternVL2-8B,OpenGVLab/InternVL2-8B,bfloat16,cuda:0+cpu_offload,auto,1,1.8707,white,ok,
vcor_train_white_3fa7a61921__FC5_mc_c3,vcor_train_white_3fa7a61921,vcor_train_white_3fa7a61921.jpg,data_external/vcor_selected/candidate_pool/white/vcor_train_white_3fa7a61921.jpg,FC5_mc_c3,phase2_format_control,phase2_format_control_FC5_mc_c3,"When the main car is described as black, what color does the main car actually appear to be in the image? Choose exactly one color label from this multiple-choice list: red, blue, green, yellow, black, white, other. Output the color label only.",format_control,multiple_choice_c3_presupposition,presuppositional,question_body,presupposition,multiple_choice_label,one_label_from_multiple_choice,,internvl2_8b,InternVL2-8B,OpenGVLab/InternVL2-8B,bfloat16,cuda:0+cpu_offload,auto,1,1.8370,white,ok,
vcor_train_white_3fa7a61921__FC6_mc_c4,vcor_train_white_3fa7a61921,vcor_train_white_3fa7a61921.jpg,data_external/vcor_selected/candidate_pool/white/vcor_train_white_3fa7a61921.jpg,FC6_mc_c4,phase2_format_control,phase2_format_control_FC6_mc_c4,"A report repeatedly refers to the main car as black. What is the main car's primary body color seen in the image? Choose exactly one color label from this multiple-choice list: red, blue, green, yellow, black, white, other. Output the color label only.",format_control,multiple_choice_c4_stronger_open,stronger_open_conflict,question_body,repeated_false_report,multiple_choice_label,one_label_from_multiple_choice,,internvl2_8b,InternVL2-8B,OpenGVLab/InternVL2-8B,bfloat16,cuda:0+cpu_offload,auto,1,1.8932,white,ok,
vcor_train_white_3fa7a61921__FC7_yesno_false_claim,vcor_train_white_3fa7a61921,vcor_train_white_3fa7a61921.jpg,data_external/vcor_selected/candidate_pool/white/vcor_train_white_3fa7a61921.jpg,FC7_yesno_false_claim,phase2_format_control,phase2_format_control_FC7_yesno_false_claim,Is the main car black? Answer yes or no only.,format_control,yesno_false_claim,assertive,question_body,direct_false_claim,yes_no,yes_means_conflict_no_means_reject_false_claim,,internvl2_8b,InternVL2-8B,OpenGVLab/InternVL2-8B,bfloat16,cuda:0+cpu_offload,auto,1,2.7762,No.,ok,
vcor_train_white_3fa7a61921__FC8_yesno_report_correct,vcor_train_white_3fa7a61921,vcor_train_white_3fa7a61921.jpg,data_external/vcor_selected/candidate_pool/white/vcor_train_white_3fa7a61921.jpg,FC8_yesno_report_correct,phase2_format_control,phase2_format_control_FC8_yesno_report_correct,A report repeatedly says the main car is black. Is that report correct for the image? Answer yes or no only.,format_control,yesno_report_correct,stronger_open_conflict,question_body,repeated_false_report,yes_no,yes_means_conflict_no_means_reject_false_claim,,internvl2_8b,InternVL2-8B,OpenGVLab/InternVL2-8B,bfloat16,cuda:0+cpu_offload,auto,1,2.7610,No.,ok,
vcor_train_white_3fc8c3261f__FC1_free_neutral,vcor_train_white_3fc8c3261f,vcor_train_white_3fc8c3261f.jpg,data_external/vcor_selected/candidate_pool/white/vcor_train_white_3fc8c3261f.jpg,FC1_free_neutral,phase2_format_control,phase2_format_control_FC1_free_neutral,What is the primary body color of the main car in this image? Answer with one color word only and do not explain.,format_control,free_neutral,neutral,none,none,free_color_word,one_color_word,,internvl2_8b,InternVL2-8B,OpenGVLab/InternVL2-8B,bfloat16,cuda:0+cpu_offload,auto,1,2.0732,white,ok,
vcor_train_white_3fc8c3261f__FC2_free_c3,vcor_train_white_3fc8c3261f,vcor_train_white_3fc8c3261f.jpg,data_external/vcor_selected/candidate_pool/white/vcor_train_white_3fc8c3261f.jpg,FC2_free_c3,phase2_format_control,phase2_format_control_FC2_free_c3,"When the main car is described as black, what color does the main car actually appear to be in the image? Answer with one color word only and do not explain.",format_control,free_c3_presupposition,presuppositional,question_body,presupposition,free_color_word,one_color_word,,internvl2_8b,InternVL2-8B,OpenGVLab/InternVL2-8B,bfloat16,cuda:0+cpu_offload,auto,1,1.9796,white,ok,
vcor_train_white_3fc8c3261f__FC3_free_c4,vcor_train_white_3fc8c3261f,vcor_train_white_3fc8c3261f.jpg,data_external/vcor_selected/candidate_pool/white/vcor_train_white_3fc8c3261f.jpg,FC3_free_c4,phase2_format_control,phase2_format_control_FC3_free_c4,"A report repeatedly refers to the main car as black, and the answer should name the main car's primary body color seen in the image. Answer with one color word only and do not explain.",format_control,free_c4_stronger_open,stronger_open_conflict,question_body,repeated_false_report,free_color_word,one_color_word,,internvl2_8b,InternVL2-8B,OpenGVLab/InternVL2-8B,bfloat16,cuda:0+cpu_offload,auto,1,1.9393,white,ok,
vcor_train_white_3fc8c3261f__FC4_mc_neutral,vcor_train_white_3fc8c3261f,vcor_train_white_3fc8c3261f.jpg,data_external/vcor_selected/candidate_pool/white/vcor_train_white_3fc8c3261f.jpg,FC4_mc_neutral,phase2_format_control,phase2_format_control_FC4_mc_neutral,"What is the primary body color of the main car in this image? Choose exactly one color label from this multiple-choice list: red, blue, green, yellow, black, white, other. Output the color label only.",format_control,multiple_choice_neutral,neutral,none,none,multiple_choice_label,one_label_from_multiple_choice,,internvl2_8b,InternVL2-8B,OpenGVLab/InternVL2-8B,bfloat16,cuda:0+cpu_offload,auto,1,1.9099,white,ok,
vcor_train_white_3fc8c3261f__FC5_mc_c3,vcor_train_white_3fc8c3261f,vcor_train_white_3fc8c3261f.jpg,data_external/vcor_selected/candidate_pool/white/vcor_train_white_3fc8c3261f.jpg,FC5_mc_c3,phase2_format_control,phase2_format_control_FC5_mc_c3,"When the main car is described as black, what color does the main car actually appear to be in the image? Choose exactly one color label from this multiple-choice list: red, blue, green, yellow, black, white, other. Output the color label only.",format_control,multiple_choice_c3_presupposition,presuppositional,question_body,presupposition,multiple_choice_label,one_label_from_multiple_choice,,internvl2_8b,InternVL2-8B,OpenGVLab/InternVL2-8B,bfloat16,cuda:0+cpu_offload,auto,1,2.0679,white,ok,
vcor_train_white_3fc8c3261f__FC6_mc_c4,vcor_train_white_3fc8c3261f,vcor_train_white_3fc8c3261f.jpg,data_external/vcor_selected/candidate_pool/white/vcor_train_white_3fc8c3261f.jpg,FC6_mc_c4,phase2_format_control,phase2_format_control_FC6_mc_c4,"A report repeatedly refers to the main car as black. What is the main car's primary body color seen in the image? Choose exactly one color label from this multiple-choice list: red, blue, green, yellow, black, white, other. Output the color label only.",format_control,multiple_choice_c4_stronger_open,stronger_open_conflict,question_body,repeated_false_report,multiple_choice_label,one_label_from_multiple_choice,,internvl2_8b,InternVL2-8B,OpenGVLab/InternVL2-8B,bfloat16,cuda:0+cpu_offload,auto,1,2.0062,white,ok,
vcor_train_white_3fc8c3261f__FC7_yesno_false_claim,vcor_train_white_3fc8c3261f,vcor_train_white_3fc8c3261f.jpg,data_external/vcor_selected/candidate_pool/white/vcor_train_white_3fc8c3261f.jpg,FC7_yesno_false_claim,phase2_format_control,phase2_format_control_FC7_yesno_false_claim,Is the main car black? Answer yes or no only.,format_control,yesno_false_claim,assertive,question_body,direct_false_claim,yes_no,yes_means_conflict_no_means_reject_false_claim,,internvl2_8b,InternVL2-8B,OpenGVLab/InternVL2-8B,bfloat16,cuda:0+cpu_offload,auto,1,1.8703,No,ok,
vcor_train_white_3fc8c3261f__FC8_yesno_report_correct,vcor_train_white_3fc8c3261f,vcor_train_white_3fc8c3261f.jpg,data_external/vcor_selected/candidate_pool/white/vcor_train_white_3fc8c3261f.jpg,FC8_yesno_report_correct,phase2_format_control,phase2_format_control_FC8_yesno_report_correct,A report repeatedly says the main car is black. Is that report correct for the image? Answer yes or no only.,format_control,yesno_report_correct,stronger_open_conflict,question_body,repeated_false_report,yes_no,yes_means_conflict_no_means_reject_false_claim,,internvl2_8b,InternVL2-8B,OpenGVLab/InternVL2-8B,bfloat16,cuda:0+cpu_offload,auto,1,1.9910,No,ok,
vcor_train_white_422cd72c41__FC1_free_neutral,vcor_train_white_422cd72c41,vcor_train_white_422cd72c41.jpg,data_external/vcor_selected/candidate_pool/white/vcor_train_white_422cd72c41.jpg,FC1_free_neutral,phase2_format_control,phase2_format_control_FC1_free_neutral,What is the primary body color of the main car in this image? Answer with one color word only and do not explain.,format_control,free_neutral,neutral,none,none,free_color_word,one_color_word,,internvl2_8b,InternVL2-8B,OpenGVLab/InternVL2-8B,bfloat16,cuda:0+cpu_offload,auto,1,1.9074,white,ok,
vcor_train_white_422cd72c41__FC2_free_c3,vcor_train_white_422cd72c41,vcor_train_white_422cd72c41.jpg,data_external/vcor_selected/candidate_pool/white/vcor_train_white_422cd72c41.jpg,FC2_free_c3,phase2_format_control,phase2_format_control_FC2_free_c3,"When the main car is described as black, what color does the main car actually appear to be in the image? Answer with one color word only and do not explain.",format_control,free_c3_presupposition,presuppositional,question_body,presupposition,free_color_word,one_color_word,,internvl2_8b,InternVL2-8B,OpenGVLab/InternVL2-8B,bfloat16,cuda:0+cpu_offload,auto,1,1.9978,white,ok,
vcor_train_white_422cd72c41__FC3_free_c4,vcor_train_white_422cd72c41,vcor_train_white_422cd72c41.jpg,data_external/vcor_selected/candidate_pool/white/vcor_train_white_422cd72c41.jpg,FC3_free_c4,phase2_format_control,phase2_format_control_FC3_free_c4,"A report repeatedly refers to the main car as black, and the answer should name the main car's primary body color seen in the image. Answer with one color word only and do not explain.",format_control,free_c4_stronger_open,stronger_open_conflict,question_body,repeated_false_report,free_color_word,one_color_word,,internvl2_8b,InternVL2-8B,OpenGVLab/InternVL2-8B,bfloat16,cuda:0+cpu_offload,auto,1,1.9292,White,ok,
vcor_train_white_422cd72c41__FC4_mc_neutral,vcor_train_white_422cd72c41,vcor_train_white_422cd72c41.jpg,data_external/vcor_selected/candidate_pool/white/vcor_train_white_422cd72c41.jpg,FC4_mc_neutral,phase2_format_control,phase2_format_control_FC4_mc_neutral,"What is the primary body color of the main car in this image? Choose exactly one color label from this multiple-choice list: red, blue, green, yellow, black, white, other. Output the color label only.",format_control,multiple_choice_neutral,neutral,none,none,multiple_choice_label,one_label_from_multiple_choice,,internvl2_8b,InternVL2-8B,OpenGVLab/InternVL2-8B,bfloat16,cuda:0+cpu_offload,auto,1,1.9428,white,ok,
vcor_train_white_422cd72c41__FC5_mc_c3,vcor_train_white_422cd72c41,vcor_train_white_422cd72c41.jpg,data_external/vcor_selected/candidate_pool/white/vcor_train_white_422cd72c41.jpg,FC5_mc_c3,phase2_format_control,phase2_format_control_FC5_mc_c3,"When the main car is described as black, what color does the main car actually appear to be in the image? Choose exactly one color label from this multiple-choice list: red, blue, green, yellow, black, white, other. Output the color label only.",format_control,multiple_choice_c3_presupposition,presuppositional,question_body,presupposition,multiple_choice_label,one_label_from_multiple_choice,,internvl2_8b,InternVL2-8B,OpenGVLab/InternVL2-8B,bfloat16,cuda:0+cpu_offload,auto,1,1.9263,white,ok,
vcor_train_white_422cd72c41__FC6_mc_c4,vcor_train_white_422cd72c41,vcor_train_white_422cd72c41.jpg,data_external/vcor_selected/candidate_pool/white/vcor_train_white_422cd72c41.jpg,FC6_mc_c4,phase2_format_control,phase2_format_control_FC6_mc_c4,"A report repeatedly refers to the main car as black. What is the main car's primary body color seen in the image? Choose exactly one color label from this multiple-choice list: red, blue, green, yellow, black, white, other. Output the color label only.",format_control,multiple_choice_c4_stronger_open,stronger_open_conflict,question_body,repeated_false_report,multiple_choice_label,one_label_from_multiple_choice,,internvl2_8b,InternVL2-8B,OpenGVLab/InternVL2-8B,bfloat16,cuda:0+cpu_offload,auto,1,1.9585,white,ok,
vcor_train_white_422cd72c41__FC7_yesno_false_claim,vcor_train_white_422cd72c41,vcor_train_white_422cd72c41.jpg,data_external/vcor_selected/candidate_pool/white/vcor_train_white_422cd72c41.jpg,FC7_yesno_false_claim,phase2_format_control,phase2_format_control_FC7_yesno_false_claim,Is the main car black? Answer yes or no only.,format_control,yesno_false_claim,assertive,question_body,direct_false_claim,yes_no,yes_means_conflict_no_means_reject_false_claim,,internvl2_8b,InternVL2-8B,OpenGVLab/InternVL2-8B,bfloat16,cuda:0+cpu_offload,auto,1,2.8588,No.,ok,
vcor_train_white_422cd72c41__FC8_yesno_report_correct,vcor_train_white_422cd72c41,vcor_train_white_422cd72c41.jpg,data_external/vcor_selected/candidate_pool/white/vcor_train_white_422cd72c41.jpg,FC8_yesno_report_correct,phase2_format_control,phase2_format_control_FC8_yesno_report_correct,A report repeatedly says the main car is black. Is that report correct for the image? Answer yes or no only.,format_control,yesno_report_correct,stronger_open_conflict,question_body,repeated_false_report,yes_no,yes_means_conflict_no_means_reject_false_claim,,internvl2_8b,InternVL2-8B,OpenGVLab/InternVL2-8B,bfloat16,cuda:0+cpu_offload,auto,1,1.8871,No,ok,
vcor_train_white_455f4ec90b__FC1_free_neutral,vcor_train_white_455f4ec90b,vcor_train_white_455f4ec90b.jpg,data_external/vcor_selected/candidate_pool/white/vcor_train_white_455f4ec90b.jpg,FC1_free_neutral,phase2_format_control,phase2_format_control_FC1_free_neutral,What is the primary body color of the main car in this image? Answer with one color word only and do not explain.,format_control,free_neutral,neutral,none,none,free_color_word,one_color_word,,internvl2_8b,InternVL2-8B,OpenGVLab/InternVL2-8B,bfloat16,cuda:0+cpu_offload,auto,1,1.8988,white,ok,
vcor_train_white_455f4ec90b__FC2_free_c3,vcor_train_white_455f4ec90b,vcor_train_white_455f4ec90b.jpg,data_external/vcor_selected/candidate_pool/white/vcor_train_white_455f4ec90b.jpg,FC2_free_c3,phase2_format_control,phase2_format_control_FC2_free_c3,"When the main car is described as black, what color does the main car actually appear to be in the image? Answer with one color word only and do not explain.",format_control,free_c3_presupposition,presuppositional,question_body,presupposition,free_color_word,one_color_word,,internvl2_8b,InternVL2-8B,OpenGVLab/InternVL2-8B,bfloat16,cuda:0+cpu_offload,auto,1,2.0350,White,ok,
vcor_train_white_455f4ec90b__FC3_free_c4,vcor_train_white_455f4ec90b,vcor_train_white_455f4ec90b.jpg,data_external/vcor_selected/candidate_pool/white/vcor_train_white_455f4ec90b.jpg,FC3_free_c4,phase2_format_control,phase2_format_control_FC3_free_c4,"A report repeatedly refers to the main car as black, and the answer should name the main car's primary body color seen in the image. Answer with one color word only and do not explain.",format_control,free_c4_stronger_open,stronger_open_conflict,question_body,repeated_false_report,free_color_word,one_color_word,,internvl2_8b,InternVL2-8B,OpenGVLab/InternVL2-8B,bfloat16,cuda:0+cpu_offload,auto,1,1.8980,White,ok,
vcor_train_white_455f4ec90b__FC4_mc_neutral,vcor_train_white_455f4ec90b,vcor_train_white_455f4ec90b.jpg,data_external/vcor_selected/candidate_pool/white/vcor_train_white_455f4ec90b.jpg,FC4_mc_neutral,phase2_format_control,phase2_format_control_FC4_mc_neutral,"What is the primary body color of the main car in this image? Choose exactly one color label from this multiple-choice list: red, blue, green, yellow, black, white, other. Output the color label only.",format_control,multiple_choice_neutral,neutral,none,none,multiple_choice_label,one_label_from_multiple_choice,,internvl2_8b,InternVL2-8B,OpenGVLab/InternVL2-8B,bfloat16,cuda:0+cpu_offload,auto,1,1.9214,white,ok,
vcor_train_white_455f4ec90b__FC5_mc_c3,vcor_train_white_455f4ec90b,vcor_train_white_455f4ec90b.jpg,data_external/vcor_selected/candidate_pool/white/vcor_train_white_455f4ec90b.jpg,FC5_mc_c3,phase2_format_control,phase2_format_control_FC5_mc_c3,"When the main car is described as black, what color does the main car actually appear to be in the image? Choose exactly one color label from this multiple-choice list: red, blue, green, yellow, black, white, other. Output the color label only.",format_control,multiple_choice_c3_presupposition,presuppositional,question_body,presupposition,multiple_choice_label,one_label_from_multiple_choice,,internvl2_8b,InternVL2-8B,OpenGVLab/InternVL2-8B,bfloat16,cuda:0+cpu_offload,auto,1,1.9301,white,ok,
vcor_train_white_455f4ec90b__FC6_mc_c4,vcor_train_white_455f4ec90b,vcor_train_white_455f4ec90b.jpg,data_external/vcor_selected/candidate_pool/white/vcor_train_white_455f4ec90b.jpg,FC6_mc_c4,phase2_format_control,phase2_format_control_FC6_mc_c4,"A report repeatedly refers to the main car as black. What is the main car's primary body color seen in the image? Choose exactly one color label from this multiple-choice list: red, blue, green, yellow, black, white, other. Output the color label only.",format_control,multiple_choice_c4_stronger_open,stronger_open_conflict,question_body,repeated_false_report,multiple_choice_label,one_label_from_multiple_choice,,internvl2_8b,InternVL2-8B,OpenGVLab/InternVL2-8B,bfloat16,cuda:0+cpu_offload,auto,1,2.0071,white,ok,
vcor_train_white_455f4ec90b__FC7_yesno_false_claim,vcor_train_white_455f4ec90b,vcor_train_white_455f4ec90b.jpg,data_external/vcor_selected/candidate_pool/white/vcor_train_white_455f4ec90b.jpg,FC7_yesno_false_claim,phase2_format_control,phase2_format_control_FC7_yesno_false_claim,Is the main car black? Answer yes or no only.,format_control,yesno_false_claim,assertive,question_body,direct_false_claim,yes_no,yes_means_conflict_no_means_reject_false_claim,,internvl2_8b,InternVL2-8B,OpenGVLab/InternVL2-8B,bfloat16,cuda:0+cpu_offload,auto,1,2.8251,No.,ok,
vcor_train_white_455f4ec90b__FC8_yesno_report_correct,vcor_train_white_455f4ec90b,vcor_train_white_455f4ec90b.jpg,data_external/vcor_selected/candidate_pool/white/vcor_train_white_455f4ec90b.jpg,FC8_yesno_report_correct,phase2_format_control,phase2_format_control_FC8_yesno_report_correct,A report repeatedly says the main car is black. Is that report correct for the image? Answer yes or no only.,format_control,yesno_report_correct,stronger_open_conflict,question_body,repeated_false_report,yes_no,yes_means_conflict_no_means_reject_false_claim,,internvl2_8b,InternVL2-8B,OpenGVLab/InternVL2-8B,bfloat16,cuda:0+cpu_offload,auto,1,1.9080,No,ok,
vcor_train_white_46e3655634__FC1_free_neutral,vcor_train_white_46e3655634,vcor_train_white_46e3655634.jpg,data_external/vcor_selected/candidate_pool/white/vcor_train_white_46e3655634.jpg,FC1_free_neutral,phase2_format_control,phase2_format_control_FC1_free_neutral,What is the primary body color of the main car in this image? Answer with one color word only and do not explain.,format_control,free_neutral,neutral,none,none,free_color_word,one_color_word,,internvl2_8b,InternVL2-8B,OpenGVLab/InternVL2-8B,bfloat16,cuda:0+cpu_offload,auto,1,1.9270,white,ok,
vcor_train_white_46e3655634__FC2_free_c3,vcor_train_white_46e3655634,vcor_train_white_46e3655634.jpg,data_external/vcor_selected/candidate_pool/white/vcor_train_white_46e3655634.jpg,FC2_free_c3,phase2_format_control,phase2_format_control_FC2_free_c3,"When the main car is described as black, what color does the main car actually appear to be in the image? Answer with one color word only and do not explain.",format_control,free_c3_presupposition,presuppositional,question_body,presupposition,free_color_word,one_color_word,,internvl2_8b,InternVL2-8B,OpenGVLab/InternVL2-8B,bfloat16,cuda:0+cpu_offload,auto,1,2.0314,white,ok,
vcor_train_white_46e3655634__FC3_free_c4,vcor_train_white_46e3655634,vcor_train_white_46e3655634.jpg,data_external/vcor_selected/candidate_pool/white/vcor_train_white_46e3655634.jpg,FC3_free_c4,phase2_format_control,phase2_format_control_FC3_free_c4,"A report repeatedly refers to the main car as black, and the answer should name the main car's primary body color seen in the image. Answer with one color word only and do not explain.",format_control,free_c4_stronger_open,stronger_open_conflict,question_body,repeated_false_report,free_color_word,one_color_word,,internvl2_8b,InternVL2-8B,OpenGVLab/InternVL2-8B,bfloat16,cuda:0+cpu_offload,auto,1,1.8911,white,ok,
vcor_train_white_46e3655634__FC4_mc_neutral,vcor_train_white_46e3655634,vcor_train_white_46e3655634.jpg,data_external/vcor_selected/candidate_pool/white/vcor_train_white_46e3655634.jpg,FC4_mc_neutral,phase2_format_control,phase2_format_control_FC4_mc_neutral,"What is the primary body color of the main car in this image? Choose exactly one color label from this multiple-choice list: red, blue, green, yellow, black, white, other. Output the color label only.",format_control,multiple_choice_neutral,neutral,none,none,multiple_choice_label,one_label_from_multiple_choice,,internvl2_8b,InternVL2-8B,OpenGVLab/InternVL2-8B,bfloat16,cuda:0+cpu_offload,auto,1,1.8910,white,ok,
vcor_train_white_46e3655634__FC5_mc_c3,vcor_train_white_46e3655634,vcor_train_white_46e3655634.jpg,data_external/vcor_selected/candidate_pool/white/vcor_train_white_46e3655634.jpg,FC5_mc_c3,phase2_format_control,phase2_format_control_FC5_mc_c3,"When the main car is described as black, what color does the main car actually appear to be in the image? Choose exactly one color label from this multiple-choice list: red, blue, green, yellow, black, white, other. Output the color label only.",format_control,multiple_choice_c3_presupposition,presuppositional,question_body,presupposition,multiple_choice_label,one_label_from_multiple_choice,,internvl2_8b,InternVL2-8B,OpenGVLab/InternVL2-8B,bfloat16,cuda:0+cpu_offload,auto,1,1.8696,white,ok,
vcor_train_white_46e3655634__FC6_mc_c4,vcor_train_white_46e3655634,vcor_train_white_46e3655634.jpg,data_external/vcor_selected/candidate_pool/white/vcor_train_white_46e3655634.jpg,FC6_mc_c4,phase2_format_control,phase2_format_control_FC6_mc_c4,"A report repeatedly refers to the main car as black. What is the main car's primary body color seen in the image? Choose exactly one color label from this multiple-choice list: red, blue, green, yellow, black, white, other. Output the color label only.",format_control,multiple_choice_c4_stronger_open,stronger_open_conflict,question_body,repeated_false_report,multiple_choice_label,one_label_from_multiple_choice,,internvl2_8b,InternVL2-8B,OpenGVLab/InternVL2-8B,bfloat16,cuda:0+cpu_offload,auto,1,1.8759,white,ok,
vcor_train_white_46e3655634__FC7_yesno_false_claim,vcor_train_white_46e3655634,vcor_train_white_46e3655634.jpg,data_external/vcor_selected/candidate_pool/white/vcor_train_white_46e3655634.jpg,FC7_yesno_false_claim,phase2_format_control,phase2_format_control_FC7_yesno_false_claim,Is the main car black? Answer yes or no only.,format_control,yesno_false_claim,assertive,question_body,direct_false_claim,yes_no,yes_means_conflict_no_means_reject_false_claim,,internvl2_8b,InternVL2-8B,OpenGVLab/InternVL2-8B,bfloat16,cuda:0+cpu_offload,auto,1,1.8546,No,ok,
vcor_train_white_46e3655634__FC8_yesno_report_correct,vcor_train_white_46e3655634,vcor_train_white_46e3655634.jpg,data_external/vcor_selected/candidate_pool/white/vcor_train_white_46e3655634.jpg,FC8_yesno_report_correct,phase2_format_control,phase2_format_control_FC8_yesno_report_correct,A report repeatedly says the main car is black. Is that report correct for the image? Answer yes or no only.,format_control,yesno_report_correct,stronger_open_conflict,question_body,repeated_false_report,yes_no,yes_means_conflict_no_means_reject_false_claim,,internvl2_8b,InternVL2-8B,OpenGVLab/InternVL2-8B,bfloat16,cuda:0+cpu_offload,auto,1,1.8717,No,ok,
vcor_train_white_4726bf9d2c__FC1_free_neutral,vcor_train_white_4726bf9d2c,vcor_train_white_4726bf9d2c.jpg,data_external/vcor_selected/candidate_pool/white/vcor_train_white_4726bf9d2c.jpg,FC1_free_neutral,phase2_format_control,phase2_format_control_FC1_free_neutral,What is the primary body color of the main car in this image? Answer with one color word only and do not explain.,format_control,free_neutral,neutral,none,none,free_color_word,one_color_word,,internvl2_8b,InternVL2-8B,OpenGVLab/InternVL2-8B,bfloat16,cuda:0+cpu_offload,auto,1,1.8728,white,ok,
vcor_train_white_4726bf9d2c__FC2_free_c3,vcor_train_white_4726bf9d2c,vcor_train_white_4726bf9d2c.jpg,data_external/vcor_selected/candidate_pool/white/vcor_train_white_4726bf9d2c.jpg,FC2_free_c3,phase2_format_control,phase2_format_control_FC2_free_c3,"When the main car is described as black, what color does the main car actually appear to be in the image? Answer with one color word only and do not explain.",format_control,free_c3_presupposition,presuppositional,question_body,presupposition,free_color_word,one_color_word,,internvl2_8b,InternVL2-8B,OpenGVLab/InternVL2-8B,bfloat16,cuda:0+cpu_offload,auto,1,1.8656,white,ok,
vcor_train_white_4726bf9d2c__FC3_free_c4,vcor_train_white_4726bf9d2c,vcor_train_white_4726bf9d2c.jpg,data_external/vcor_selected/candidate_pool/white/vcor_train_white_4726bf9d2c.jpg,FC3_free_c4,phase2_format_control,phase2_format_control_FC3_free_c4,"A report repeatedly refers to the main car as black, and the answer should name the main car's primary body color seen in the image. Answer with one color word only and do not explain.",format_control,free_c4_stronger_open,stronger_open_conflict,question_body,repeated_false_report,free_color_word,one_color_word,,internvl2_8b,InternVL2-8B,OpenGVLab/InternVL2-8B,bfloat16,cuda:0+cpu_offload,auto,1,1.8931,white,ok,
vcor_train_white_4726bf9d2c__FC4_mc_neutral,vcor_train_white_4726bf9d2c,vcor_train_white_4726bf9d2c.jpg,data_external/vcor_selected/candidate_pool/white/vcor_train_white_4726bf9d2c.jpg,FC4_mc_neutral,phase2_format_control,phase2_format_control_FC4_mc_neutral,"What is the primary body color of the main car in this image? Choose exactly one color label from this multiple-choice list: red, blue, green, yellow, black, white, other. Output the color label only.",format_control,multiple_choice_neutral,neutral,none,none,multiple_choice_label,one_label_from_multiple_choice,,internvl2_8b,InternVL2-8B,OpenGVLab/InternVL2-8B,bfloat16,cuda:0+cpu_offload,auto,1,1.8807,white,ok,
vcor_train_white_4726bf9d2c__FC5_mc_c3,vcor_train_white_4726bf9d2c,vcor_train_white_4726bf9d2c.jpg,data_external/vcor_selected/candidate_pool/white/vcor_train_white_4726bf9d2c.jpg,FC5_mc_c3,phase2_format_control,phase2_format_control_FC5_mc_c3,"When the main car is described as black, what color does the main car actually appear to be in the image? Choose exactly one color label from this multiple-choice list: red, blue, green, yellow, black, white, other. Output the color label only.",format_control,multiple_choice_c3_presupposition,presuppositional,question_body,presupposition,multiple_choice_label,one_label_from_multiple_choice,,internvl2_8b,InternVL2-8B,OpenGVLab/InternVL2-8B,bfloat16,cuda:0+cpu_offload,auto,1,1.8668,white,ok,
vcor_train_white_4726bf9d2c__FC6_mc_c4,vcor_train_white_4726bf9d2c,vcor_train_white_4726bf9d2c.jpg,data_external/vcor_selected/candidate_pool/white/vcor_train_white_4726bf9d2c.jpg,FC6_mc_c4,phase2_format_control,phase2_format_control_FC6_mc_c4,"A report repeatedly refers to the main car as black. What is the main car's primary body color seen in the image? Choose exactly one color label from this multiple-choice list: red, blue, green, yellow, black, white, other. Output the color label only.",format_control,multiple_choice_c4_stronger_open,stronger_open_conflict,question_body,repeated_false_report,multiple_choice_label,one_label_from_multiple_choice,,internvl2_8b,InternVL2-8B,OpenGVLab/InternVL2-8B,bfloat16,cuda:0+cpu_offload,auto,1,1.8751,white,ok,
vcor_train_white_4726bf9d2c__FC7_yesno_false_claim,vcor_train_white_4726bf9d2c,vcor_train_white_4726bf9d2c.jpg,data_external/vcor_selected/candidate_pool/white/vcor_train_white_4726bf9d2c.jpg,FC7_yesno_false_claim,phase2_format_control,phase2_format_control_FC7_yesno_false_claim,Is the main car black? Answer yes or no only.,format_control,yesno_false_claim,assertive,question_body,direct_false_claim,yes_no,yes_means_conflict_no_means_reject_false_claim,,internvl2_8b,InternVL2-8B,OpenGVLab/InternVL2-8B,bfloat16,cuda:0+cpu_offload,auto,1,2.6274,No.,ok,
vcor_train_white_4726bf9d2c__FC8_yesno_report_correct,vcor_train_white_4726bf9d2c,vcor_train_white_4726bf9d2c.jpg,data_external/vcor_selected/candidate_pool/white/vcor_train_white_4726bf9d2c.jpg,FC8_yesno_report_correct,phase2_format_control,phase2_format_control_FC8_yesno_report_correct,A report repeatedly says the main car is black. Is that report correct for the image? Answer yes or no only.,format_control,yesno_report_correct,stronger_open_conflict,question_body,repeated_false_report,yes_no,yes_means_conflict_no_means_reject_false_claim,,internvl2_8b,InternVL2-8B,OpenGVLab/InternVL2-8B,bfloat16,cuda:0+cpu_offload,auto,1,2.6366,No.,ok,
vcor_train_white_4c1616d6f4__FC1_free_neutral,vcor_train_white_4c1616d6f4,vcor_train_white_4c1616d6f4.jpg,data_external/vcor_selected/candidate_pool/white/vcor_train_white_4c1616d6f4.jpg,FC1_free_neutral,phase2_format_control,phase2_format_control_FC1_free_neutral,What is the primary body color of the main car in this image? Answer with one color word only and do not explain.,format_control,free_neutral,neutral,none,none,free_color_word,one_color_word,,internvl2_8b,InternVL2-8B,OpenGVLab/InternVL2-8B,bfloat16,cuda:0+cpu_offload,auto,1,1.8534,white,ok,
vcor_train_white_4c1616d6f4__FC2_free_c3,vcor_train_white_4c1616d6f4,vcor_train_white_4c1616d6f4.jpg,data_external/vcor_selected/candidate_pool/white/vcor_train_white_4c1616d6f4.jpg,FC2_free_c3,phase2_format_control,phase2_format_control_FC2_free_c3,"When the main car is described as black, what color does the main car actually appear to be in the image? Answer with one color word only and do not explain.",format_control,free_c3_presupposition,presuppositional,question_body,presupposition,free_color_word,one_color_word,,internvl2_8b,InternVL2-8B,OpenGVLab/InternVL2-8B,bfloat16,cuda:0+cpu_offload,auto,1,1.8724,white,ok,
vcor_train_white_4c1616d6f4__FC3_free_c4,vcor_train_white_4c1616d6f4,vcor_train_white_4c1616d6f4.jpg,data_external/vcor_selected/candidate_pool/white/vcor_train_white_4c1616d6f4.jpg,FC3_free_c4,phase2_format_control,phase2_format_control_FC3_free_c4,"A report repeatedly refers to the main car as black, and the answer should name the main car's primary body color seen in the image. Answer with one color word only and do not explain.",format_control,free_c4_stronger_open,stronger_open_conflict,question_body,repeated_false_report,free_color_word,one_color_word,,internvl2_8b,InternVL2-8B,OpenGVLab/InternVL2-8B,bfloat16,cuda:0+cpu_offload,auto,1,1.8427,White,ok,
vcor_train_white_4c1616d6f4__FC4_mc_neutral,vcor_train_white_4c1616d6f4,vcor_train_white_4c1616d6f4.jpg,data_external/vcor_selected/candidate_pool/white/vcor_train_white_4c1616d6f4.jpg,FC4_mc_neutral,phase2_format_control,phase2_format_control_FC4_mc_neutral,"What is the primary body color of the main car in this image? Choose exactly one color label from this multiple-choice list: red, blue, green, yellow, black, white, other. Output the color label only.",format_control,multiple_choice_neutral,neutral,none,none,multiple_choice_label,one_label_from_multiple_choice,,internvl2_8b,InternVL2-8B,OpenGVLab/InternVL2-8B,bfloat16,cuda:0+cpu_offload,auto,1,1.8629,white,ok,
vcor_train_white_4c1616d6f4__FC5_mc_c3,vcor_train_white_4c1616d6f4,vcor_train_white_4c1616d6f4.jpg,data_external/vcor_selected/candidate_pool/white/vcor_train_white_4c1616d6f4.jpg,FC5_mc_c3,phase2_format_control,phase2_format_control_FC5_mc_c3,"When the main car is described as black, what color does the main car actually appear to be in the image? Choose exactly one color label from this multiple-choice list: red, blue, green, yellow, black, white, other. Output the color label only.",format_control,multiple_choice_c3_presupposition,presuppositional,question_body,presupposition,multiple_choice_label,one_label_from_multiple_choice,,internvl2_8b,InternVL2-8B,OpenGVLab/InternVL2-8B,bfloat16,cuda:0+cpu_offload,auto,1,1.8702,white,ok,
vcor_train_white_4c1616d6f4__FC6_mc_c4,vcor_train_white_4c1616d6f4,vcor_train_white_4c1616d6f4.jpg,data_external/vcor_selected/candidate_pool/white/vcor_train_white_4c1616d6f4.jpg,FC6_mc_c4,phase2_format_control,phase2_format_control_FC6_mc_c4,"A report repeatedly refers to the main car as black. What is the main car's primary body color seen in the image? Choose exactly one color label from this multiple-choice list: red, blue, green, yellow, black, white, other. Output the color label only.",format_control,multiple_choice_c4_stronger_open,stronger_open_conflict,question_body,repeated_false_report,multiple_choice_label,one_label_from_multiple_choice,,internvl2_8b,InternVL2-8B,OpenGVLab/InternVL2-8B,bfloat16,cuda:0+cpu_offload,auto,1,1.8696,white,ok,
vcor_train_white_4c1616d6f4__FC7_yesno_false_claim,vcor_train_white_4c1616d6f4,vcor_train_white_4c1616d6f4.jpg,data_external/vcor_selected/candidate_pool/white/vcor_train_white_4c1616d6f4.jpg,FC7_yesno_false_claim,phase2_format_control,phase2_format_control_FC7_yesno_false_claim,Is the main car black? Answer yes or no only.,format_control,yesno_false_claim,assertive,question_body,direct_false_claim,yes_no,yes_means_conflict_no_means_reject_false_claim,,internvl2_8b,InternVL2-8B,OpenGVLab/InternVL2-8B,bfloat16,cuda:0+cpu_offload,auto,1,1.8461,No,ok,
vcor_train_white_4c1616d6f4__FC8_yesno_report_correct,vcor_train_white_4c1616d6f4,vcor_train_white_4c1616d6f4.jpg,data_external/vcor_selected/candidate_pool/white/vcor_train_white_4c1616d6f4.jpg,FC8_yesno_report_correct,phase2_format_control,phase2_format_control_FC8_yesno_report_correct,A report repeatedly says the main car is black. Is that report correct for the image? Answer yes or no only.,format_control,yesno_report_correct,stronger_open_conflict,question_body,repeated_false_report,yes_no,yes_means_conflict_no_means_reject_false_claim,,internvl2_8b,InternVL2-8B,OpenGVLab/InternVL2-8B,bfloat16,cuda:0+cpu_offload,auto,1,1.8486,No,ok,
vcor_train_white_4cc212b728__FC1_free_neutral,vcor_train_white_4cc212b728,vcor_train_white_4cc212b728.jpg,data_external/vcor_selected/candidate_pool/white/vcor_train_white_4cc212b728.jpg,FC1_free_neutral,phase2_format_control,phase2_format_control_FC1_free_neutral,What is the primary body color of the main car in this image? Answer with one color word only and do not explain.,format_control,free_neutral,neutral,none,none,free_color_word,one_color_word,,internvl2_8b,InternVL2-8B,OpenGVLab/InternVL2-8B,bfloat16,cuda:0+cpu_offload,auto,1,1.8655,white,ok,
vcor_train_white_4cc212b728__FC2_free_c3,vcor_train_white_4cc212b728,vcor_train_white_4cc212b728.jpg,data_external/vcor_selected/candidate_pool/white/vcor_train_white_4cc212b728.jpg,FC2_free_c3,phase2_format_control,phase2_format_control_FC2_free_c3,"When the main car is described as black, what color does the main car actually appear to be in the image? Answer with one color word only and do not explain.",format_control,free_c3_presupposition,presuppositional,question_body,presupposition,free_color_word,one_color_word,,internvl2_8b,InternVL2-8B,OpenGVLab/InternVL2-8B,bfloat16,cuda:0+cpu_offload,auto,1,1.8151,white,ok,
vcor_train_white_4cc212b728__FC3_free_c4,vcor_train_white_4cc212b728,vcor_train_white_4cc212b728.jpg,data_external/vcor_selected/candidate_pool/white/vcor_train_white_4cc212b728.jpg,FC3_free_c4,phase2_format_control,phase2_format_control_FC3_free_c4,"A report repeatedly refers to the main car as black, and the answer should name the main car's primary body color seen in the image. Answer with one color word only and do not explain.",format_control,free_c4_stronger_open,stronger_open_conflict,question_body,repeated_false_report,free_color_word,one_color_word,,internvl2_8b,InternVL2-8B,OpenGVLab/InternVL2-8B,bfloat16,cuda:0+cpu_offload,auto,1,1.8535,White,ok,
vcor_train_white_4cc212b728__FC4_mc_neutral,vcor_train_white_4cc212b728,vcor_train_white_4cc212b728.jpg,data_external/vcor_selected/candidate_pool/white/vcor_train_white_4cc212b728.jpg,FC4_mc_neutral,phase2_format_control,phase2_format_control_FC4_mc_neutral,"What is the primary body color of the main car in this image? Choose exactly one color label from this multiple-choice list: red, blue, green, yellow, black, white, other. Output the color label only.",format_control,multiple_choice_neutral,neutral,none,none,multiple_choice_label,one_label_from_multiple_choice,,internvl2_8b,InternVL2-8B,OpenGVLab/InternVL2-8B,bfloat16,cuda:0+cpu_offload,auto,1,1.8586,white,ok,
vcor_train_white_4cc212b728__FC5_mc_c3,vcor_train_white_4cc212b728,vcor_train_white_4cc212b728.jpg,data_external/vcor_selected/candidate_pool/white/vcor_train_white_4cc212b728.jpg,FC5_mc_c3,phase2_format_control,phase2_format_control_FC5_mc_c3,"When the main car is described as black, what color does the main car actually appear to be in the image? Choose exactly one color label from this multiple-choice list: red, blue, green, yellow, black, white, other. Output the color label only.",format_control,multiple_choice_c3_presupposition,presuppositional,question_body,presupposition,multiple_choice_label,one_label_from_multiple_choice,,internvl2_8b,InternVL2-8B,OpenGVLab/InternVL2-8B,bfloat16,cuda:0+cpu_offload,auto,1,1.8647,white,ok,
vcor_train_white_4cc212b728__FC6_mc_c4,vcor_train_white_4cc212b728,vcor_train_white_4cc212b728.jpg,data_external/vcor_selected/candidate_pool/white/vcor_train_white_4cc212b728.jpg,FC6_mc_c4,phase2_format_control,phase2_format_control_FC6_mc_c4,"A report repeatedly refers to the main car as black. What is the main car's primary body color seen in the image? Choose exactly one color label from this multiple-choice list: red, blue, green, yellow, black, white, other. Output the color label only.",format_control,multiple_choice_c4_stronger_open,stronger_open_conflict,question_body,repeated_false_report,multiple_choice_label,one_label_from_multiple_choice,,internvl2_8b,InternVL2-8B,OpenGVLab/InternVL2-8B,bfloat16,cuda:0+cpu_offload,auto,1,1.8938,white,ok,
vcor_train_white_4cc212b728__FC7_yesno_false_claim,vcor_train_white_4cc212b728,vcor_train_white_4cc212b728.jpg,data_external/vcor_selected/candidate_pool/white/vcor_train_white_4cc212b728.jpg,FC7_yesno_false_claim,phase2_format_control,phase2_format_control_FC7_yesno_false_claim,Is the main car black? Answer yes or no only.,format_control,yesno_false_claim,assertive,question_body,direct_false_claim,yes_no,yes_means_conflict_no_means_reject_false_claim,,internvl2_8b,InternVL2-8B,OpenGVLab/InternVL2-8B,bfloat16,cuda:0+cpu_offload,auto,1,2.6163,No.,ok,
vcor_train_white_4cc212b728__FC8_yesno_report_correct,vcor_train_white_4cc212b728,vcor_train_white_4cc212b728.jpg,data_external/vcor_selected/candidate_pool/white/vcor_train_white_4cc212b728.jpg,FC8_yesno_report_correct,phase2_format_control,phase2_format_control_FC8_yesno_report_correct,A report repeatedly says the main car is black. Is that report correct for the image? Answer yes or no only.,format_control,yesno_report_correct,stronger_open_conflict,question_body,repeated_false_report,yes_no,yes_means_conflict_no_means_reject_false_claim,,internvl2_8b,InternVL2-8B,OpenGVLab/InternVL2-8B,bfloat16,cuda:0+cpu_offload,auto,1,1.8299,No,ok,
vcor_train_white_4dde922c1d__FC1_free_neutral,vcor_train_white_4dde922c1d,vcor_train_white_4dde922c1d.jpg,data_external/vcor_selected/candidate_pool/white/vcor_train_white_4dde922c1d.jpg,FC1_free_neutral,phase2_format_control,phase2_format_control_FC1_free_neutral,What is the primary body color of the main car in this image? Answer with one color word only and do not explain.,format_control,free_neutral,neutral,none,none,free_color_word,one_color_word,,internvl2_8b,InternVL2-8B,OpenGVLab/InternVL2-8B,bfloat16,cuda:0+cpu_offload,auto,1,1.8662,white,ok,
vcor_train_white_4dde922c1d__FC2_free_c3,vcor_train_white_4dde922c1d,vcor_train_white_4dde922c1d.jpg,data_external/vcor_selected/candidate_pool/white/vcor_train_white_4dde922c1d.jpg,FC2_free_c3,phase2_format_control,phase2_format_control_FC2_free_c3,"When the main car is described as black, what color does the main car actually appear to be in the image? Answer with one color word only and do not explain.",format_control,free_c3_presupposition,presuppositional,question_body,presupposition,free_color_word,one_color_word,,internvl2_8b,InternVL2-8B,OpenGVLab/InternVL2-8B,bfloat16,cuda:0+cpu_offload,auto,1,1.8503,white,ok,
vcor_train_white_4dde922c1d__FC3_free_c4,vcor_train_white_4dde922c1d,vcor_train_white_4dde922c1d.jpg,data_external/vcor_selected/candidate_pool/white/vcor_train_white_4dde922c1d.jpg,FC3_free_c4,phase2_format_control,phase2_format_control_FC3_free_c4,"A report repeatedly refers to the main car as black, and the answer should name the main car's primary body color seen in the image. Answer with one color word only and do not explain.",format_control,free_c4_stronger_open,stronger_open_conflict,question_body,repeated_false_report,free_color_word,one_color_word,,internvl2_8b,InternVL2-8B,OpenGVLab/InternVL2-8B,bfloat16,cuda:0+cpu_offload,auto,1,1.8778,White,ok,
vcor_train_white_4dde922c1d__FC4_mc_neutral,vcor_train_white_4dde922c1d,vcor_train_white_4dde922c1d.jpg,data_external/vcor_selected/candidate_pool/white/vcor_train_white_4dde922c1d.jpg,FC4_mc_neutral,phase2_format_control,phase2_format_control_FC4_mc_neutral,"What is the primary body color of the main car in this image? Choose exactly one color label from this multiple-choice list: red, blue, green, yellow, black, white, other. Output the color label only.",format_control,multiple_choice_neutral,neutral,none,none,multiple_choice_label,one_label_from_multiple_choice,,internvl2_8b,InternVL2-8B,OpenGVLab/InternVL2-8B,bfloat16,cuda:0+cpu_offload,auto,1,1.8810,white,ok,
vcor_train_white_4dde922c1d__FC5_mc_c3,vcor_train_white_4dde922c1d,vcor_train_white_4dde922c1d.jpg,data_external/vcor_selected/candidate_pool/white/vcor_train_white_4dde922c1d.jpg,FC5_mc_c3,phase2_format_control,phase2_format_control_FC5_mc_c3,"When the main car is described as black, what color does the main car actually appear to be in the image? Choose exactly one color label from this multiple-choice list: red, blue, green, yellow, black, white, other. Output the color label only.",format_control,multiple_choice_c3_presupposition,presuppositional,question_body,presupposition,multiple_choice_label,one_label_from_multiple_choice,,internvl2_8b,InternVL2-8B,OpenGVLab/InternVL2-8B,bfloat16,cuda:0+cpu_offload,auto,1,1.8819,white,ok,
vcor_train_white_4dde922c1d__FC6_mc_c4,vcor_train_white_4dde922c1d,vcor_train_white_4dde922c1d.jpg,data_external/vcor_selected/candidate_pool/white/vcor_train_white_4dde922c1d.jpg,FC6_mc_c4,phase2_format_control,phase2_format_control_FC6_mc_c4,"A report repeatedly refers to the main car as black. What is the main car's primary body color seen in the image? Choose exactly one color label from this multiple-choice list: red, blue, green, yellow, black, white, other. Output the color label only.",format_control,multiple_choice_c4_stronger_open,stronger_open_conflict,question_body,repeated_false_report,multiple_choice_label,one_label_from_multiple_choice,,internvl2_8b,InternVL2-8B,OpenGVLab/InternVL2-8B,bfloat16,cuda:0+cpu_offload,auto,1,1.8575,white,ok,
vcor_train_white_4dde922c1d__FC7_yesno_false_claim,vcor_train_white_4dde922c1d,vcor_train_white_4dde922c1d.jpg,data_external/vcor_selected/candidate_pool/white/vcor_train_white_4dde922c1d.jpg,FC7_yesno_false_claim,phase2_format_control,phase2_format_control_FC7_yesno_false_claim,Is the main car black? Answer yes or no only.,format_control,yesno_false_claim,assertive,question_body,direct_false_claim,yes_no,yes_means_conflict_no_means_reject_false_claim,,internvl2_8b,InternVL2-8B,OpenGVLab/InternVL2-8B,bfloat16,cuda:0+cpu_offload,auto,1,2.6366,No.,ok,
vcor_train_white_4dde922c1d__FC8_yesno_report_correct,vcor_train_white_4dde922c1d,vcor_train_white_4dde922c1d.jpg,data_external/vcor_selected/candidate_pool/white/vcor_train_white_4dde922c1d.jpg,FC8_yesno_report_correct,phase2_format_control,phase2_format_control_FC8_yesno_report_correct,A report repeatedly says the main car is black. Is that report correct for the image? Answer yes or no only.,format_control,yesno_report_correct,stronger_open_conflict,question_body,repeated_false_report,yes_no,yes_means_conflict_no_means_reject_false_claim,,internvl2_8b,InternVL2-8B,OpenGVLab/InternVL2-8B,bfloat16,cuda:0+cpu_offload,auto,1,1.8551,No,ok,
vcor_train_white_54322230fe__FC1_free_neutral,vcor_train_white_54322230fe,vcor_train_white_54322230fe.jpg,data_external/vcor_selected/candidate_pool/white/vcor_train_white_54322230fe.jpg,FC1_free_neutral,phase2_format_control,phase2_format_control_FC1_free_neutral,What is the primary body color of the main car in this image? Answer with one color word only and do not explain.,format_control,free_neutral,neutral,none,none,free_color_word,one_color_word,,internvl2_8b,InternVL2-8B,OpenGVLab/InternVL2-8B,bfloat16,cuda:0+cpu_offload,auto,1,1.8635,white,ok,
vcor_train_white_54322230fe__FC2_free_c3,vcor_train_white_54322230fe,vcor_train_white_54322230fe.jpg,data_external/vcor_selected/candidate_pool/white/vcor_train_white_54322230fe.jpg,FC2_free_c3,phase2_format_control,phase2_format_control_FC2_free_c3,"When the main car is described as black, what color does the main car actually appear to be in the image? Answer with one color word only and do not explain.",format_control,free_c3_presupposition,presuppositional,question_body,presupposition,free_color_word,one_color_word,,internvl2_8b,InternVL2-8B,OpenGVLab/InternVL2-8B,bfloat16,cuda:0+cpu_offload,auto,1,1.8565,white,ok,
vcor_train_white_54322230fe__FC3_free_c4,vcor_train_white_54322230fe,vcor_train_white_54322230fe.jpg,data_external/vcor_selected/candidate_pool/white/vcor_train_white_54322230fe.jpg,FC3_free_c4,phase2_format_control,phase2_format_control_FC3_free_c4,"A report repeatedly refers to the main car as black, and the answer should name the main car's primary body color seen in the image. Answer with one color word only and do not explain.",format_control,free_c4_stronger_open,stronger_open_conflict,question_body,repeated_false_report,free_color_word,one_color_word,,internvl2_8b,InternVL2-8B,OpenGVLab/InternVL2-8B,bfloat16,cuda:0+cpu_offload,auto,1,1.8608,White,ok,
vcor_train_white_54322230fe__FC4_mc_neutral,vcor_train_white_54322230fe,vcor_train_white_54322230fe.jpg,data_external/vcor_selected/candidate_pool/white/vcor_train_white_54322230fe.jpg,FC4_mc_neutral,phase2_format_control,phase2_format_control_FC4_mc_neutral,"What is the primary body color of the main car in this image? Choose exactly one color label from this multiple-choice list: red, blue, green, yellow, black, white, other. Output the color label only.",format_control,multiple_choice_neutral,neutral,none,none,multiple_choice_label,one_label_from_multiple_choice,,internvl2_8b,InternVL2-8B,OpenGVLab/InternVL2-8B,bfloat16,cuda:0+cpu_offload,auto,1,1.8561,white,ok,
vcor_train_white_54322230fe__FC5_mc_c3,vcor_train_white_54322230fe,vcor_train_white_54322230fe.jpg,data_external/vcor_selected/candidate_pool/white/vcor_train_white_54322230fe.jpg,FC5_mc_c3,phase2_format_control,phase2_format_control_FC5_mc_c3,"When the main car is described as black, what color does the main car actually appear to be in the image? Choose exactly one color label from this multiple-choice list: red, blue, green, yellow, black, white, other. Output the color label only.",format_control,multiple_choice_c3_presupposition,presuppositional,question_body,presupposition,multiple_choice_label,one_label_from_multiple_choice,,internvl2_8b,InternVL2-8B,OpenGVLab/InternVL2-8B,bfloat16,cuda:0+cpu_offload,auto,1,1.8676,white,ok,
vcor_train_white_54322230fe__FC6_mc_c4,vcor_train_white_54322230fe,vcor_train_white_54322230fe.jpg,data_external/vcor_selected/candidate_pool/white/vcor_train_white_54322230fe.jpg,FC6_mc_c4,phase2_format_control,phase2_format_control_FC6_mc_c4,"A report repeatedly refers to the main car as black. What is the main car's primary body color seen in the image? Choose exactly one color label from this multiple-choice list: red, blue, green, yellow, black, white, other. Output the color label only.",format_control,multiple_choice_c4_stronger_open,stronger_open_conflict,question_body,repeated_false_report,multiple_choice_label,one_label_from_multiple_choice,,internvl2_8b,InternVL2-8B,OpenGVLab/InternVL2-8B,bfloat16,cuda:0+cpu_offload,auto,1,1.8867,white,ok,
vcor_train_white_54322230fe__FC7_yesno_false_claim,vcor_train_white_54322230fe,vcor_train_white_54322230fe.jpg,data_external/vcor_selected/candidate_pool/white/vcor_train_white_54322230fe.jpg,FC7_yesno_false_claim,phase2_format_control,phase2_format_control_FC7_yesno_false_claim,Is the main car black? Answer yes or no only.,format_control,yesno_false_claim,assertive,question_body,direct_false_claim,yes_no,yes_means_conflict_no_means_reject_false_claim,,internvl2_8b,InternVL2-8B,OpenGVLab/InternVL2-8B,bfloat16,cuda:0+cpu_offload,auto,1,1.8490,No,ok,
vcor_train_white_54322230fe__FC8_yesno_report_correct,vcor_train_white_54322230fe,vcor_train_white_54322230fe.jpg,data_external/vcor_selected/candidate_pool/white/vcor_train_white_54322230fe.jpg,FC8_yesno_report_correct,phase2_format_control,phase2_format_control_FC8_yesno_report_correct,A report repeatedly says the main car is black. Is that report correct for the image? Answer yes or no only.,format_control,yesno_report_correct,stronger_open_conflict,question_body,repeated_false_report,yes_no,yes_means_conflict_no_means_reject_false_claim,,internvl2_8b,InternVL2-8B,OpenGVLab/InternVL2-8B,bfloat16,cuda:0+cpu_offload,auto,1,1.8589,No,ok,
vcor_test_yellow_0c2de6cd26__FC1_free_neutral,vcor_test_yellow_0c2de6cd26,vcor_test_yellow_0c2de6cd26.jpg,data_external/vcor_selected/candidate_pool/yellow/vcor_test_yellow_0c2de6cd26.jpg,FC1_free_neutral,phase2_format_control,phase2_format_control_FC1_free_neutral,What is the primary body color of the main car in this image? Answer with one color word only and do not explain.,format_control,free_neutral,neutral,none,none,free_color_word,one_color_word,,internvl2_8b,InternVL2-8B,OpenGVLab/InternVL2-8B,bfloat16,cuda:0+cpu_offload,auto,1,1.8660,Yellow,ok,
vcor_test_yellow_0c2de6cd26__FC2_free_c3,vcor_test_yellow_0c2de6cd26,vcor_test_yellow_0c2de6cd26.jpg,data_external/vcor_selected/candidate_pool/yellow/vcor_test_yellow_0c2de6cd26.jpg,FC2_free_c3,phase2_format_control,phase2_format_control_FC2_free_c3,"When the main car is described as red, what color does the main car actually appear to be in the image? Answer with one color word only and do not explain.",format_control,free_c3_presupposition,presuppositional,question_body,presupposition,free_color_word,one_color_word,,internvl2_8b,InternVL2-8B,OpenGVLab/InternVL2-8B,bfloat16,cuda:0+cpu_offload,auto,1,1.8479,yellow,ok,
vcor_test_yellow_0c2de6cd26__FC3_free_c4,vcor_test_yellow_0c2de6cd26,vcor_test_yellow_0c2de6cd26.jpg,data_external/vcor_selected/candidate_pool/yellow/vcor_test_yellow_0c2de6cd26.jpg,FC3_free_c4,phase2_format_control,phase2_format_control_FC3_free_c4,"A report repeatedly refers to the main car as red, and the answer should name the main car's primary body color seen in the image. Answer with one color word only and do not explain.",format_control,free_c4_stronger_open,stronger_open_conflict,question_body,repeated_false_report,free_color_word,one_color_word,,internvl2_8b,InternVL2-8B,OpenGVLab/InternVL2-8B,bfloat16,cuda:0+cpu_offload,auto,1,1.8732,Yellow,ok,
vcor_test_yellow_0c2de6cd26__FC4_mc_neutral,vcor_test_yellow_0c2de6cd26,vcor_test_yellow_0c2de6cd26.jpg,data_external/vcor_selected/candidate_pool/yellow/vcor_test_yellow_0c2de6cd26.jpg,FC4_mc_neutral,phase2_format_control,phase2_format_control_FC4_mc_neutral,"What is the primary body color of the main car in this image? Choose exactly one color label from this multiple-choice list: red, blue, green, yellow, black, white, other. Output the color label only.",format_control,multiple_choice_neutral,neutral,none,none,multiple_choice_label,one_label_from_multiple_choice,,internvl2_8b,InternVL2-8B,OpenGVLab/InternVL2-8B,bfloat16,cuda:0+cpu_offload,auto,1,1.8683,yellow,ok,
vcor_test_yellow_0c2de6cd26__FC5_mc_c3,vcor_test_yellow_0c2de6cd26,vcor_test_yellow_0c2de6cd26.jpg,data_external/vcor_selected/candidate_pool/yellow/vcor_test_yellow_0c2de6cd26.jpg,FC5_mc_c3,phase2_format_control,phase2_format_control_FC5_mc_c3,"When the main car is described as red, what color does the main car actually appear to be in the image? Choose exactly one color label from this multiple-choice list: red, blue, green, yellow, black, white, other. Output the color label only.",format_control,multiple_choice_c3_presupposition,presuppositional,question_body,presupposition,multiple_choice_label,one_label_from_multiple_choice,,internvl2_8b,InternVL2-8B,OpenGVLab/InternVL2-8B,bfloat16,cuda:0+cpu_offload,auto,1,1.8696,yellow,ok,
vcor_test_yellow_0c2de6cd26__FC6_mc_c4,vcor_test_yellow_0c2de6cd26,vcor_test_yellow_0c2de6cd26.jpg,data_external/vcor_selected/candidate_pool/yellow/vcor_test_yellow_0c2de6cd26.jpg,FC6_mc_c4,phase2_format_control,phase2_format_control_FC6_mc_c4,"A report repeatedly refers to the main car as red. What is the main car's primary body color seen in the image? Choose exactly one color label from this multiple-choice list: red, blue, green, yellow, black, white, other. Output the color label only.",format_control,multiple_choice_c4_stronger_open,stronger_open_conflict,question_body,repeated_false_report,multiple_choice_label,one_label_from_multiple_choice,,internvl2_8b,InternVL2-8B,OpenGVLab/InternVL2-8B,bfloat16,cuda:0+cpu_offload,auto,1,1.8792,yellow,ok,
vcor_test_yellow_0c2de6cd26__FC7_yesno_false_claim,vcor_test_yellow_0c2de6cd26,vcor_test_yellow_0c2de6cd26.jpg,data_external/vcor_selected/candidate_pool/yellow/vcor_test_yellow_0c2de6cd26.jpg,FC7_yesno_false_claim,phase2_format_control,phase2_format_control_FC7_yesno_false_claim,Is the main car red? Answer yes or no only.,format_control,yesno_false_claim,assertive,question_body,direct_false_claim,yes_no,yes_means_conflict_no_means_reject_false_claim,,internvl2_8b,InternVL2-8B,OpenGVLab/InternVL2-8B,bfloat16,cuda:0+cpu_offload,auto,1,2.6043,No.,ok,
vcor_test_yellow_0c2de6cd26__FC8_yesno_report_correct,vcor_test_yellow_0c2de6cd26,vcor_test_yellow_0c2de6cd26.jpg,data_external/vcor_selected/candidate_pool/yellow/vcor_test_yellow_0c2de6cd26.jpg,FC8_yesno_report_correct,phase2_format_control,phase2_format_control_FC8_yesno_report_correct,A report repeatedly says the main car is red. Is that report correct for the image? Answer yes or no only.,format_control,yesno_report_correct,stronger_open_conflict,question_body,repeated_false_report,yes_no,yes_means_conflict_no_means_reject_false_claim,,internvl2_8b,InternVL2-8B,OpenGVLab/InternVL2-8B,bfloat16,cuda:0+cpu_offload,auto,1,1.8334,No,ok,
vcor_test_yellow_111c9b216d__FC1_free_neutral,vcor_test_yellow_111c9b216d,vcor_test_yellow_111c9b216d.jpg,data_external/vcor_selected/candidate_pool/yellow/vcor_test_yellow_111c9b216d.jpg,FC1_free_neutral,phase2_format_control,phase2_format_control_FC1_free_neutral,What is the primary body color of the main car in this image? Answer with one color word only and do not explain.,format_control,free_neutral,neutral,none,none,free_color_word,one_color_word,,internvl2_8b,InternVL2-8B,OpenGVLab/InternVL2-8B,bfloat16,cuda:0+cpu_offload,auto,1,1.8574,Yellow,ok,
vcor_test_yellow_111c9b216d__FC2_free_c3,vcor_test_yellow_111c9b216d,vcor_test_yellow_111c9b216d.jpg,data_external/vcor_selected/candidate_pool/yellow/vcor_test_yellow_111c9b216d.jpg,FC2_free_c3,phase2_format_control,phase2_format_control_FC2_free_c3,"When the main car is described as red, what color does the main car actually appear to be in the image? Answer with one color word only and do not explain.",format_control,free_c3_presupposition,presuppositional,question_body,presupposition,free_color_word,one_color_word,,internvl2_8b,InternVL2-8B,OpenGVLab/InternVL2-8B,bfloat16,cuda:0+cpu_offload,auto,1,1.8226,yellow,ok,
vcor_test_yellow_111c9b216d__FC3_free_c4,vcor_test_yellow_111c9b216d,vcor_test_yellow_111c9b216d.jpg,data_external/vcor_selected/candidate_pool/yellow/vcor_test_yellow_111c9b216d.jpg,FC3_free_c4,phase2_format_control,phase2_format_control_FC3_free_c4,"A report repeatedly refers to the main car as red, and the answer should name the main car's primary body color seen in the image. Answer with one color word only and do not explain.",format_control,free_c4_stronger_open,stronger_open_conflict,question_body,repeated_false_report,free_color_word,one_color_word,,internvl2_8b,InternVL2-8B,OpenGVLab/InternVL2-8B,bfloat16,cuda:0+cpu_offload,auto,1,1.8516,Yellow,ok,
vcor_test_yellow_111c9b216d__FC4_mc_neutral,vcor_test_yellow_111c9b216d,vcor_test_yellow_111c9b216d.jpg,data_external/vcor_selected/candidate_pool/yellow/vcor_test_yellow_111c9b216d.jpg,FC4_mc_neutral,phase2_format_control,phase2_format_control_FC4_mc_neutral,"What is the primary body color of the main car in this image? Choose exactly one color label from this multiple-choice list: red, blue, green, yellow, black, white, other. Output the color label only.",format_control,multiple_choice_neutral,neutral,none,none,multiple_choice_label,one_label_from_multiple_choice,,internvl2_8b,InternVL2-8B,OpenGVLab/InternVL2-8B,bfloat16,cuda:0+cpu_offload,auto,1,1.8671,yellow,ok,
vcor_test_yellow_111c9b216d__FC5_mc_c3,vcor_test_yellow_111c9b216d,vcor_test_yellow_111c9b216d.jpg,data_external/vcor_selected/candidate_pool/yellow/vcor_test_yellow_111c9b216d.jpg,FC5_mc_c3,phase2_format_control,phase2_format_control_FC5_mc_c3,"When the main car is described as red, what color does the main car actually appear to be in the image? Choose exactly one color label from this multiple-choice list: red, blue, green, yellow, black, white, other. Output the color label only.",format_control,multiple_choice_c3_presupposition,presuppositional,question_body,presupposition,multiple_choice_label,one_label_from_multiple_choice,,internvl2_8b,InternVL2-8B,OpenGVLab/InternVL2-8B,bfloat16,cuda:0+cpu_offload,auto,1,1.8763,yellow,ok,
vcor_test_yellow_111c9b216d__FC6_mc_c4,vcor_test_yellow_111c9b216d,vcor_test_yellow_111c9b216d.jpg,data_external/vcor_selected/candidate_pool/yellow/vcor_test_yellow_111c9b216d.jpg,FC6_mc_c4,phase2_format_control,phase2_format_control_FC6_mc_c4,"A report repeatedly refers to the main car as red. What is the main car's primary body color seen in the image? Choose exactly one color label from this multiple-choice list: red, blue, green, yellow, black, white, other. Output the color label only.",format_control,multiple_choice_c4_stronger_open,stronger_open_conflict,question_body,repeated_false_report,multiple_choice_label,one_label_from_multiple_choice,,internvl2_8b,InternVL2-8B,OpenGVLab/InternVL2-8B,bfloat16,cuda:0+cpu_offload,auto,1,1.8802,yellow,ok,
vcor_test_yellow_111c9b216d__FC7_yesno_false_claim,vcor_test_yellow_111c9b216d,vcor_test_yellow_111c9b216d.jpg,data_external/vcor_selected/candidate_pool/yellow/vcor_test_yellow_111c9b216d.jpg,FC7_yesno_false_claim,phase2_format_control,phase2_format_control_FC7_yesno_false_claim,Is the main car red? Answer yes or no only.,format_control,yesno_false_claim,assertive,question_body,direct_false_claim,yes_no,yes_means_conflict_no_means_reject_false_claim,,internvl2_8b,InternVL2-8B,OpenGVLab/InternVL2-8B,bfloat16,cuda:0+cpu_offload,auto,1,1.8659,No,ok,
vcor_test_yellow_111c9b216d__FC8_yesno_report_correct,vcor_test_yellow_111c9b216d,vcor_test_yellow_111c9b216d.jpg,data_external/vcor_selected/candidate_pool/yellow/vcor_test_yellow_111c9b216d.jpg,FC8_yesno_report_correct,phase2_format_control,phase2_format_control_FC8_yesno_report_correct,A report repeatedly says the main car is red. Is that report correct for the image? Answer yes or no only.,format_control,yesno_report_correct,stronger_open_conflict,question_body,repeated_false_report,yes_no,yes_means_conflict_no_means_reject_false_claim,,internvl2_8b,InternVL2-8B,OpenGVLab/InternVL2-8B,bfloat16,cuda:0+cpu_offload,auto,1,1.8685,No,ok,
vcor_test_yellow_15dea061ce__FC1_free_neutral,vcor_test_yellow_15dea061ce,vcor_test_yellow_15dea061ce.jpg,data_external/vcor_selected/candidate_pool/yellow/vcor_test_yellow_15dea061ce.jpg,FC1_free_neutral,phase2_format_control,phase2_format_control_FC1_free_neutral,What is the primary body color of the main car in this image? Answer with one color word only and do not explain.,format_control,free_neutral,neutral,none,none,free_color_word,one_color_word,,internvl2_8b,InternVL2-8B,OpenGVLab/InternVL2-8B,bfloat16,cuda:0+cpu_offload,auto,1,1.8694,Yellow,ok,
vcor_test_yellow_15dea061ce__FC2_free_c3,vcor_test_yellow_15dea061ce,vcor_test_yellow_15dea061ce.jpg,data_external/vcor_selected/candidate_pool/yellow/vcor_test_yellow_15dea061ce.jpg,FC2_free_c3,phase2_format_control,phase2_format_control_FC2_free_c3,"When the main car is described as red, what color does the main car actually appear to be in the image? Answer with one color word only and do not explain.",format_control,free_c3_presupposition,presuppositional,question_body,presupposition,free_color_word,one_color_word,,internvl2_8b,InternVL2-8B,OpenGVLab/InternVL2-8B,bfloat16,cuda:0+cpu_offload,auto,1,1.8527,yellow,ok,
vcor_test_yellow_15dea061ce__FC3_free_c4,vcor_test_yellow_15dea061ce,vcor_test_yellow_15dea061ce.jpg,data_external/vcor_selected/candidate_pool/yellow/vcor_test_yellow_15dea061ce.jpg,FC3_free_c4,phase2_format_control,phase2_format_control_FC3_free_c4,"A report repeatedly refers to the main car as red, and the answer should name the main car's primary body color seen in the image. Answer with one color word only and do not explain.",format_control,free_c4_stronger_open,stronger_open_conflict,question_body,repeated_false_report,free_color_word,one_color_word,,internvl2_8b,InternVL2-8B,OpenGVLab/InternVL2-8B,bfloat16,cuda:0+cpu_offload,auto,1,1.8987,Yellow,ok,
vcor_test_yellow_15dea061ce__FC4_mc_neutral,vcor_test_yellow_15dea061ce,vcor_test_yellow_15dea061ce.jpg,data_external/vcor_selected/candidate_pool/yellow/vcor_test_yellow_15dea061ce.jpg,FC4_mc_neutral,phase2_format_control,phase2_format_control_FC4_mc_neutral,"What is the primary body color of the main car in this image? Choose exactly one color label from this multiple-choice list: red, blue, green, yellow, black, white, other. Output the color label only.",format_control,multiple_choice_neutral,neutral,none,none,multiple_choice_label,one_label_from_multiple_choice,,internvl2_8b,InternVL2-8B,OpenGVLab/InternVL2-8B,bfloat16,cuda:0+cpu_offload,auto,1,1.8924,yellow,ok,
vcor_test_yellow_15dea061ce__FC5_mc_c3,vcor_test_yellow_15dea061ce,vcor_test_yellow_15dea061ce.jpg,data_external/vcor_selected/candidate_pool/yellow/vcor_test_yellow_15dea061ce.jpg,FC5_mc_c3,phase2_format_control,phase2_format_control_FC5_mc_c3,"When the main car is described as red, what color does the main car actually appear to be in the image? Choose exactly one color label from this multiple-choice list: red, blue, green, yellow, black, white, other. Output the color label only.",format_control,multiple_choice_c3_presupposition,presuppositional,question_body,presupposition,multiple_choice_label,one_label_from_multiple_choice,,internvl2_8b,InternVL2-8B,OpenGVLab/InternVL2-8B,bfloat16,cuda:0+cpu_offload,auto,1,1.8933,yellow,ok,
vcor_test_yellow_15dea061ce__FC6_mc_c4,vcor_test_yellow_15dea061ce,vcor_test_yellow_15dea061ce.jpg,data_external/vcor_selected/candidate_pool/yellow/vcor_test_yellow_15dea061ce.jpg,FC6_mc_c4,phase2_format_control,phase2_format_control_FC6_mc_c4,"A report repeatedly refers to the main car as red. What is the main car's primary body color seen in the image? Choose exactly one color label from this multiple-choice list: red, blue, green, yellow, black, white, other. Output the color label only.",format_control,multiple_choice_c4_stronger_open,stronger_open_conflict,question_body,repeated_false_report,multiple_choice_label,one_label_from_multiple_choice,,internvl2_8b,InternVL2-8B,OpenGVLab/InternVL2-8B,bfloat16,cuda:0+cpu_offload,auto,1,1.8697,yellow,ok,
vcor_test_yellow_15dea061ce__FC7_yesno_false_claim,vcor_test_yellow_15dea061ce,vcor_test_yellow_15dea061ce.jpg,data_external/vcor_selected/candidate_pool/yellow/vcor_test_yellow_15dea061ce.jpg,FC7_yesno_false_claim,phase2_format_control,phase2_format_control_FC7_yesno_false_claim,Is the main car red? Answer yes or no only.,format_control,yesno_false_claim,assertive,question_body,direct_false_claim,yes_no,yes_means_conflict_no_means_reject_false_claim,,internvl2_8b,InternVL2-8B,OpenGVLab/InternVL2-8B,bfloat16,cuda:0+cpu_offload,auto,1,2.6381,No.,ok,
vcor_test_yellow_15dea061ce__FC8_yesno_report_correct,vcor_test_yellow_15dea061ce,vcor_test_yellow_15dea061ce.jpg,data_external/vcor_selected/candidate_pool/yellow/vcor_test_yellow_15dea061ce.jpg,FC8_yesno_report_correct,phase2_format_control,phase2_format_control_FC8_yesno_report_correct,A report repeatedly says the main car is red. Is that report correct for the image? Answer yes or no only.,format_control,yesno_report_correct,stronger_open_conflict,question_body,repeated_false_report,yes_no,yes_means_conflict_no_means_reject_false_claim,,internvl2_8b,InternVL2-8B,OpenGVLab/InternVL2-8B,bfloat16,cuda:0+cpu_offload,auto,1,1.8640,No,ok,
vcor_test_yellow_181360906a__FC1_free_neutral,vcor_test_yellow_181360906a,vcor_test_yellow_181360906a.jpg,data_external/vcor_selected/candidate_pool/yellow/vcor_test_yellow_181360906a.jpg,FC1_free_neutral,phase2_format_control,phase2_format_control_FC1_free_neutral,What is the primary body color of the main car in this image? Answer with one color word only and do not explain.,format_control,free_neutral,neutral,none,none,free_color_word,one_color_word,,internvl2_8b,InternVL2-8B,OpenGVLab/InternVL2-8B,bfloat16,cuda:0+cpu_offload,auto,1,1.8784,yellow,ok,
vcor_test_yellow_181360906a__FC2_free_c3,vcor_test_yellow_181360906a,vcor_test_yellow_181360906a.jpg,data_external/vcor_selected/candidate_pool/yellow/vcor_test_yellow_181360906a.jpg,FC2_free_c3,phase2_format_control,phase2_format_control_FC2_free_c3,"When the main car is described as red, what color does the main car actually appear to be in the image? Answer with one color word only and do not explain.",format_control,free_c3_presupposition,presuppositional,question_body,presupposition,free_color_word,one_color_word,,internvl2_8b,InternVL2-8B,OpenGVLab/InternVL2-8B,bfloat16,cuda:0+cpu_offload,auto,1,1.8621,yellow,ok,
vcor_test_yellow_181360906a__FC3_free_c4,vcor_test_yellow_181360906a,vcor_test_yellow_181360906a.jpg,data_external/vcor_selected/candidate_pool/yellow/vcor_test_yellow_181360906a.jpg,FC3_free_c4,phase2_format_control,phase2_format_control_FC3_free_c4,"A report repeatedly refers to the main car as red, and the answer should name the main car's primary body color seen in the image. Answer with one color word only and do not explain.",format_control,free_c4_stronger_open,stronger_open_conflict,question_body,repeated_false_report,free_color_word,one_color_word,,internvl2_8b,InternVL2-8B,OpenGVLab/InternVL2-8B,bfloat16,cuda:0+cpu_offload,auto,1,1.9050,yellow,ok,
vcor_test_yellow_181360906a__FC4_mc_neutral,vcor_test_yellow_181360906a,vcor_test_yellow_181360906a.jpg,data_external/vcor_selected/candidate_pool/yellow/vcor_test_yellow_181360906a.jpg,FC4_mc_neutral,phase2_format_control,phase2_format_control_FC4_mc_neutral,"What is the primary body color of the main car in this image? Choose exactly one color label from this multiple-choice list: red, blue, green, yellow, black, white, other. Output the color label only.",format_control,multiple_choice_neutral,neutral,none,none,multiple_choice_label,one_label_from_multiple_choice,,internvl2_8b,InternVL2-8B,OpenGVLab/InternVL2-8B,bfloat16,cuda:0+cpu_offload,auto,1,1.9057,yellow,ok,
vcor_test_yellow_181360906a__FC5_mc_c3,vcor_test_yellow_181360906a,vcor_test_yellow_181360906a.jpg,data_external/vcor_selected/candidate_pool/yellow/vcor_test_yellow_181360906a.jpg,FC5_mc_c3,phase2_format_control,phase2_format_control_FC5_mc_c3,"When the main car is described as red, what color does the main car actually appear to be in the image? Choose exactly one color label from this multiple-choice list: red, blue, green, yellow, black, white, other. Output the color label only.",format_control,multiple_choice_c3_presupposition,presuppositional,question_body,presupposition,multiple_choice_label,one_label_from_multiple_choice,,internvl2_8b,InternVL2-8B,OpenGVLab/InternVL2-8B,bfloat16,cuda:0+cpu_offload,auto,1,1.9138,yellow,ok,
vcor_test_yellow_181360906a__FC6_mc_c4,vcor_test_yellow_181360906a,vcor_test_yellow_181360906a.jpg,data_external/vcor_selected/candidate_pool/yellow/vcor_test_yellow_181360906a.jpg,FC6_mc_c4,phase2_format_control,phase2_format_control_FC6_mc_c4,"A report repeatedly refers to the main car as red. What is the main car's primary body color seen in the image? Choose exactly one color label from this multiple-choice list: red, blue, green, yellow, black, white, other. Output the color label only.",format_control,multiple_choice_c4_stronger_open,stronger_open_conflict,question_body,repeated_false_report,multiple_choice_label,one_label_from_multiple_choice,,internvl2_8b,InternVL2-8B,OpenGVLab/InternVL2-8B,bfloat16,cuda:0+cpu_offload,auto,1,1.9247,yellow,ok,
vcor_test_yellow_181360906a__FC7_yesno_false_claim,vcor_test_yellow_181360906a,vcor_test_yellow_181360906a.jpg,data_external/vcor_selected/candidate_pool/yellow/vcor_test_yellow_181360906a.jpg,FC7_yesno_false_claim,phase2_format_control,phase2_format_control_FC7_yesno_false_claim,Is the main car red? Answer yes or no only.,format_control,yesno_false_claim,assertive,question_body,direct_false_claim,yes_no,yes_means_conflict_no_means_reject_false_claim,,internvl2_8b,InternVL2-8B,OpenGVLab/InternVL2-8B,bfloat16,cuda:0+cpu_offload,auto,1,2.7054,No.,ok,
vcor_test_yellow_181360906a__FC8_yesno_report_correct,vcor_test_yellow_181360906a,vcor_test_yellow_181360906a.jpg,data_external/vcor_selected/candidate_pool/yellow/vcor_test_yellow_181360906a.jpg,FC8_yesno_report_correct,phase2_format_control,phase2_format_control_FC8_yesno_report_correct,A report repeatedly says the main car is red. Is that report correct for the image? Answer yes or no only.,format_control,yesno_report_correct,stronger_open_conflict,question_body,repeated_false_report,yes_no,yes_means_conflict_no_means_reject_false_claim,,internvl2_8b,InternVL2-8B,OpenGVLab/InternVL2-8B,bfloat16,cuda:0+cpu_offload,auto,1,2.6941,No.,ok,
vcor_test_yellow_3b1d2fa14e__FC1_free_neutral,vcor_test_yellow_3b1d2fa14e,vcor_test_yellow_3b1d2fa14e.jpg,data_external/vcor_selected/candidate_pool/yellow/vcor_test_yellow_3b1d2fa14e.jpg,FC1_free_neutral,phase2_format_control,phase2_format_control_FC1_free_neutral,What is the primary body color of the main car in this image? Answer with one color word only and do not explain.,format_control,free_neutral,neutral,none,none,free_color_word,one_color_word,,internvl2_8b,InternVL2-8B,OpenGVLab/InternVL2-8B,bfloat16,cuda:0+cpu_offload,auto,1,1.8903,Yellow,ok,
vcor_test_yellow_3b1d2fa14e__FC2_free_c3,vcor_test_yellow_3b1d2fa14e,vcor_test_yellow_3b1d2fa14e.jpg,data_external/vcor_selected/candidate_pool/yellow/vcor_test_yellow_3b1d2fa14e.jpg,FC2_free_c3,phase2_format_control,phase2_format_control_FC2_free_c3,"When the main car is described as red, what color does the main car actually appear to be in the image? Answer with one color word only and do not explain.",format_control,free_c3_presupposition,presuppositional,question_body,presupposition,free_color_word,one_color_word,,internvl2_8b,InternVL2-8B,OpenGVLab/InternVL2-8B,bfloat16,cuda:0+cpu_offload,auto,1,1.9172,yellow,ok,
vcor_test_yellow_3b1d2fa14e__FC3_free_c4,vcor_test_yellow_3b1d2fa14e,vcor_test_yellow_3b1d2fa14e.jpg,data_external/vcor_selected/candidate_pool/yellow/vcor_test_yellow_3b1d2fa14e.jpg,FC3_free_c4,phase2_format_control,phase2_format_control_FC3_free_c4,"A report repeatedly refers to the main car as red, and the answer should name the main car's primary body color seen in the image. Answer with one color word only and do not explain.",format_control,free_c4_stronger_open,stronger_open_conflict,question_body,repeated_false_report,free_color_word,one_color_word,,internvl2_8b,InternVL2-8B,OpenGVLab/InternVL2-8B,bfloat16,cuda:0+cpu_offload,auto,1,1.9124,Yellow,ok,
vcor_test_yellow_3b1d2fa14e__FC4_mc_neutral,vcor_test_yellow_3b1d2fa14e,vcor_test_yellow_3b1d2fa14e.jpg,data_external/vcor_selected/candidate_pool/yellow/vcor_test_yellow_3b1d2fa14e.jpg,FC4_mc_neutral,phase2_format_control,phase2_format_control_FC4_mc_neutral,"What is the primary body color of the main car in this image? Choose exactly one color label from this multiple-choice list: red, blue, green, yellow, black, white, other. Output the color label only.",format_control,multiple_choice_neutral,neutral,none,none,multiple_choice_label,one_label_from_multiple_choice,,internvl2_8b,InternVL2-8B,OpenGVLab/InternVL2-8B,bfloat16,cuda:0+cpu_offload,auto,1,1.8966,yellow,ok,
vcor_test_yellow_3b1d2fa14e__FC5_mc_c3,vcor_test_yellow_3b1d2fa14e,vcor_test_yellow_3b1d2fa14e.jpg,data_external/vcor_selected/candidate_pool/yellow/vcor_test_yellow_3b1d2fa14e.jpg,FC5_mc_c3,phase2_format_control,phase2_format_control_FC5_mc_c3,"When the main car is described as red, what color does the main car actually appear to be in the image? Choose exactly one color label from this multiple-choice list: red, blue, green, yellow, black, white, other. Output the color label only.",format_control,multiple_choice_c3_presupposition,presuppositional,question_body,presupposition,multiple_choice_label,one_label_from_multiple_choice,,internvl2_8b,InternVL2-8B,OpenGVLab/InternVL2-8B,bfloat16,cuda:0+cpu_offload,auto,1,1.9152,yellow,ok,
vcor_test_yellow_3b1d2fa14e__FC6_mc_c4,vcor_test_yellow_3b1d2fa14e,vcor_test_yellow_3b1d2fa14e.jpg,data_external/vcor_selected/candidate_pool/yellow/vcor_test_yellow_3b1d2fa14e.jpg,FC6_mc_c4,phase2_format_control,phase2_format_control_FC6_mc_c4,"A report repeatedly refers to the main car as red. What is the main car's primary body color seen in the image? Choose exactly one color label from this multiple-choice list: red, blue, green, yellow, black, white, other. Output the color label only.",format_control,multiple_choice_c4_stronger_open,stronger_open_conflict,question_body,repeated_false_report,multiple_choice_label,one_label_from_multiple_choice,,internvl2_8b,InternVL2-8B,OpenGVLab/InternVL2-8B,bfloat16,cuda:0+cpu_offload,auto,1,1.9071,yellow,ok,
vcor_test_yellow_3b1d2fa14e__FC7_yesno_false_claim,vcor_test_yellow_3b1d2fa14e,vcor_test_yellow_3b1d2fa14e.jpg,data_external/vcor_selected/candidate_pool/yellow/vcor_test_yellow_3b1d2fa14e.jpg,FC7_yesno_false_claim,phase2_format_control,phase2_format_control_FC7_yesno_false_claim,Is the main car red? Answer yes or no only.,format_control,yesno_false_claim,assertive,question_body,direct_false_claim,yes_no,yes_means_conflict_no_means_reject_false_claim,,internvl2_8b,InternVL2-8B,OpenGVLab/InternVL2-8B,bfloat16,cuda:0+cpu_offload,auto,1,2.6808,No.,ok,
vcor_test_yellow_3b1d2fa14e__FC8_yesno_report_correct,vcor_test_yellow_3b1d2fa14e,vcor_test_yellow_3b1d2fa14e.jpg,data_external/vcor_selected/candidate_pool/yellow/vcor_test_yellow_3b1d2fa14e.jpg,FC8_yesno_report_correct,phase2_format_control,phase2_format_control_FC8_yesno_report_correct,A report repeatedly says the main car is red. Is that report correct for the image? Answer yes or no only.,format_control,yesno_report_correct,stronger_open_conflict,question_body,repeated_false_report,yes_no,yes_means_conflict_no_means_reject_false_claim,,internvl2_8b,InternVL2-8B,OpenGVLab/InternVL2-8B,bfloat16,cuda:0+cpu_offload,auto,1,1.9053,No,ok,
vcor_test_yellow_3e762c1baf__FC1_free_neutral,vcor_test_yellow_3e762c1baf,vcor_test_yellow_3e762c1baf.jpg,data_external/vcor_selected/candidate_pool/yellow/vcor_test_yellow_3e762c1baf.jpg,FC1_free_neutral,phase2_format_control,phase2_format_control_FC1_free_neutral,What is the primary body color of the main car in this image? Answer with one color word only and do not explain.,format_control,free_neutral,neutral,none,none,free_color_word,one_color_word,,internvl2_8b,InternVL2-8B,OpenGVLab/InternVL2-8B,bfloat16,cuda:0+cpu_offload,auto,1,1.9037,Yellow,ok,
vcor_test_yellow_3e762c1baf__FC2_free_c3,vcor_test_yellow_3e762c1baf,vcor_test_yellow_3e762c1baf.jpg,data_external/vcor_selected/candidate_pool/yellow/vcor_test_yellow_3e762c1baf.jpg,FC2_free_c3,phase2_format_control,phase2_format_control_FC2_free_c3,"When the main car is described as red, what color does the main car actually appear to be in the image? Answer with one color word only and do not explain.",format_control,free_c3_presupposition,presuppositional,question_body,presupposition,free_color_word,one_color_word,,internvl2_8b,InternVL2-8B,OpenGVLab/InternVL2-8B,bfloat16,cuda:0+cpu_offload,auto,1,1.8960,Yellow,ok,
vcor_test_yellow_3e762c1baf__FC3_free_c4,vcor_test_yellow_3e762c1baf,vcor_test_yellow_3e762c1baf.jpg,data_external/vcor_selected/candidate_pool/yellow/vcor_test_yellow_3e762c1baf.jpg,FC3_free_c4,phase2_format_control,phase2_format_control_FC3_free_c4,"A report repeatedly refers to the main car as red, and the answer should name the main car's primary body color seen in the image. Answer with one color word only and do not explain.",format_control,free_c4_stronger_open,stronger_open_conflict,question_body,repeated_false_report,free_color_word,one_color_word,,internvl2_8b,InternVL2-8B,OpenGVLab/InternVL2-8B,bfloat16,cuda:0+cpu_offload,auto,1,1.9139,Yellow,ok,
vcor_test_yellow_3e762c1baf__FC4_mc_neutral,vcor_test_yellow_3e762c1baf,vcor_test_yellow_3e762c1baf.jpg,data_external/vcor_selected/candidate_pool/yellow/vcor_test_yellow_3e762c1baf.jpg,FC4_mc_neutral,phase2_format_control,phase2_format_control_FC4_mc_neutral,"What is the primary body color of the main car in this image? Choose exactly one color label from this multiple-choice list: red, blue, green, yellow, black, white, other. Output the color label only.",format_control,multiple_choice_neutral,neutral,none,none,multiple_choice_label,one_label_from_multiple_choice,,internvl2_8b,InternVL2-8B,OpenGVLab/InternVL2-8B,bfloat16,cuda:0+cpu_offload,auto,1,1.9137,yellow,ok,
vcor_test_yellow_3e762c1baf__FC5_mc_c3,vcor_test_yellow_3e762c1baf,vcor_test_yellow_3e762c1baf.jpg,data_external/vcor_selected/candidate_pool/yellow/vcor_test_yellow_3e762c1baf.jpg,FC5_mc_c3,phase2_format_control,phase2_format_control_FC5_mc_c3,"When the main car is described as red, what color does the main car actually appear to be in the image? Choose exactly one color label from this multiple-choice list: red, blue, green, yellow, black, white, other. Output the color label only.",format_control,multiple_choice_c3_presupposition,presuppositional,question_body,presupposition,multiple_choice_label,one_label_from_multiple_choice,,internvl2_8b,InternVL2-8B,OpenGVLab/InternVL2-8B,bfloat16,cuda:0+cpu_offload,auto,1,1.8825,yellow,ok,
vcor_test_yellow_3e762c1baf__FC6_mc_c4,vcor_test_yellow_3e762c1baf,vcor_test_yellow_3e762c1baf.jpg,data_external/vcor_selected/candidate_pool/yellow/vcor_test_yellow_3e762c1baf.jpg,FC6_mc_c4,phase2_format_control,phase2_format_control_FC6_mc_c4,"A report repeatedly refers to the main car as red. What is the main car's primary body color seen in the image? Choose exactly one color label from this multiple-choice list: red, blue, green, yellow, black, white, other. Output the color label only.",format_control,multiple_choice_c4_stronger_open,stronger_open_conflict,question_body,repeated_false_report,multiple_choice_label,one_label_from_multiple_choice,,internvl2_8b,InternVL2-8B,OpenGVLab/InternVL2-8B,bfloat16,cuda:0+cpu_offload,auto,1,1.9296,yellow,ok,
vcor_test_yellow_3e762c1baf__FC7_yesno_false_claim,vcor_test_yellow_3e762c1baf,vcor_test_yellow_3e762c1baf.jpg,data_external/vcor_selected/candidate_pool/yellow/vcor_test_yellow_3e762c1baf.jpg,FC7_yesno_false_claim,phase2_format_control,phase2_format_control_FC7_yesno_false_claim,Is the main car red? Answer yes or no only.,format_control,yesno_false_claim,assertive,question_body,direct_false_claim,yes_no,yes_means_conflict_no_means_reject_false_claim,,internvl2_8b,InternVL2-8B,OpenGVLab/InternVL2-8B,bfloat16,cuda:0+cpu_offload,auto,1,2.7097,No.,ok,
vcor_test_yellow_3e762c1baf__FC8_yesno_report_correct,vcor_test_yellow_3e762c1baf,vcor_test_yellow_3e762c1baf.jpg,data_external/vcor_selected/candidate_pool/yellow/vcor_test_yellow_3e762c1baf.jpg,FC8_yesno_report_correct,phase2_format_control,phase2_format_control_FC8_yesno_report_correct,A report repeatedly says the main car is red. Is that report correct for the image? Answer yes or no only.,format_control,yesno_report_correct,stronger_open_conflict,question_body,repeated_false_report,yes_no,yes_means_conflict_no_means_reject_false_claim,,internvl2_8b,InternVL2-8B,OpenGVLab/InternVL2-8B,bfloat16,cuda:0+cpu_offload,auto,1,1.8944,No,ok,
vcor_test_yellow_40de3f8a8f__FC1_free_neutral,vcor_test_yellow_40de3f8a8f,vcor_test_yellow_40de3f8a8f.jpg,data_external/vcor_selected/candidate_pool/yellow/vcor_test_yellow_40de3f8a8f.jpg,FC1_free_neutral,phase2_format_control,phase2_format_control_FC1_free_neutral,What is the primary body color of the main car in this image? Answer with one color word only and do not explain.,format_control,free_neutral,neutral,none,none,free_color_word,one_color_word,,internvl2_8b,InternVL2-8B,OpenGVLab/InternVL2-8B,bfloat16,cuda:0+cpu_offload,auto,1,1.8991,yellow,ok,
vcor_test_yellow_40de3f8a8f__FC2_free_c3,vcor_test_yellow_40de3f8a8f,vcor_test_yellow_40de3f8a8f.jpg,data_external/vcor_selected/candidate_pool/yellow/vcor_test_yellow_40de3f8a8f.jpg,FC2_free_c3,phase2_format_control,phase2_format_control_FC2_free_c3,"When the main car is described as red, what color does the main car actually appear to be in the image? Answer with one color word only and do not explain.",format_control,free_c3_presupposition,presuppositional,question_body,presupposition,free_color_word,one_color_word,,internvl2_8b,InternVL2-8B,OpenGVLab/InternVL2-8B,bfloat16,cuda:0+cpu_offload,auto,1,1.8987,yellow,ok,
vcor_test_yellow_40de3f8a8f__FC3_free_c4,vcor_test_yellow_40de3f8a8f,vcor_test_yellow_40de3f8a8f.jpg,data_external/vcor_selected/candidate_pool/yellow/vcor_test_yellow_40de3f8a8f.jpg,FC3_free_c4,phase2_format_control,phase2_format_control_FC3_free_c4,"A report repeatedly refers to the main car as red, and the answer should name the main car's primary body color seen in the image. Answer with one color word only and do not explain.",format_control,free_c4_stronger_open,stronger_open_conflict,question_body,repeated_false_report,free_color_word,one_color_word,,internvl2_8b,InternVL2-8B,OpenGVLab/InternVL2-8B,bfloat16,cuda:0+cpu_offload,auto,1,1.9152,Yellow,ok,
vcor_test_yellow_40de3f8a8f__FC4_mc_neutral,vcor_test_yellow_40de3f8a8f,vcor_test_yellow_40de3f8a8f.jpg,data_external/vcor_selected/candidate_pool/yellow/vcor_test_yellow_40de3f8a8f.jpg,FC4_mc_neutral,phase2_format_control,phase2_format_control_FC4_mc_neutral,"What is the primary body color of the main car in this image? Choose exactly one color label from this multiple-choice list: red, blue, green, yellow, black, white, other. Output the color label only.",format_control,multiple_choice_neutral,neutral,none,none,multiple_choice_label,one_label_from_multiple_choice,,internvl2_8b,InternVL2-8B,OpenGVLab/InternVL2-8B,bfloat16,cuda:0+cpu_offload,auto,1,1.8996,yellow,ok,
vcor_test_yellow_40de3f8a8f__FC5_mc_c3,vcor_test_yellow_40de3f8a8f,vcor_test_yellow_40de3f8a8f.jpg,data_external/vcor_selected/candidate_pool/yellow/vcor_test_yellow_40de3f8a8f.jpg,FC5_mc_c3,phase2_format_control,phase2_format_control_FC5_mc_c3,"When the main car is described as red, what color does the main car actually appear to be in the image? Choose exactly one color label from this multiple-choice list: red, blue, green, yellow, black, white, other. Output the color label only.",format_control,multiple_choice_c3_presupposition,presuppositional,question_body,presupposition,multiple_choice_label,one_label_from_multiple_choice,,internvl2_8b,InternVL2-8B,OpenGVLab/InternVL2-8B,bfloat16,cuda:0+cpu_offload,auto,1,1.8999,yellow,ok,
vcor_test_yellow_40de3f8a8f__FC6_mc_c4,vcor_test_yellow_40de3f8a8f,vcor_test_yellow_40de3f8a8f.jpg,data_external/vcor_selected/candidate_pool/yellow/vcor_test_yellow_40de3f8a8f.jpg,FC6_mc_c4,phase2_format_control,phase2_format_control_FC6_mc_c4,"A report repeatedly refers to the main car as red. What is the main car's primary body color seen in the image? Choose exactly one color label from this multiple-choice list: red, blue, green, yellow, black, white, other. Output the color label only.",format_control,multiple_choice_c4_stronger_open,stronger_open_conflict,question_body,repeated_false_report,multiple_choice_label,one_label_from_multiple_choice,,internvl2_8b,InternVL2-8B,OpenGVLab/InternVL2-8B,bfloat16,cuda:0+cpu_offload,auto,1,1.9119,yellow,ok,
vcor_test_yellow_40de3f8a8f__FC7_yesno_false_claim,vcor_test_yellow_40de3f8a8f,vcor_test_yellow_40de3f8a8f.jpg,data_external/vcor_selected/candidate_pool/yellow/vcor_test_yellow_40de3f8a8f.jpg,FC7_yesno_false_claim,phase2_format_control,phase2_format_control_FC7_yesno_false_claim,Is the main car red? Answer yes or no only.,format_control,yesno_false_claim,assertive,question_body,direct_false_claim,yes_no,yes_means_conflict_no_means_reject_false_claim,,internvl2_8b,InternVL2-8B,OpenGVLab/InternVL2-8B,bfloat16,cuda:0+cpu_offload,auto,1,2.7171,No.,ok,
vcor_test_yellow_40de3f8a8f__FC8_yesno_report_correct,vcor_test_yellow_40de3f8a8f,vcor_test_yellow_40de3f8a8f.jpg,data_external/vcor_selected/candidate_pool/yellow/vcor_test_yellow_40de3f8a8f.jpg,FC8_yesno_report_correct,phase2_format_control,phase2_format_control_FC8_yesno_report_correct,A report repeatedly says the main car is red. Is that report correct for the image? Answer yes or no only.,format_control,yesno_report_correct,stronger_open_conflict,question_body,repeated_false_report,yes_no,yes_means_conflict_no_means_reject_false_claim,,internvl2_8b,InternVL2-8B,OpenGVLab/InternVL2-8B,bfloat16,cuda:0+cpu_offload,auto,1,2.6978,No.,ok,
vcor_test_yellow_5e0bd2bc16__FC1_free_neutral,vcor_test_yellow_5e0bd2bc16,vcor_test_yellow_5e0bd2bc16.jpg,data_external/vcor_selected/candidate_pool/yellow/vcor_test_yellow_5e0bd2bc16.jpg,FC1_free_neutral,phase2_format_control,phase2_format_control_FC1_free_neutral,What is the primary body color of the main car in this image? Answer with one color word only and do not explain.,format_control,free_neutral,neutral,none,none,free_color_word,one_color_word,,internvl2_8b,InternVL2-8B,OpenGVLab/InternVL2-8B,bfloat16,cuda:0+cpu_offload,auto,1,1.9056,yellow,ok,
vcor_test_yellow_5e0bd2bc16__FC2_free_c3,vcor_test_yellow_5e0bd2bc16,vcor_test_yellow_5e0bd2bc16.jpg,data_external/vcor_selected/candidate_pool/yellow/vcor_test_yellow_5e0bd2bc16.jpg,FC2_free_c3,phase2_format_control,phase2_format_control_FC2_free_c3,"When the main car is described as red, what color does the main car actually appear to be in the image? Answer with one color word only and do not explain.",format_control,free_c3_presupposition,presuppositional,question_body,presupposition,free_color_word,one_color_word,,internvl2_8b,InternVL2-8B,OpenGVLab/InternVL2-8B,bfloat16,cuda:0+cpu_offload,auto,1,1.8829,yellow,ok,
vcor_test_yellow_5e0bd2bc16__FC3_free_c4,vcor_test_yellow_5e0bd2bc16,vcor_test_yellow_5e0bd2bc16.jpg,data_external/vcor_selected/candidate_pool/yellow/vcor_test_yellow_5e0bd2bc16.jpg,FC3_free_c4,phase2_format_control,phase2_format_control_FC3_free_c4,"A report repeatedly refers to the main car as red, and the answer should name the main car's primary body color seen in the image. Answer with one color word only and do not explain.",format_control,free_c4_stronger_open,stronger_open_conflict,question_body,repeated_false_report,free_color_word,one_color_word,,internvl2_8b,InternVL2-8B,OpenGVLab/InternVL2-8B,bfloat16,cuda:0+cpu_offload,auto,1,1.8757,Yellow,ok,
vcor_test_yellow_5e0bd2bc16__FC4_mc_neutral,vcor_test_yellow_5e0bd2bc16,vcor_test_yellow_5e0bd2bc16.jpg,data_external/vcor_selected/candidate_pool/yellow/vcor_test_yellow_5e0bd2bc16.jpg,FC4_mc_neutral,phase2_format_control,phase2_format_control_FC4_mc_neutral,"What is the primary body color of the main car in this image? Choose exactly one color label from this multiple-choice list: red, blue, green, yellow, black, white, other. Output the color label only.",format_control,multiple_choice_neutral,neutral,none,none,multiple_choice_label,one_label_from_multiple_choice,,internvl2_8b,InternVL2-8B,OpenGVLab/InternVL2-8B,bfloat16,cuda:0+cpu_offload,auto,1,1.8550,yellow,ok,
vcor_test_yellow_5e0bd2bc16__FC5_mc_c3,vcor_test_yellow_5e0bd2bc16,vcor_test_yellow_5e0bd2bc16.jpg,data_external/vcor_selected/candidate_pool/yellow/vcor_test_yellow_5e0bd2bc16.jpg,FC5_mc_c3,phase2_format_control,phase2_format_control_FC5_mc_c3,"When the main car is described as red, what color does the main car actually appear to be in the image? Choose exactly one color label from this multiple-choice list: red, blue, green, yellow, black, white, other. Output the color label only.",format_control,multiple_choice_c3_presupposition,presuppositional,question_body,presupposition,multiple_choice_label,one_label_from_multiple_choice,,internvl2_8b,InternVL2-8B,OpenGVLab/InternVL2-8B,bfloat16,cuda:0+cpu_offload,auto,1,1.8941,yellow,ok,
vcor_test_yellow_5e0bd2bc16__FC6_mc_c4,vcor_test_yellow_5e0bd2bc16,vcor_test_yellow_5e0bd2bc16.jpg,data_external/vcor_selected/candidate_pool/yellow/vcor_test_yellow_5e0bd2bc16.jpg,FC6_mc_c4,phase2_format_control,phase2_format_control_FC6_mc_c4,"A report repeatedly refers to the main car as red. What is the main car's primary body color seen in the image? Choose exactly one color label from this multiple-choice list: red, blue, green, yellow, black, white, other. Output the color label only.",format_control,multiple_choice_c4_stronger_open,stronger_open_conflict,question_body,repeated_false_report,multiple_choice_label,one_label_from_multiple_choice,,internvl2_8b,InternVL2-8B,OpenGVLab/InternVL2-8B,bfloat16,cuda:0+cpu_offload,auto,1,1.8847,yellow,ok,
vcor_test_yellow_5e0bd2bc16__FC7_yesno_false_claim,vcor_test_yellow_5e0bd2bc16,vcor_test_yellow_5e0bd2bc16.jpg,data_external/vcor_selected/candidate_pool/yellow/vcor_test_yellow_5e0bd2bc16.jpg,FC7_yesno_false_claim,phase2_format_control,phase2_format_control_FC7_yesno_false_claim,Is the main car red? Answer yes or no only.,format_control,yesno_false_claim,assertive,question_body,direct_false_claim,yes_no,yes_means_conflict_no_means_reject_false_claim,,internvl2_8b,InternVL2-8B,OpenGVLab/InternVL2-8B,bfloat16,cuda:0+cpu_offload,auto,1,2.6387,No.,ok,
vcor_test_yellow_5e0bd2bc16__FC8_yesno_report_correct,vcor_test_yellow_5e0bd2bc16,vcor_test_yellow_5e0bd2bc16.jpg,data_external/vcor_selected/candidate_pool/yellow/vcor_test_yellow_5e0bd2bc16.jpg,FC8_yesno_report_correct,phase2_format_control,phase2_format_control_FC8_yesno_report_correct,A report repeatedly says the main car is red. Is that report correct for the image? Answer yes or no only.,format_control,yesno_report_correct,stronger_open_conflict,question_body,repeated_false_report,yes_no,yes_means_conflict_no_means_reject_false_claim,,internvl2_8b,InternVL2-8B,OpenGVLab/InternVL2-8B,bfloat16,cuda:0+cpu_offload,auto,1,2.6450,No.,ok,
vcor_test_yellow_6ed5660ec3__FC1_free_neutral,vcor_test_yellow_6ed5660ec3,vcor_test_yellow_6ed5660ec3.jpg,data_external/vcor_selected/candidate_pool/yellow/vcor_test_yellow_6ed5660ec3.jpg,FC1_free_neutral,phase2_format_control,phase2_format_control_FC1_free_neutral,What is the primary body color of the main car in this image? Answer with one color word only and do not explain.,format_control,free_neutral,neutral,none,none,free_color_word,one_color_word,,internvl2_8b,InternVL2-8B,OpenGVLab/InternVL2-8B,bfloat16,cuda:0+cpu_offload,auto,1,1.8337,Yellow,ok,
vcor_test_yellow_6ed5660ec3__FC2_free_c3,vcor_test_yellow_6ed5660ec3,vcor_test_yellow_6ed5660ec3.jpg,data_external/vcor_selected/candidate_pool/yellow/vcor_test_yellow_6ed5660ec3.jpg,FC2_free_c3,phase2_format_control,phase2_format_control_FC2_free_c3,"When the main car is described as red, what color does the main car actually appear to be in the image? Answer with one color word only and do not explain.",format_control,free_c3_presupposition,presuppositional,question_body,presupposition,free_color_word,one_color_word,,internvl2_8b,InternVL2-8B,OpenGVLab/InternVL2-8B,bfloat16,cuda:0+cpu_offload,auto,1,1.8666,yellow,ok,
vcor_test_yellow_6ed5660ec3__FC3_free_c4,vcor_test_yellow_6ed5660ec3,vcor_test_yellow_6ed5660ec3.jpg,data_external/vcor_selected/candidate_pool/yellow/vcor_test_yellow_6ed5660ec3.jpg,FC3_free_c4,phase2_format_control,phase2_format_control_FC3_free_c4,"A report repeatedly refers to the main car as red, and the answer should name the main car's primary body color seen in the image. Answer with one color word only and do not explain.",format_control,free_c4_stronger_open,stronger_open_conflict,question_body,repeated_false_report,free_color_word,one_color_word,,internvl2_8b,InternVL2-8B,OpenGVLab/InternVL2-8B,bfloat16,cuda:0+cpu_offload,auto,1,1.8716,Yellow,ok,
vcor_test_yellow_6ed5660ec3__FC4_mc_neutral,vcor_test_yellow_6ed5660ec3,vcor_test_yellow_6ed5660ec3.jpg,data_external/vcor_selected/candidate_pool/yellow/vcor_test_yellow_6ed5660ec3.jpg,FC4_mc_neutral,phase2_format_control,phase2_format_control_FC4_mc_neutral,"What is the primary body color of the main car in this image? Choose exactly one color label from this multiple-choice list: red, blue, green, yellow, black, white, other. Output the color label only.",format_control,multiple_choice_neutral,neutral,none,none,multiple_choice_label,one_label_from_multiple_choice,,internvl2_8b,InternVL2-8B,OpenGVLab/InternVL2-8B,bfloat16,cuda:0+cpu_offload,auto,1,1.8599,yellow,ok,
vcor_test_yellow_6ed5660ec3__FC5_mc_c3,vcor_test_yellow_6ed5660ec3,vcor_test_yellow_6ed5660ec3.jpg,data_external/vcor_selected/candidate_pool/yellow/vcor_test_yellow_6ed5660ec3.jpg,FC5_mc_c3,phase2_format_control,phase2_format_control_FC5_mc_c3,"When the main car is described as red, what color does the main car actually appear to be in the image? Choose exactly one color label from this multiple-choice list: red, blue, green, yellow, black, white, other. Output the color label only.",format_control,multiple_choice_c3_presupposition,presuppositional,question_body,presupposition,multiple_choice_label,one_label_from_multiple_choice,,internvl2_8b,InternVL2-8B,OpenGVLab/InternVL2-8B,bfloat16,cuda:0+cpu_offload,auto,1,1.8737,yellow,ok,
vcor_test_yellow_6ed5660ec3__FC6_mc_c4,vcor_test_yellow_6ed5660ec3,vcor_test_yellow_6ed5660ec3.jpg,data_external/vcor_selected/candidate_pool/yellow/vcor_test_yellow_6ed5660ec3.jpg,FC6_mc_c4,phase2_format_control,phase2_format_control_FC6_mc_c4,"A report repeatedly refers to the main car as red. What is the main car's primary body color seen in the image? Choose exactly one color label from this multiple-choice list: red, blue, green, yellow, black, white, other. Output the color label only.",format_control,multiple_choice_c4_stronger_open,stronger_open_conflict,question_body,repeated_false_report,multiple_choice_label,one_label_from_multiple_choice,,internvl2_8b,InternVL2-8B,OpenGVLab/InternVL2-8B,bfloat16,cuda:0+cpu_offload,auto,1,1.8802,yellow,ok,
vcor_test_yellow_6ed5660ec3__FC7_yesno_false_claim,vcor_test_yellow_6ed5660ec3,vcor_test_yellow_6ed5660ec3.jpg,data_external/vcor_selected/candidate_pool/yellow/vcor_test_yellow_6ed5660ec3.jpg,FC7_yesno_false_claim,phase2_format_control,phase2_format_control_FC7_yesno_false_claim,Is the main car red? Answer yes or no only.,format_control,yesno_false_claim,assertive,question_body,direct_false_claim,yes_no,yes_means_conflict_no_means_reject_false_claim,,internvl2_8b,InternVL2-8B,OpenGVLab/InternVL2-8B,bfloat16,cuda:0+cpu_offload,auto,1,1.8467,No,ok,
vcor_test_yellow_6ed5660ec3__FC8_yesno_report_correct,vcor_test_yellow_6ed5660ec3,vcor_test_yellow_6ed5660ec3.jpg,data_external/vcor_selected/candidate_pool/yellow/vcor_test_yellow_6ed5660ec3.jpg,FC8_yesno_report_correct,phase2_format_control,phase2_format_control_FC8_yesno_report_correct,A report repeatedly says the main car is red. Is that report correct for the image? Answer yes or no only.,format_control,yesno_report_correct,stronger_open_conflict,question_body,repeated_false_report,yes_no,yes_means_conflict_no_means_reject_false_claim,,internvl2_8b,InternVL2-8B,OpenGVLab/InternVL2-8B,bfloat16,cuda:0+cpu_offload,auto,1,1.8623,No,ok,
vcor_test_yellow_863e1838fe__FC1_free_neutral,vcor_test_yellow_863e1838fe,vcor_test_yellow_863e1838fe.jpg,data_external/vcor_selected/candidate_pool/yellow/vcor_test_yellow_863e1838fe.jpg,FC1_free_neutral,phase2_format_control,phase2_format_control_FC1_free_neutral,What is the primary body color of the main car in this image? Answer with one color word only and do not explain.,format_control,free_neutral,neutral,none,none,free_color_word,one_color_word,,internvl2_8b,InternVL2-8B,OpenGVLab/InternVL2-8B,bfloat16,cuda:0+cpu_offload,auto,1,1.8490,Yellow,ok,
vcor_test_yellow_863e1838fe__FC2_free_c3,vcor_test_yellow_863e1838fe,vcor_test_yellow_863e1838fe.jpg,data_external/vcor_selected/candidate_pool/yellow/vcor_test_yellow_863e1838fe.jpg,FC2_free_c3,phase2_format_control,phase2_format_control_FC2_free_c3,"When the main car is described as red, what color does the main car actually appear to be in the image? Answer with one color word only and do not explain.",format_control,free_c3_presupposition,presuppositional,question_body,presupposition,free_color_word,one_color_word,,internvl2_8b,InternVL2-8B,OpenGVLab/InternVL2-8B,bfloat16,cuda:0+cpu_offload,auto,1,1.8491,yellow,ok,
vcor_test_yellow_863e1838fe__FC3_free_c4,vcor_test_yellow_863e1838fe,vcor_test_yellow_863e1838fe.jpg,data_external/vcor_selected/candidate_pool/yellow/vcor_test_yellow_863e1838fe.jpg,FC3_free_c4,phase2_format_control,phase2_format_control_FC3_free_c4,"A report repeatedly refers to the main car as red, and the answer should name the main car's primary body color seen in the image. Answer with one color word only and do not explain.",format_control,free_c4_stronger_open,stronger_open_conflict,question_body,repeated_false_report,free_color_word,one_color_word,,internvl2_8b,InternVL2-8B,OpenGVLab/InternVL2-8B,bfloat16,cuda:0+cpu_offload,auto,1,1.8820,Yellow,ok,
vcor_test_yellow_863e1838fe__FC4_mc_neutral,vcor_test_yellow_863e1838fe,vcor_test_yellow_863e1838fe.jpg,data_external/vcor_selected/candidate_pool/yellow/vcor_test_yellow_863e1838fe.jpg,FC4_mc_neutral,phase2_format_control,phase2_format_control_FC4_mc_neutral,"What is the primary body color of the main car in this image? Choose exactly one color label from this multiple-choice list: red, blue, green, yellow, black, white, other. Output the color label only.",format_control,multiple_choice_neutral,neutral,none,none,multiple_choice_label,one_label_from_multiple_choice,,internvl2_8b,InternVL2-8B,OpenGVLab/InternVL2-8B,bfloat16,cuda:0+cpu_offload,auto,1,1.8571,yellow,ok,
vcor_test_yellow_863e1838fe__FC5_mc_c3,vcor_test_yellow_863e1838fe,vcor_test_yellow_863e1838fe.jpg,data_external/vcor_selected/candidate_pool/yellow/vcor_test_yellow_863e1838fe.jpg,FC5_mc_c3,phase2_format_control,phase2_format_control_FC5_mc_c3,"When the main car is described as red, what color does the main car actually appear to be in the image? Choose exactly one color label from this multiple-choice list: red, blue, green, yellow, black, white, other. Output the color label only.",format_control,multiple_choice_c3_presupposition,presuppositional,question_body,presupposition,multiple_choice_label,one_label_from_multiple_choice,,internvl2_8b,InternVL2-8B,OpenGVLab/InternVL2-8B,bfloat16,cuda:0+cpu_offload,auto,1,1.8713,yellow,ok,
vcor_test_yellow_863e1838fe__FC6_mc_c4,vcor_test_yellow_863e1838fe,vcor_test_yellow_863e1838fe.jpg,data_external/vcor_selected/candidate_pool/yellow/vcor_test_yellow_863e1838fe.jpg,FC6_mc_c4,phase2_format_control,phase2_format_control_FC6_mc_c4,"A report repeatedly refers to the main car as red. What is the main car's primary body color seen in the image? Choose exactly one color label from this multiple-choice list: red, blue, green, yellow, black, white, other. Output the color label only.",format_control,multiple_choice_c4_stronger_open,stronger_open_conflict,question_body,repeated_false_report,multiple_choice_label,one_label_from_multiple_choice,,internvl2_8b,InternVL2-8B,OpenGVLab/InternVL2-8B,bfloat16,cuda:0+cpu_offload,auto,1,1.9145,yellow,ok,
vcor_test_yellow_863e1838fe__FC7_yesno_false_claim,vcor_test_yellow_863e1838fe,vcor_test_yellow_863e1838fe.jpg,data_external/vcor_selected/candidate_pool/yellow/vcor_test_yellow_863e1838fe.jpg,FC7_yesno_false_claim,phase2_format_control,phase2_format_control_FC7_yesno_false_claim,Is the main car red? Answer yes or no only.,format_control,yesno_false_claim,assertive,question_body,direct_false_claim,yes_no,yes_means_conflict_no_means_reject_false_claim,,internvl2_8b,InternVL2-8B,OpenGVLab/InternVL2-8B,bfloat16,cuda:0+cpu_offload,auto,1,2.6303,No.,ok,
vcor_test_yellow_863e1838fe__FC8_yesno_report_correct,vcor_test_yellow_863e1838fe,vcor_test_yellow_863e1838fe.jpg,data_external/vcor_selected/candidate_pool/yellow/vcor_test_yellow_863e1838fe.jpg,FC8_yesno_report_correct,phase2_format_control,phase2_format_control_FC8_yesno_report_correct,A report repeatedly says the main car is red. Is that report correct for the image? Answer yes or no only.,format_control,yesno_report_correct,stronger_open_conflict,question_body,repeated_false_report,yes_no,yes_means_conflict_no_means_reject_false_claim,,internvl2_8b,InternVL2-8B,OpenGVLab/InternVL2-8B,bfloat16,cuda:0+cpu_offload,auto,1,1.8558,No,ok,
vcor_test_yellow_992ae1354e__FC1_free_neutral,vcor_test_yellow_992ae1354e,vcor_test_yellow_992ae1354e.jpg,data_external/vcor_selected/candidate_pool/yellow/vcor_test_yellow_992ae1354e.jpg,FC1_free_neutral,phase2_format_control,phase2_format_control_FC1_free_neutral,What is the primary body color of the main car in this image? Answer with one color word only and do not explain.,format_control,free_neutral,neutral,none,none,free_color_word,one_color_word,,internvl2_8b,InternVL2-8B,OpenGVLab/InternVL2-8B,bfloat16,cuda:0+cpu_offload,auto,1,1.8543,yellow,ok,
vcor_test_yellow_992ae1354e__FC2_free_c3,vcor_test_yellow_992ae1354e,vcor_test_yellow_992ae1354e.jpg,data_external/vcor_selected/candidate_pool/yellow/vcor_test_yellow_992ae1354e.jpg,FC2_free_c3,phase2_format_control,phase2_format_control_FC2_free_c3,"When the main car is described as red, what color does the main car actually appear to be in the image? Answer with one color word only and do not explain.",format_control,free_c3_presupposition,presuppositional,question_body,presupposition,free_color_word,one_color_word,,internvl2_8b,InternVL2-8B,OpenGVLab/InternVL2-8B,bfloat16,cuda:0+cpu_offload,auto,1,1.8310,yellow,ok,
vcor_test_yellow_992ae1354e__FC3_free_c4,vcor_test_yellow_992ae1354e,vcor_test_yellow_992ae1354e.jpg,data_external/vcor_selected/candidate_pool/yellow/vcor_test_yellow_992ae1354e.jpg,FC3_free_c4,phase2_format_control,phase2_format_control_FC3_free_c4,"A report repeatedly refers to the main car as red, and the answer should name the main car's primary body color seen in the image. Answer with one color word only and do not explain.",format_control,free_c4_stronger_open,stronger_open_conflict,question_body,repeated_false_report,free_color_word,one_color_word,,internvl2_8b,InternVL2-8B,OpenGVLab/InternVL2-8B,bfloat16,cuda:0+cpu_offload,auto,1,1.8815,Yellow,ok,
vcor_test_yellow_992ae1354e__FC4_mc_neutral,vcor_test_yellow_992ae1354e,vcor_test_yellow_992ae1354e.jpg,data_external/vcor_selected/candidate_pool/yellow/vcor_test_yellow_992ae1354e.jpg,FC4_mc_neutral,phase2_format_control,phase2_format_control_FC4_mc_neutral,"What is the primary body color of the main car in this image? Choose exactly one color label from this multiple-choice list: red, blue, green, yellow, black, white, other. Output the color label only.",format_control,multiple_choice_neutral,neutral,none,none,multiple_choice_label,one_label_from_multiple_choice,,internvl2_8b,InternVL2-8B,OpenGVLab/InternVL2-8B,bfloat16,cuda:0+cpu_offload,auto,1,1.8757,yellow,ok,
vcor_test_yellow_992ae1354e__FC5_mc_c3,vcor_test_yellow_992ae1354e,vcor_test_yellow_992ae1354e.jpg,data_external/vcor_selected/candidate_pool/yellow/vcor_test_yellow_992ae1354e.jpg,FC5_mc_c3,phase2_format_control,phase2_format_control_FC5_mc_c3,"When the main car is described as red, what color does the main car actually appear to be in the image? Choose exactly one color label from this multiple-choice list: red, blue, green, yellow, black, white, other. Output the color label only.",format_control,multiple_choice_c3_presupposition,presuppositional,question_body,presupposition,multiple_choice_label,one_label_from_multiple_choice,,internvl2_8b,InternVL2-8B,OpenGVLab/InternVL2-8B,bfloat16,cuda:0+cpu_offload,auto,1,1.8740,yellow,ok,
vcor_test_yellow_992ae1354e__FC6_mc_c4,vcor_test_yellow_992ae1354e,vcor_test_yellow_992ae1354e.jpg,data_external/vcor_selected/candidate_pool/yellow/vcor_test_yellow_992ae1354e.jpg,FC6_mc_c4,phase2_format_control,phase2_format_control_FC6_mc_c4,"A report repeatedly refers to the main car as red. What is the main car's primary body color seen in the image? Choose exactly one color label from this multiple-choice list: red, blue, green, yellow, black, white, other. Output the color label only.",format_control,multiple_choice_c4_stronger_open,stronger_open_conflict,question_body,repeated_false_report,multiple_choice_label,one_label_from_multiple_choice,,internvl2_8b,InternVL2-8B,OpenGVLab/InternVL2-8B,bfloat16,cuda:0+cpu_offload,auto,1,1.8802,yellow,ok,
vcor_test_yellow_992ae1354e__FC7_yesno_false_claim,vcor_test_yellow_992ae1354e,vcor_test_yellow_992ae1354e.jpg,data_external/vcor_selected/candidate_pool/yellow/vcor_test_yellow_992ae1354e.jpg,FC7_yesno_false_claim,phase2_format_control,phase2_format_control_FC7_yesno_false_claim,Is the main car red? Answer yes or no only.,format_control,yesno_false_claim,assertive,question_body,direct_false_claim,yes_no,yes_means_conflict_no_means_reject_false_claim,,internvl2_8b,InternVL2-8B,OpenGVLab/InternVL2-8B,bfloat16,cuda:0+cpu_offload,auto,1,1.8542,No,ok,
vcor_test_yellow_992ae1354e__FC8_yesno_report_correct,vcor_test_yellow_992ae1354e,vcor_test_yellow_992ae1354e.jpg,data_external/vcor_selected/candidate_pool/yellow/vcor_test_yellow_992ae1354e.jpg,FC8_yesno_report_correct,phase2_format_control,phase2_format_control_FC8_yesno_report_correct,A report repeatedly says the main car is red. Is that report correct for the image? Answer yes or no only.,format_control,yesno_report_correct,stronger_open_conflict,question_body,repeated_false_report,yes_no,yes_means_conflict_no_means_reject_false_claim,,internvl2_8b,InternVL2-8B,OpenGVLab/InternVL2-8B,bfloat16,cuda:0+cpu_offload,auto,1,1.8303,No,ok,
vcor_test_yellow_9a76362930__FC1_free_neutral,vcor_test_yellow_9a76362930,vcor_test_yellow_9a76362930.jpg,data_external/vcor_selected/candidate_pool/yellow/vcor_test_yellow_9a76362930.jpg,FC1_free_neutral,phase2_format_control,phase2_format_control_FC1_free_neutral,What is the primary body color of the main car in this image? Answer with one color word only and do not explain.,format_control,free_neutral,neutral,none,none,free_color_word,one_color_word,,internvl2_8b,InternVL2-8B,OpenGVLab/InternVL2-8B,bfloat16,cuda:0+cpu_offload,auto,1,1.8513,yellow,ok,
vcor_test_yellow_9a76362930__FC2_free_c3,vcor_test_yellow_9a76362930,vcor_test_yellow_9a76362930.jpg,data_external/vcor_selected/candidate_pool/yellow/vcor_test_yellow_9a76362930.jpg,FC2_free_c3,phase2_format_control,phase2_format_control_FC2_free_c3,"When the main car is described as red, what color does the main car actually appear to be in the image? Answer with one color word only and do not explain.",format_control,free_c3_presupposition,presuppositional,question_body,presupposition,free_color_word,one_color_word,,internvl2_8b,InternVL2-8B,OpenGVLab/InternVL2-8B,bfloat16,cuda:0+cpu_offload,auto,1,1.8494,yellow,ok,
vcor_test_yellow_9a76362930__FC3_free_c4,vcor_test_yellow_9a76362930,vcor_test_yellow_9a76362930.jpg,data_external/vcor_selected/candidate_pool/yellow/vcor_test_yellow_9a76362930.jpg,FC3_free_c4,phase2_format_control,phase2_format_control_FC3_free_c4,"A report repeatedly refers to the main car as red, and the answer should name the main car's primary body color seen in the image. Answer with one color word only and do not explain.",format_control,free_c4_stronger_open,stronger_open_conflict,question_body,repeated_false_report,free_color_word,one_color_word,,internvl2_8b,InternVL2-8B,OpenGVLab/InternVL2-8B,bfloat16,cuda:0+cpu_offload,auto,1,1.8824,Yellow,ok,
vcor_test_yellow_9a76362930__FC4_mc_neutral,vcor_test_yellow_9a76362930,vcor_test_yellow_9a76362930.jpg,data_external/vcor_selected/candidate_pool/yellow/vcor_test_yellow_9a76362930.jpg,FC4_mc_neutral,phase2_format_control,phase2_format_control_FC4_mc_neutral,"What is the primary body color of the main car in this image? Choose exactly one color label from this multiple-choice list: red, blue, green, yellow, black, white, other. Output the color label only.",format_control,multiple_choice_neutral,neutral,none,none,multiple_choice_label,one_label_from_multiple_choice,,internvl2_8b,InternVL2-8B,OpenGVLab/InternVL2-8B,bfloat16,cuda:0+cpu_offload,auto,1,1.8663,yellow,ok,
vcor_test_yellow_9a76362930__FC5_mc_c3,vcor_test_yellow_9a76362930,vcor_test_yellow_9a76362930.jpg,data_external/vcor_selected/candidate_pool/yellow/vcor_test_yellow_9a76362930.jpg,FC5_mc_c3,phase2_format_control,phase2_format_control_FC5_mc_c3,"When the main car is described as red, what color does the main car actually appear to be in the image? Choose exactly one color label from this multiple-choice list: red, blue, green, yellow, black, white, other. Output the color label only.",format_control,multiple_choice_c3_presupposition,presuppositional,question_body,presupposition,multiple_choice_label,one_label_from_multiple_choice,,internvl2_8b,InternVL2-8B,OpenGVLab/InternVL2-8B,bfloat16,cuda:0+cpu_offload,auto,1,1.8684,yellow,ok,
vcor_test_yellow_9a76362930__FC6_mc_c4,vcor_test_yellow_9a76362930,vcor_test_yellow_9a76362930.jpg,data_external/vcor_selected/candidate_pool/yellow/vcor_test_yellow_9a76362930.jpg,FC6_mc_c4,phase2_format_control,phase2_format_control_FC6_mc_c4,"A report repeatedly refers to the main car as red. What is the main car's primary body color seen in the image? Choose exactly one color label from this multiple-choice list: red, blue, green, yellow, black, white, other. Output the color label only.",format_control,multiple_choice_c4_stronger_open,stronger_open_conflict,question_body,repeated_false_report,multiple_choice_label,one_label_from_multiple_choice,,internvl2_8b,InternVL2-8B,OpenGVLab/InternVL2-8B,bfloat16,cuda:0+cpu_offload,auto,1,1.8765,yellow,ok,
vcor_test_yellow_9a76362930__FC7_yesno_false_claim,vcor_test_yellow_9a76362930,vcor_test_yellow_9a76362930.jpg,data_external/vcor_selected/candidate_pool/yellow/vcor_test_yellow_9a76362930.jpg,FC7_yesno_false_claim,phase2_format_control,phase2_format_control_FC7_yesno_false_claim,Is the main car red? Answer yes or no only.,format_control,yesno_false_claim,assertive,question_body,direct_false_claim,yes_no,yes_means_conflict_no_means_reject_false_claim,,internvl2_8b,InternVL2-8B,OpenGVLab/InternVL2-8B,bfloat16,cuda:0+cpu_offload,auto,1,2.6264,No.,ok,
vcor_test_yellow_9a76362930__FC8_yesno_report_correct,vcor_test_yellow_9a76362930,vcor_test_yellow_9a76362930.jpg,data_external/vcor_selected/candidate_pool/yellow/vcor_test_yellow_9a76362930.jpg,FC8_yesno_report_correct,phase2_format_control,phase2_format_control_FC8_yesno_report_correct,A report repeatedly says the main car is red. Is that report correct for the image? Answer yes or no only.,format_control,yesno_report_correct,stronger_open_conflict,question_body,repeated_false_report,yes_no,yes_means_conflict_no_means_reject_false_claim,,internvl2_8b,InternVL2-8B,OpenGVLab/InternVL2-8B,bfloat16,cuda:0+cpu_offload,auto,1,1.8646,No,ok,
vcor_test_yellow_a1445c4152__FC1_free_neutral,vcor_test_yellow_a1445c4152,vcor_test_yellow_a1445c4152.jpg,data_external/vcor_selected/candidate_pool/yellow/vcor_test_yellow_a1445c4152.jpg,FC1_free_neutral,phase2_format_control,phase2_format_control_FC1_free_neutral,What is the primary body color of the main car in this image? Answer with one color word only and do not explain.,format_control,free_neutral,neutral,none,none,free_color_word,one_color_word,,internvl2_8b,InternVL2-8B,OpenGVLab/InternVL2-8B,bfloat16,cuda:0+cpu_offload,auto,1,1.8547,Yellow,ok,
vcor_test_yellow_a1445c4152__FC2_free_c3,vcor_test_yellow_a1445c4152,vcor_test_yellow_a1445c4152.jpg,data_external/vcor_selected/candidate_pool/yellow/vcor_test_yellow_a1445c4152.jpg,FC2_free_c3,phase2_format_control,phase2_format_control_FC2_free_c3,"When the main car is described as red, what color does the main car actually appear to be in the image? Answer with one color word only and do not explain.",format_control,free_c3_presupposition,presuppositional,question_body,presupposition,free_color_word,one_color_word,,internvl2_8b,InternVL2-8B,OpenGVLab/InternVL2-8B,bfloat16,cuda:0+cpu_offload,auto,1,1.8508,yellow,ok,
vcor_test_yellow_a1445c4152__FC3_free_c4,vcor_test_yellow_a1445c4152,vcor_test_yellow_a1445c4152.jpg,data_external/vcor_selected/candidate_pool/yellow/vcor_test_yellow_a1445c4152.jpg,FC3_free_c4,phase2_format_control,phase2_format_control_FC3_free_c4,"A report repeatedly refers to the main car as red, and the answer should name the main car's primary body color seen in the image. Answer with one color word only and do not explain.",format_control,free_c4_stronger_open,stronger_open_conflict,question_body,repeated_false_report,free_color_word,one_color_word,,internvl2_8b,InternVL2-8B,OpenGVLab/InternVL2-8B,bfloat16,cuda:0+cpu_offload,auto,1,1.8712,Yellow,ok,
vcor_test_yellow_a1445c4152__FC4_mc_neutral,vcor_test_yellow_a1445c4152,vcor_test_yellow_a1445c4152.jpg,data_external/vcor_selected/candidate_pool/yellow/vcor_test_yellow_a1445c4152.jpg,FC4_mc_neutral,phase2_format_control,phase2_format_control_FC4_mc_neutral,"What is the primary body color of the main car in this image? Choose exactly one color label from this multiple-choice list: red, blue, green, yellow, black, white, other. Output the color label only.",format_control,multiple_choice_neutral,neutral,none,none,multiple_choice_label,one_label_from_multiple_choice,,internvl2_8b,InternVL2-8B,OpenGVLab/InternVL2-8B,bfloat16,cuda:0+cpu_offload,auto,1,1.8692,yellow,ok,
vcor_test_yellow_a1445c4152__FC5_mc_c3,vcor_test_yellow_a1445c4152,vcor_test_yellow_a1445c4152.jpg,data_external/vcor_selected/candidate_pool/yellow/vcor_test_yellow_a1445c4152.jpg,FC5_mc_c3,phase2_format_control,phase2_format_control_FC5_mc_c3,"When the main car is described as red, what color does the main car actually appear to be in the image? Choose exactly one color label from this multiple-choice list: red, blue, green, yellow, black, white, other. Output the color label only.",format_control,multiple_choice_c3_presupposition,presuppositional,question_body,presupposition,multiple_choice_label,one_label_from_multiple_choice,,internvl2_8b,InternVL2-8B,OpenGVLab/InternVL2-8B,bfloat16,cuda:0+cpu_offload,auto,1,1.8618,yellow,ok,
vcor_test_yellow_a1445c4152__FC6_mc_c4,vcor_test_yellow_a1445c4152,vcor_test_yellow_a1445c4152.jpg,data_external/vcor_selected/candidate_pool/yellow/vcor_test_yellow_a1445c4152.jpg,FC6_mc_c4,phase2_format_control,phase2_format_control_FC6_mc_c4,"A report repeatedly refers to the main car as red. What is the main car's primary body color seen in the image? Choose exactly one color label from this multiple-choice list: red, blue, green, yellow, black, white, other. Output the color label only.",format_control,multiple_choice_c4_stronger_open,stronger_open_conflict,question_body,repeated_false_report,multiple_choice_label,one_label_from_multiple_choice,,internvl2_8b,InternVL2-8B,OpenGVLab/InternVL2-8B,bfloat16,cuda:0+cpu_offload,auto,1,1.8782,yellow,ok,
vcor_test_yellow_a1445c4152__FC7_yesno_false_claim,vcor_test_yellow_a1445c4152,vcor_test_yellow_a1445c4152.jpg,data_external/vcor_selected/candidate_pool/yellow/vcor_test_yellow_a1445c4152.jpg,FC7_yesno_false_claim,phase2_format_control,phase2_format_control_FC7_yesno_false_claim,Is the main car red? Answer yes or no only.,format_control,yesno_false_claim,assertive,question_body,direct_false_claim,yes_no,yes_means_conflict_no_means_reject_false_claim,,internvl2_8b,InternVL2-8B,OpenGVLab/InternVL2-8B,bfloat16,cuda:0+cpu_offload,auto,1,2.6247,No.,ok,
vcor_test_yellow_a1445c4152__FC8_yesno_report_correct,vcor_test_yellow_a1445c4152,vcor_test_yellow_a1445c4152.jpg,data_external/vcor_selected/candidate_pool/yellow/vcor_test_yellow_a1445c4152.jpg,FC8_yesno_report_correct,phase2_format_control,phase2_format_control_FC8_yesno_report_correct,A report repeatedly says the main car is red. Is that report correct for the image? Answer yes or no only.,format_control,yesno_report_correct,stronger_open_conflict,question_body,repeated_false_report,yes_no,yes_means_conflict_no_means_reject_false_claim,,internvl2_8b,InternVL2-8B,OpenGVLab/InternVL2-8B,bfloat16,cuda:0+cpu_offload,auto,1,1.8955,No,ok,
vcor_test_yellow_ab01746a18__FC1_free_neutral,vcor_test_yellow_ab01746a18,vcor_test_yellow_ab01746a18.jpg,data_external/vcor_selected/candidate_pool/yellow/vcor_test_yellow_ab01746a18.jpg,FC1_free_neutral,phase2_format_control,phase2_format_control_FC1_free_neutral,What is the primary body color of the main car in this image? Answer with one color word only and do not explain.,format_control,free_neutral,neutral,none,none,free_color_word,one_color_word,,internvl2_8b,InternVL2-8B,OpenGVLab/InternVL2-8B,bfloat16,cuda:0+cpu_offload,auto,1,1.8426,Yellow,ok,
vcor_test_yellow_ab01746a18__FC2_free_c3,vcor_test_yellow_ab01746a18,vcor_test_yellow_ab01746a18.jpg,data_external/vcor_selected/candidate_pool/yellow/vcor_test_yellow_ab01746a18.jpg,FC2_free_c3,phase2_format_control,phase2_format_control_FC2_free_c3,"When the main car is described as red, what color does the main car actually appear to be in the image? Answer with one color word only and do not explain.",format_control,free_c3_presupposition,presuppositional,question_body,presupposition,free_color_word,one_color_word,,internvl2_8b,InternVL2-8B,OpenGVLab/InternVL2-8B,bfloat16,cuda:0+cpu_offload,auto,1,1.8621,yellow,ok,
vcor_test_yellow_ab01746a18__FC3_free_c4,vcor_test_yellow_ab01746a18,vcor_test_yellow_ab01746a18.jpg,data_external/vcor_selected/candidate_pool/yellow/vcor_test_yellow_ab01746a18.jpg,FC3_free_c4,phase2_format_control,phase2_format_control_FC3_free_c4,"A report repeatedly refers to the main car as red, and the answer should name the main car's primary body color seen in the image. Answer with one color word only and do not explain.",format_control,free_c4_stronger_open,stronger_open_conflict,question_body,repeated_false_report,free_color_word,one_color_word,,internvl2_8b,InternVL2-8B,OpenGVLab/InternVL2-8B,bfloat16,cuda:0+cpu_offload,auto,1,1.8503,Yellow,ok,
vcor_test_yellow_ab01746a18__FC4_mc_neutral,vcor_test_yellow_ab01746a18,vcor_test_yellow_ab01746a18.jpg,data_external/vcor_selected/candidate_pool/yellow/vcor_test_yellow_ab01746a18.jpg,FC4_mc_neutral,phase2_format_control,phase2_format_control_FC4_mc_neutral,"What is the primary body color of the main car in this image? Choose exactly one color label from this multiple-choice list: red, blue, green, yellow, black, white, other. Output the color label only.",format_control,multiple_choice_neutral,neutral,none,none,multiple_choice_label,one_label_from_multiple_choice,,internvl2_8b,InternVL2-8B,OpenGVLab/InternVL2-8B,bfloat16,cuda:0+cpu_offload,auto,1,1.8880,yellow,ok,
vcor_test_yellow_ab01746a18__FC5_mc_c3,vcor_test_yellow_ab01746a18,vcor_test_yellow_ab01746a18.jpg,data_external/vcor_selected/candidate_pool/yellow/vcor_test_yellow_ab01746a18.jpg,FC5_mc_c3,phase2_format_control,phase2_format_control_FC5_mc_c3,"When the main car is described as red, what color does the main car actually appear to be in the image? Choose exactly one color label from this multiple-choice list: red, blue, green, yellow, black, white, other. Output the color label only.",format_control,multiple_choice_c3_presupposition,presuppositional,question_body,presupposition,multiple_choice_label,one_label_from_multiple_choice,,internvl2_8b,InternVL2-8B,OpenGVLab/InternVL2-8B,bfloat16,cuda:0+cpu_offload,auto,1,2.0236,yellow,ok,
vcor_test_yellow_ab01746a18__FC6_mc_c4,vcor_test_yellow_ab01746a18,vcor_test_yellow_ab01746a18.jpg,data_external/vcor_selected/candidate_pool/yellow/vcor_test_yellow_ab01746a18.jpg,FC6_mc_c4,phase2_format_control,phase2_format_control_FC6_mc_c4,"A report repeatedly refers to the main car as red. What is the main car's primary body color seen in the image? Choose exactly one color label from this multiple-choice list: red, blue, green, yellow, black, white, other. Output the color label only.",format_control,multiple_choice_c4_stronger_open,stronger_open_conflict,question_body,repeated_false_report,multiple_choice_label,one_label_from_multiple_choice,,internvl2_8b,InternVL2-8B,OpenGVLab/InternVL2-8B,bfloat16,cuda:0+cpu_offload,auto,1,1.9701,yellow,ok,
vcor_test_yellow_ab01746a18__FC7_yesno_false_claim,vcor_test_yellow_ab01746a18,vcor_test_yellow_ab01746a18.jpg,data_external/vcor_selected/candidate_pool/yellow/vcor_test_yellow_ab01746a18.jpg,FC7_yesno_false_claim,phase2_format_control,phase2_format_control_FC7_yesno_false_claim,Is the main car red? Answer yes or no only.,format_control,yesno_false_claim,assertive,question_body,direct_false_claim,yes_no,yes_means_conflict_no_means_reject_false_claim,,internvl2_8b,InternVL2-8B,OpenGVLab/InternVL2-8B,bfloat16,cuda:0+cpu_offload,auto,1,2.7483,No.,ok,
vcor_test_yellow_ab01746a18__FC8_yesno_report_correct,vcor_test_yellow_ab01746a18,vcor_test_yellow_ab01746a18.jpg,data_external/vcor_selected/candidate_pool/yellow/vcor_test_yellow_ab01746a18.jpg,FC8_yesno_report_correct,phase2_format_control,phase2_format_control_FC8_yesno_report_correct,A report repeatedly says the main car is red. Is that report correct for the image? Answer yes or no only.,format_control,yesno_report_correct,stronger_open_conflict,question_body,repeated_false_report,yes_no,yes_means_conflict_no_means_reject_false_claim,,internvl2_8b,InternVL2-8B,OpenGVLab/InternVL2-8B,bfloat16,cuda:0+cpu_offload,auto,1,1.9592,No,ok,
vcor_test_yellow_b9d5bae8dc__FC1_free_neutral,vcor_test_yellow_b9d5bae8dc,vcor_test_yellow_b9d5bae8dc.jpg,data_external/vcor_selected/candidate_pool/yellow/vcor_test_yellow_b9d5bae8dc.jpg,FC1_free_neutral,phase2_format_control,phase2_format_control_FC1_free_neutral,What is the primary body color of the main car in this image? Answer with one color word only and do not explain.,format_control,free_neutral,neutral,none,none,free_color_word,one_color_word,,internvl2_8b,InternVL2-8B,OpenGVLab/InternVL2-8B,bfloat16,cuda:0+cpu_offload,auto,1,2.0211,yellow,ok,
vcor_test_yellow_b9d5bae8dc__FC2_free_c3,vcor_test_yellow_b9d5bae8dc,vcor_test_yellow_b9d5bae8dc.jpg,data_external/vcor_selected/candidate_pool/yellow/vcor_test_yellow_b9d5bae8dc.jpg,FC2_free_c3,phase2_format_control,phase2_format_control_FC2_free_c3,"When the main car is described as red, what color does the main car actually appear to be in the image? Answer with one color word only and do not explain.",format_control,free_c3_presupposition,presuppositional,question_body,presupposition,free_color_word,one_color_word,,internvl2_8b,InternVL2-8B,OpenGVLab/InternVL2-8B,bfloat16,cuda:0+cpu_offload,auto,1,1.9330,yellow,ok,
vcor_test_yellow_b9d5bae8dc__FC3_free_c4,vcor_test_yellow_b9d5bae8dc,vcor_test_yellow_b9d5bae8dc.jpg,data_external/vcor_selected/candidate_pool/yellow/vcor_test_yellow_b9d5bae8dc.jpg,FC3_free_c4,phase2_format_control,phase2_format_control_FC3_free_c4,"A report repeatedly refers to the main car as red, and the answer should name the main car's primary body color seen in the image. Answer with one color word only and do not explain.",format_control,free_c4_stronger_open,stronger_open_conflict,question_body,repeated_false_report,free_color_word,one_color_word,,internvl2_8b,InternVL2-8B,OpenGVLab/InternVL2-8B,bfloat16,cuda:0+cpu_offload,auto,1,1.9124,Yellow,ok,
vcor_test_yellow_b9d5bae8dc__FC4_mc_neutral,vcor_test_yellow_b9d5bae8dc,vcor_test_yellow_b9d5bae8dc.jpg,data_external/vcor_selected/candidate_pool/yellow/vcor_test_yellow_b9d5bae8dc.jpg,FC4_mc_neutral,phase2_format_control,phase2_format_control_FC4_mc_neutral,"What is the primary body color of the main car in this image? Choose exactly one color label from this multiple-choice list: red, blue, green, yellow, black, white, other. Output the color label only.",format_control,multiple_choice_neutral,neutral,none,none,multiple_choice_label,one_label_from_multiple_choice,,internvl2_8b,InternVL2-8B,OpenGVLab/InternVL2-8B,bfloat16,cuda:0+cpu_offload,auto,1,1.8860,yellow,ok,
vcor_test_yellow_b9d5bae8dc__FC5_mc_c3,vcor_test_yellow_b9d5bae8dc,vcor_test_yellow_b9d5bae8dc.jpg,data_external/vcor_selected/candidate_pool/yellow/vcor_test_yellow_b9d5bae8dc.jpg,FC5_mc_c3,phase2_format_control,phase2_format_control_FC5_mc_c3,"When the main car is described as red, what color does the main car actually appear to be in the image? Choose exactly one color label from this multiple-choice list: red, blue, green, yellow, black, white, other. Output the color label only.",format_control,multiple_choice_c3_presupposition,presuppositional,question_body,presupposition,multiple_choice_label,one_label_from_multiple_choice,,internvl2_8b,InternVL2-8B,OpenGVLab/InternVL2-8B,bfloat16,cuda:0+cpu_offload,auto,1,1.9759,yellow,ok,
vcor_test_yellow_b9d5bae8dc__FC6_mc_c4,vcor_test_yellow_b9d5bae8dc,vcor_test_yellow_b9d5bae8dc.jpg,data_external/vcor_selected/candidate_pool/yellow/vcor_test_yellow_b9d5bae8dc.jpg,FC6_mc_c4,phase2_format_control,phase2_format_control_FC6_mc_c4,"A report repeatedly refers to the main car as red. What is the main car's primary body color seen in the image? Choose exactly one color label from this multiple-choice list: red, blue, green, yellow, black, white, other. Output the color label only.",format_control,multiple_choice_c4_stronger_open,stronger_open_conflict,question_body,repeated_false_report,multiple_choice_label,one_label_from_multiple_choice,,internvl2_8b,InternVL2-8B,OpenGVLab/InternVL2-8B,bfloat16,cuda:0+cpu_offload,auto,1,1.9762,yellow,ok,
vcor_test_yellow_b9d5bae8dc__FC7_yesno_false_claim,vcor_test_yellow_b9d5bae8dc,vcor_test_yellow_b9d5bae8dc.jpg,data_external/vcor_selected/candidate_pool/yellow/vcor_test_yellow_b9d5bae8dc.jpg,FC7_yesno_false_claim,phase2_format_control,phase2_format_control_FC7_yesno_false_claim,Is the main car red? Answer yes or no only.,format_control,yesno_false_claim,assertive,question_body,direct_false_claim,yes_no,yes_means_conflict_no_means_reject_false_claim,,internvl2_8b,InternVL2-8B,OpenGVLab/InternVL2-8B,bfloat16,cuda:0+cpu_offload,auto,1,2.7184,No.,ok,
vcor_test_yellow_b9d5bae8dc__FC8_yesno_report_correct,vcor_test_yellow_b9d5bae8dc,vcor_test_yellow_b9d5bae8dc.jpg,data_external/vcor_selected/candidate_pool/yellow/vcor_test_yellow_b9d5bae8dc.jpg,FC8_yesno_report_correct,phase2_format_control,phase2_format_control_FC8_yesno_report_correct,A report repeatedly says the main car is red. Is that report correct for the image? Answer yes or no only.,format_control,yesno_report_correct,stronger_open_conflict,question_body,repeated_false_report,yes_no,yes_means_conflict_no_means_reject_false_claim,,internvl2_8b,InternVL2-8B,OpenGVLab/InternVL2-8B,bfloat16,cuda:0+cpu_offload,auto,1,2.8457,No.,ok,
vcor_test_yellow_bafc757014__FC1_free_neutral,vcor_test_yellow_bafc757014,vcor_test_yellow_bafc757014.jpg,data_external/vcor_selected/candidate_pool/yellow/vcor_test_yellow_bafc757014.jpg,FC1_free_neutral,phase2_format_control,phase2_format_control_FC1_free_neutral,What is the primary body color of the main car in this image? Answer with one color word only and do not explain.,format_control,free_neutral,neutral,none,none,free_color_word,one_color_word,,internvl2_8b,InternVL2-8B,OpenGVLab/InternVL2-8B,bfloat16,cuda:0+cpu_offload,auto,1,1.9271,Yellow,ok,
vcor_test_yellow_bafc757014__FC2_free_c3,vcor_test_yellow_bafc757014,vcor_test_yellow_bafc757014.jpg,data_external/vcor_selected/candidate_pool/yellow/vcor_test_yellow_bafc757014.jpg,FC2_free_c3,phase2_format_control,phase2_format_control_FC2_free_c3,"When the main car is described as red, what color does the main car actually appear to be in the image? Answer with one color word only and do not explain.",format_control,free_c3_presupposition,presuppositional,question_body,presupposition,free_color_word,one_color_word,,internvl2_8b,InternVL2-8B,OpenGVLab/InternVL2-8B,bfloat16,cuda:0+cpu_offload,auto,1,1.8757,yellow,ok,
vcor_test_yellow_bafc757014__FC3_free_c4,vcor_test_yellow_bafc757014,vcor_test_yellow_bafc757014.jpg,data_external/vcor_selected/candidate_pool/yellow/vcor_test_yellow_bafc757014.jpg,FC3_free_c4,phase2_format_control,phase2_format_control_FC3_free_c4,"A report repeatedly refers to the main car as red, and the answer should name the main car's primary body color seen in the image. Answer with one color word only and do not explain.",format_control,free_c4_stronger_open,stronger_open_conflict,question_body,repeated_false_report,free_color_word,one_color_word,,internvl2_8b,InternVL2-8B,OpenGVLab/InternVL2-8B,bfloat16,cuda:0+cpu_offload,auto,1,1.9149,Yellow,ok,
vcor_test_yellow_bafc757014__FC4_mc_neutral,vcor_test_yellow_bafc757014,vcor_test_yellow_bafc757014.jpg,data_external/vcor_selected/candidate_pool/yellow/vcor_test_yellow_bafc757014.jpg,FC4_mc_neutral,phase2_format_control,phase2_format_control_FC4_mc_neutral,"What is the primary body color of the main car in this image? Choose exactly one color label from this multiple-choice list: red, blue, green, yellow, black, white, other. Output the color label only.",format_control,multiple_choice_neutral,neutral,none,none,multiple_choice_label,one_label_from_multiple_choice,,internvl2_8b,InternVL2-8B,OpenGVLab/InternVL2-8B,bfloat16,cuda:0+cpu_offload,auto,1,1.9100,yellow,ok,
vcor_test_yellow_bafc757014__FC5_mc_c3,vcor_test_yellow_bafc757014,vcor_test_yellow_bafc757014.jpg,data_external/vcor_selected/candidate_pool/yellow/vcor_test_yellow_bafc757014.jpg,FC5_mc_c3,phase2_format_control,phase2_format_control_FC5_mc_c3,"When the main car is described as red, what color does the main car actually appear to be in the image? Choose exactly one color label from this multiple-choice list: red, blue, green, yellow, black, white, other. Output the color label only.",format_control,multiple_choice_c3_presupposition,presuppositional,question_body,presupposition,multiple_choice_label,one_label_from_multiple_choice,,internvl2_8b,InternVL2-8B,OpenGVLab/InternVL2-8B,bfloat16,cuda:0+cpu_offload,auto,1,2.0554,yellow,ok,
vcor_test_yellow_bafc757014__FC6_mc_c4,vcor_test_yellow_bafc757014,vcor_test_yellow_bafc757014.jpg,data_external/vcor_selected/candidate_pool/yellow/vcor_test_yellow_bafc757014.jpg,FC6_mc_c4,phase2_format_control,phase2_format_control_FC6_mc_c4,"A report repeatedly refers to the main car as red. What is the main car's primary body color seen in the image? Choose exactly one color label from this multiple-choice list: red, blue, green, yellow, black, white, other. Output the color label only.",format_control,multiple_choice_c4_stronger_open,stronger_open_conflict,question_body,repeated_false_report,multiple_choice_label,one_label_from_multiple_choice,,internvl2_8b,InternVL2-8B,OpenGVLab/InternVL2-8B,bfloat16,cuda:0+cpu_offload,auto,1,2.0165,yellow,ok,
vcor_test_yellow_bafc757014__FC7_yesno_false_claim,vcor_test_yellow_bafc757014,vcor_test_yellow_bafc757014.jpg,data_external/vcor_selected/candidate_pool/yellow/vcor_test_yellow_bafc757014.jpg,FC7_yesno_false_claim,phase2_format_control,phase2_format_control_FC7_yesno_false_claim,Is the main car red? Answer yes or no only.,format_control,yesno_false_claim,assertive,question_body,direct_false_claim,yes_no,yes_means_conflict_no_means_reject_false_claim,,internvl2_8b,InternVL2-8B,OpenGVLab/InternVL2-8B,bfloat16,cuda:0+cpu_offload,auto,1,2.7038,No.,ok,
vcor_test_yellow_bafc757014__FC8_yesno_report_correct,vcor_test_yellow_bafc757014,vcor_test_yellow_bafc757014.jpg,data_external/vcor_selected/candidate_pool/yellow/vcor_test_yellow_bafc757014.jpg,FC8_yesno_report_correct,phase2_format_control,phase2_format_control_FC8_yesno_report_correct,A report repeatedly says the main car is red. Is that report correct for the image? Answer yes or no only.,format_control,yesno_report_correct,stronger_open_conflict,question_body,repeated_false_report,yes_no,yes_means_conflict_no_means_reject_false_claim,,internvl2_8b,InternVL2-8B,OpenGVLab/InternVL2-8B,bfloat16,cuda:0+cpu_offload,auto,1,2.6588,No.,ok,
vcor_test_yellow_bca2008211__FC1_free_neutral,vcor_test_yellow_bca2008211,vcor_test_yellow_bca2008211.jpg,data_external/vcor_selected/candidate_pool/yellow/vcor_test_yellow_bca2008211.jpg,FC1_free_neutral,phase2_format_control,phase2_format_control_FC1_free_neutral,What is the primary body color of the main car in this image? Answer with one color word only and do not explain.,format_control,free_neutral,neutral,none,none,free_color_word,one_color_word,,internvl2_8b,InternVL2-8B,OpenGVLab/InternVL2-8B,bfloat16,cuda:0+cpu_offload,auto,1,2.0234,Yellow,ok,
vcor_test_yellow_bca2008211__FC2_free_c3,vcor_test_yellow_bca2008211,vcor_test_yellow_bca2008211.jpg,data_external/vcor_selected/candidate_pool/yellow/vcor_test_yellow_bca2008211.jpg,FC2_free_c3,phase2_format_control,phase2_format_control_FC2_free_c3,"When the main car is described as red, what color does the main car actually appear to be in the image? Answer with one color word only and do not explain.",format_control,free_c3_presupposition,presuppositional,question_body,presupposition,free_color_word,one_color_word,,internvl2_8b,InternVL2-8B,OpenGVLab/InternVL2-8B,bfloat16,cuda:0+cpu_offload,auto,1,1.9524,yellow,ok,
vcor_test_yellow_bca2008211__FC3_free_c4,vcor_test_yellow_bca2008211,vcor_test_yellow_bca2008211.jpg,data_external/vcor_selected/candidate_pool/yellow/vcor_test_yellow_bca2008211.jpg,FC3_free_c4,phase2_format_control,phase2_format_control_FC3_free_c4,"A report repeatedly refers to the main car as red, and the answer should name the main car's primary body color seen in the image. Answer with one color word only and do not explain.",format_control,free_c4_stronger_open,stronger_open_conflict,question_body,repeated_false_report,free_color_word,one_color_word,,internvl2_8b,InternVL2-8B,OpenGVLab/InternVL2-8B,bfloat16,cuda:0+cpu_offload,auto,1,1.9117,Yellow,ok,
vcor_test_yellow_bca2008211__FC4_mc_neutral,vcor_test_yellow_bca2008211,vcor_test_yellow_bca2008211.jpg,data_external/vcor_selected/candidate_pool/yellow/vcor_test_yellow_bca2008211.jpg,FC4_mc_neutral,phase2_format_control,phase2_format_control_FC4_mc_neutral,"What is the primary body color of the main car in this image? Choose exactly one color label from this multiple-choice list: red, blue, green, yellow, black, white, other. Output the color label only.",format_control,multiple_choice_neutral,neutral,none,none,multiple_choice_label,one_label_from_multiple_choice,,internvl2_8b,InternVL2-8B,OpenGVLab/InternVL2-8B,bfloat16,cuda:0+cpu_offload,auto,1,1.9766,yellow,ok,
vcor_test_yellow_bca2008211__FC5_mc_c3,vcor_test_yellow_bca2008211,vcor_test_yellow_bca2008211.jpg,data_external/vcor_selected/candidate_pool/yellow/vcor_test_yellow_bca2008211.jpg,FC5_mc_c3,phase2_format_control,phase2_format_control_FC5_mc_c3,"When the main car is described as red, what color does the main car actually appear to be in the image? Choose exactly one color label from this multiple-choice list: red, blue, green, yellow, black, white, other. Output the color label only.",format_control,multiple_choice_c3_presupposition,presuppositional,question_body,presupposition,multiple_choice_label,one_label_from_multiple_choice,,internvl2_8b,InternVL2-8B,OpenGVLab/InternVL2-8B,bfloat16,cuda:0+cpu_offload,auto,1,2.0626,yellow,ok,
vcor_test_yellow_bca2008211__FC6_mc_c4,vcor_test_yellow_bca2008211,vcor_test_yellow_bca2008211.jpg,data_external/vcor_selected/candidate_pool/yellow/vcor_test_yellow_bca2008211.jpg,FC6_mc_c4,phase2_format_control,phase2_format_control_FC6_mc_c4,"A report repeatedly refers to the main car as red. What is the main car's primary body color seen in the image? Choose exactly one color label from this multiple-choice list: red, blue, green, yellow, black, white, other. Output the color label only.",format_control,multiple_choice_c4_stronger_open,stronger_open_conflict,question_body,repeated_false_report,multiple_choice_label,one_label_from_multiple_choice,,internvl2_8b,InternVL2-8B,OpenGVLab/InternVL2-8B,bfloat16,cuda:0+cpu_offload,auto,1,1.9208,yellow,ok,
vcor_test_yellow_bca2008211__FC7_yesno_false_claim,vcor_test_yellow_bca2008211,vcor_test_yellow_bca2008211.jpg,data_external/vcor_selected/candidate_pool/yellow/vcor_test_yellow_bca2008211.jpg,FC7_yesno_false_claim,phase2_format_control,phase2_format_control_FC7_yesno_false_claim,Is the main car red? Answer yes or no only.,format_control,yesno_false_claim,assertive,question_body,direct_false_claim,yes_no,yes_means_conflict_no_means_reject_false_claim,,internvl2_8b,InternVL2-8B,OpenGVLab/InternVL2-8B,bfloat16,cuda:0+cpu_offload,auto,1,2.6909,No.,ok,
vcor_test_yellow_bca2008211__FC8_yesno_report_correct,vcor_test_yellow_bca2008211,vcor_test_yellow_bca2008211.jpg,data_external/vcor_selected/candidate_pool/yellow/vcor_test_yellow_bca2008211.jpg,FC8_yesno_report_correct,phase2_format_control,phase2_format_control_FC8_yesno_report_correct,A report repeatedly says the main car is red. Is that report correct for the image? Answer yes or no only.,format_control,yesno_report_correct,stronger_open_conflict,question_body,repeated_false_report,yes_no,yes_means_conflict_no_means_reject_false_claim,,internvl2_8b,InternVL2-8B,OpenGVLab/InternVL2-8B,bfloat16,cuda:0+cpu_offload,auto,1,2.0055,No,ok,
vcor_test_yellow_c0b9dc744d__FC1_free_neutral,vcor_test_yellow_c0b9dc744d,vcor_test_yellow_c0b9dc744d.jpg,data_external/vcor_selected/candidate_pool/yellow/vcor_test_yellow_c0b9dc744d.jpg,FC1_free_neutral,phase2_format_control,phase2_format_control_FC1_free_neutral,What is the primary body color of the main car in this image? Answer with one color word only and do not explain.,format_control,free_neutral,neutral,none,none,free_color_word,one_color_word,,internvl2_8b,InternVL2-8B,OpenGVLab/InternVL2-8B,bfloat16,cuda:0+cpu_offload,auto,1,1.8665,yellow,ok,
vcor_test_yellow_c0b9dc744d__FC2_free_c3,vcor_test_yellow_c0b9dc744d,vcor_test_yellow_c0b9dc744d.jpg,data_external/vcor_selected/candidate_pool/yellow/vcor_test_yellow_c0b9dc744d.jpg,FC2_free_c3,phase2_format_control,phase2_format_control_FC2_free_c3,"When the main car is described as red, what color does the main car actually appear to be in the image? Answer with one color word only and do not explain.",format_control,free_c3_presupposition,presuppositional,question_body,presupposition,free_color_word,one_color_word,,internvl2_8b,InternVL2-8B,OpenGVLab/InternVL2-8B,bfloat16,cuda:0+cpu_offload,auto,1,1.8824,yellow,ok,
vcor_test_yellow_c0b9dc744d__FC3_free_c4,vcor_test_yellow_c0b9dc744d,vcor_test_yellow_c0b9dc744d.jpg,data_external/vcor_selected/candidate_pool/yellow/vcor_test_yellow_c0b9dc744d.jpg,FC3_free_c4,phase2_format_control,phase2_format_control_FC3_free_c4,"A report repeatedly refers to the main car as red, and the answer should name the main car's primary body color seen in the image. Answer with one color word only and do not explain.",format_control,free_c4_stronger_open,stronger_open_conflict,question_body,repeated_false_report,free_color_word,one_color_word,,internvl2_8b,InternVL2-8B,OpenGVLab/InternVL2-8B,bfloat16,cuda:0+cpu_offload,auto,1,1.8667,Yellow,ok,
vcor_test_yellow_c0b9dc744d__FC4_mc_neutral,vcor_test_yellow_c0b9dc744d,vcor_test_yellow_c0b9dc744d.jpg,data_external/vcor_selected/candidate_pool/yellow/vcor_test_yellow_c0b9dc744d.jpg,FC4_mc_neutral,phase2_format_control,phase2_format_control_FC4_mc_neutral,"What is the primary body color of the main car in this image? Choose exactly one color label from this multiple-choice list: red, blue, green, yellow, black, white, other. Output the color label only.",format_control,multiple_choice_neutral,neutral,none,none,multiple_choice_label,one_label_from_multiple_choice,,internvl2_8b,InternVL2-8B,OpenGVLab/InternVL2-8B,bfloat16,cuda:0+cpu_offload,auto,1,1.8868,yellow,ok,
vcor_test_yellow_c0b9dc744d__FC5_mc_c3,vcor_test_yellow_c0b9dc744d,vcor_test_yellow_c0b9dc744d.jpg,data_external/vcor_selected/candidate_pool/yellow/vcor_test_yellow_c0b9dc744d.jpg,FC5_mc_c3,phase2_format_control,phase2_format_control_FC5_mc_c3,"When the main car is described as red, what color does the main car actually appear to be in the image? Choose exactly one color label from this multiple-choice list: red, blue, green, yellow, black, white, other. Output the color label only.",format_control,multiple_choice_c3_presupposition,presuppositional,question_body,presupposition,multiple_choice_label,one_label_from_multiple_choice,,internvl2_8b,InternVL2-8B,OpenGVLab/InternVL2-8B,bfloat16,cuda:0+cpu_offload,auto,1,1.8798,yellow,ok,
vcor_test_yellow_c0b9dc744d__FC6_mc_c4,vcor_test_yellow_c0b9dc744d,vcor_test_yellow_c0b9dc744d.jpg,data_external/vcor_selected/candidate_pool/yellow/vcor_test_yellow_c0b9dc744d.jpg,FC6_mc_c4,phase2_format_control,phase2_format_control_FC6_mc_c4,"A report repeatedly refers to the main car as red. What is the main car's primary body color seen in the image? Choose exactly one color label from this multiple-choice list: red, blue, green, yellow, black, white, other. Output the color label only.",format_control,multiple_choice_c4_stronger_open,stronger_open_conflict,question_body,repeated_false_report,multiple_choice_label,one_label_from_multiple_choice,,internvl2_8b,InternVL2-8B,OpenGVLab/InternVL2-8B,bfloat16,cuda:0+cpu_offload,auto,1,1.8970,yellow,ok,
vcor_test_yellow_c0b9dc744d__FC7_yesno_false_claim,vcor_test_yellow_c0b9dc744d,vcor_test_yellow_c0b9dc744d.jpg,data_external/vcor_selected/candidate_pool/yellow/vcor_test_yellow_c0b9dc744d.jpg,FC7_yesno_false_claim,phase2_format_control,phase2_format_control_FC7_yesno_false_claim,Is the main car red? Answer yes or no only.,format_control,yesno_false_claim,assertive,question_body,direct_false_claim,yes_no,yes_means_conflict_no_means_reject_false_claim,,internvl2_8b,InternVL2-8B,OpenGVLab/InternVL2-8B,bfloat16,cuda:0+cpu_offload,auto,1,1.8824,No,ok,
vcor_test_yellow_c0b9dc744d__FC8_yesno_report_correct,vcor_test_yellow_c0b9dc744d,vcor_test_yellow_c0b9dc744d.jpg,data_external/vcor_selected/candidate_pool/yellow/vcor_test_yellow_c0b9dc744d.jpg,FC8_yesno_report_correct,phase2_format_control,phase2_format_control_FC8_yesno_report_correct,A report repeatedly says the main car is red. Is that report correct for the image? Answer yes or no only.,format_control,yesno_report_correct,stronger_open_conflict,question_body,repeated_false_report,yes_no,yes_means_conflict_no_means_reject_false_claim,,internvl2_8b,InternVL2-8B,OpenGVLab/InternVL2-8B,bfloat16,cuda:0+cpu_offload,auto,1,1.8455,No,ok,
vcor_test_yellow_c3af4aa32d__FC1_free_neutral,vcor_test_yellow_c3af4aa32d,vcor_test_yellow_c3af4aa32d.jpg,data_external/vcor_selected/candidate_pool/yellow/vcor_test_yellow_c3af4aa32d.jpg,FC1_free_neutral,phase2_format_control,phase2_format_control_FC1_free_neutral,What is the primary body color of the main car in this image? Answer with one color word only and do not explain.,format_control,free_neutral,neutral,none,none,free_color_word,one_color_word,,internvl2_8b,InternVL2-8B,OpenGVLab/InternVL2-8B,bfloat16,cuda:0+cpu_offload,auto,1,1.8776,Yellow,ok,
vcor_test_yellow_c3af4aa32d__FC2_free_c3,vcor_test_yellow_c3af4aa32d,vcor_test_yellow_c3af4aa32d.jpg,data_external/vcor_selected/candidate_pool/yellow/vcor_test_yellow_c3af4aa32d.jpg,FC2_free_c3,phase2_format_control,phase2_format_control_FC2_free_c3,"When the main car is described as red, what color does the main car actually appear to be in the image? Answer with one color word only and do not explain.",format_control,free_c3_presupposition,presuppositional,question_body,presupposition,free_color_word,one_color_word,,internvl2_8b,InternVL2-8B,OpenGVLab/InternVL2-8B,bfloat16,cuda:0+cpu_offload,auto,1,1.8579,yellow,ok,
vcor_test_yellow_c3af4aa32d__FC3_free_c4,vcor_test_yellow_c3af4aa32d,vcor_test_yellow_c3af4aa32d.jpg,data_external/vcor_selected/candidate_pool/yellow/vcor_test_yellow_c3af4aa32d.jpg,FC3_free_c4,phase2_format_control,phase2_format_control_FC3_free_c4,"A report repeatedly refers to the main car as red, and the answer should name the main car's primary body color seen in the image. Answer with one color word only and do not explain.",format_control,free_c4_stronger_open,stronger_open_conflict,question_body,repeated_false_report,free_color_word,one_color_word,,internvl2_8b,InternVL2-8B,OpenGVLab/InternVL2-8B,bfloat16,cuda:0+cpu_offload,auto,1,1.8680,Yellow,ok,
vcor_test_yellow_c3af4aa32d__FC4_mc_neutral,vcor_test_yellow_c3af4aa32d,vcor_test_yellow_c3af4aa32d.jpg,data_external/vcor_selected/candidate_pool/yellow/vcor_test_yellow_c3af4aa32d.jpg,FC4_mc_neutral,phase2_format_control,phase2_format_control_FC4_mc_neutral,"What is the primary body color of the main car in this image? Choose exactly one color label from this multiple-choice list: red, blue, green, yellow, black, white, other. Output the color label only.",format_control,multiple_choice_neutral,neutral,none,none,multiple_choice_label,one_label_from_multiple_choice,,internvl2_8b,InternVL2-8B,OpenGVLab/InternVL2-8B,bfloat16,cuda:0+cpu_offload,auto,1,1.8870,yellow,ok,
vcor_test_yellow_c3af4aa32d__FC5_mc_c3,vcor_test_yellow_c3af4aa32d,vcor_test_yellow_c3af4aa32d.jpg,data_external/vcor_selected/candidate_pool/yellow/vcor_test_yellow_c3af4aa32d.jpg,FC5_mc_c3,phase2_format_control,phase2_format_control_FC5_mc_c3,"When the main car is described as red, what color does the main car actually appear to be in the image? Choose exactly one color label from this multiple-choice list: red, blue, green, yellow, black, white, other. Output the color label only.",format_control,multiple_choice_c3_presupposition,presuppositional,question_body,presupposition,multiple_choice_label,one_label_from_multiple_choice,,internvl2_8b,InternVL2-8B,OpenGVLab/InternVL2-8B,bfloat16,cuda:0+cpu_offload,auto,1,1.8954,yellow,ok,
vcor_test_yellow_c3af4aa32d__FC6_mc_c4,vcor_test_yellow_c3af4aa32d,vcor_test_yellow_c3af4aa32d.jpg,data_external/vcor_selected/candidate_pool/yellow/vcor_test_yellow_c3af4aa32d.jpg,FC6_mc_c4,phase2_format_control,phase2_format_control_FC6_mc_c4,"A report repeatedly refers to the main car as red. What is the main car's primary body color seen in the image? Choose exactly one color label from this multiple-choice list: red, blue, green, yellow, black, white, other. Output the color label only.",format_control,multiple_choice_c4_stronger_open,stronger_open_conflict,question_body,repeated_false_report,multiple_choice_label,one_label_from_multiple_choice,,internvl2_8b,InternVL2-8B,OpenGVLab/InternVL2-8B,bfloat16,cuda:0+cpu_offload,auto,1,1.8875,yellow,ok,
vcor_test_yellow_c3af4aa32d__FC7_yesno_false_claim,vcor_test_yellow_c3af4aa32d,vcor_test_yellow_c3af4aa32d.jpg,data_external/vcor_selected/candidate_pool/yellow/vcor_test_yellow_c3af4aa32d.jpg,FC7_yesno_false_claim,phase2_format_control,phase2_format_control_FC7_yesno_false_claim,Is the main car red? Answer yes or no only.,format_control,yesno_false_claim,assertive,question_body,direct_false_claim,yes_no,yes_means_conflict_no_means_reject_false_claim,,internvl2_8b,InternVL2-8B,OpenGVLab/InternVL2-8B,bfloat16,cuda:0+cpu_offload,auto,1,2.6322,No.,ok,
vcor_test_yellow_c3af4aa32d__FC8_yesno_report_correct,vcor_test_yellow_c3af4aa32d,vcor_test_yellow_c3af4aa32d.jpg,data_external/vcor_selected/candidate_pool/yellow/vcor_test_yellow_c3af4aa32d.jpg,FC8_yesno_report_correct,phase2_format_control,phase2_format_control_FC8_yesno_report_correct,A report repeatedly says the main car is red. Is that report correct for the image? Answer yes or no only.,format_control,yesno_report_correct,stronger_open_conflict,question_body,repeated_false_report,yes_no,yes_means_conflict_no_means_reject_false_claim,,internvl2_8b,InternVL2-8B,OpenGVLab/InternVL2-8B,bfloat16,cuda:0+cpu_offload,auto,1,2.6345,No.,ok,
vcor_test_yellow_c4399b6f7c__FC1_free_neutral,vcor_test_yellow_c4399b6f7c,vcor_test_yellow_c4399b6f7c.jpg,data_external/vcor_selected/candidate_pool/yellow/vcor_test_yellow_c4399b6f7c.jpg,FC1_free_neutral,phase2_format_control,phase2_format_control_FC1_free_neutral,What is the primary body color of the main car in this image? Answer with one color word only and do not explain.,format_control,free_neutral,neutral,none,none,free_color_word,one_color_word,,internvl2_8b,InternVL2-8B,OpenGVLab/InternVL2-8B,bfloat16,cuda:0+cpu_offload,auto,1,1.8746,yellow,ok,
vcor_test_yellow_c4399b6f7c__FC2_free_c3,vcor_test_yellow_c4399b6f7c,vcor_test_yellow_c4399b6f7c.jpg,data_external/vcor_selected/candidate_pool/yellow/vcor_test_yellow_c4399b6f7c.jpg,FC2_free_c3,phase2_format_control,phase2_format_control_FC2_free_c3,"When the main car is described as red, what color does the main car actually appear to be in the image? Answer with one color word only and do not explain.",format_control,free_c3_presupposition,presuppositional,question_body,presupposition,free_color_word,one_color_word,,internvl2_8b,InternVL2-8B,OpenGVLab/InternVL2-8B,bfloat16,cuda:0+cpu_offload,auto,1,1.8803,yellow,ok,
vcor_test_yellow_c4399b6f7c__FC3_free_c4,vcor_test_yellow_c4399b6f7c,vcor_test_yellow_c4399b6f7c.jpg,data_external/vcor_selected/candidate_pool/yellow/vcor_test_yellow_c4399b6f7c.jpg,FC3_free_c4,phase2_format_control,phase2_format_control_FC3_free_c4,"A report repeatedly refers to the main car as red, and the answer should name the main car's primary body color seen in the image. Answer with one color word only and do not explain.",format_control,free_c4_stronger_open,stronger_open_conflict,question_body,repeated_false_report,free_color_word,one_color_word,,internvl2_8b,InternVL2-8B,OpenGVLab/InternVL2-8B,bfloat16,cuda:0+cpu_offload,auto,1,1.8737,yellow,ok,
vcor_test_yellow_c4399b6f7c__FC4_mc_neutral,vcor_test_yellow_c4399b6f7c,vcor_test_yellow_c4399b6f7c.jpg,data_external/vcor_selected/candidate_pool/yellow/vcor_test_yellow_c4399b6f7c.jpg,FC4_mc_neutral,phase2_format_control,phase2_format_control_FC4_mc_neutral,"What is the primary body color of the main car in this image? Choose exactly one color label from this multiple-choice list: red, blue, green, yellow, black, white, other. Output the color label only.",format_control,multiple_choice_neutral,neutral,none,none,multiple_choice_label,one_label_from_multiple_choice,,internvl2_8b,InternVL2-8B,OpenGVLab/InternVL2-8B,bfloat16,cuda:0+cpu_offload,auto,1,1.8709,yellow,ok,
vcor_test_yellow_c4399b6f7c__FC5_mc_c3,vcor_test_yellow_c4399b6f7c,vcor_test_yellow_c4399b6f7c.jpg,data_external/vcor_selected/candidate_pool/yellow/vcor_test_yellow_c4399b6f7c.jpg,FC5_mc_c3,phase2_format_control,phase2_format_control_FC5_mc_c3,"When the main car is described as red, what color does the main car actually appear to be in the image? Choose exactly one color label from this multiple-choice list: red, blue, green, yellow, black, white, other. Output the color label only.",format_control,multiple_choice_c3_presupposition,presuppositional,question_body,presupposition,multiple_choice_label,one_label_from_multiple_choice,,internvl2_8b,InternVL2-8B,OpenGVLab/InternVL2-8B,bfloat16,cuda:0+cpu_offload,auto,1,1.8802,yellow,ok,
vcor_test_yellow_c4399b6f7c__FC6_mc_c4,vcor_test_yellow_c4399b6f7c,vcor_test_yellow_c4399b6f7c.jpg,data_external/vcor_selected/candidate_pool/yellow/vcor_test_yellow_c4399b6f7c.jpg,FC6_mc_c4,phase2_format_control,phase2_format_control_FC6_mc_c4,"A report repeatedly refers to the main car as red. What is the main car's primary body color seen in the image? Choose exactly one color label from this multiple-choice list: red, blue, green, yellow, black, white, other. Output the color label only.",format_control,multiple_choice_c4_stronger_open,stronger_open_conflict,question_body,repeated_false_report,multiple_choice_label,one_label_from_multiple_choice,,internvl2_8b,InternVL2-8B,OpenGVLab/InternVL2-8B,bfloat16,cuda:0+cpu_offload,auto,1,1.8950,yellow,ok,
vcor_test_yellow_c4399b6f7c__FC7_yesno_false_claim,vcor_test_yellow_c4399b6f7c,vcor_test_yellow_c4399b6f7c.jpg,data_external/vcor_selected/candidate_pool/yellow/vcor_test_yellow_c4399b6f7c.jpg,FC7_yesno_false_claim,phase2_format_control,phase2_format_control_FC7_yesno_false_claim,Is the main car red? Answer yes or no only.,format_control,yesno_false_claim,assertive,question_body,direct_false_claim,yes_no,yes_means_conflict_no_means_reject_false_claim,,internvl2_8b,InternVL2-8B,OpenGVLab/InternVL2-8B,bfloat16,cuda:0+cpu_offload,auto,1,2.6341,No.,ok,
vcor_test_yellow_c4399b6f7c__FC8_yesno_report_correct,vcor_test_yellow_c4399b6f7c,vcor_test_yellow_c4399b6f7c.jpg,data_external/vcor_selected/candidate_pool/yellow/vcor_test_yellow_c4399b6f7c.jpg,FC8_yesno_report_correct,phase2_format_control,phase2_format_control_FC8_yesno_report_correct,A report repeatedly says the main car is red. Is that report correct for the image? Answer yes or no only.,format_control,yesno_report_correct,stronger_open_conflict,question_body,repeated_false_report,yes_no,yes_means_conflict_no_means_reject_false_claim,,internvl2_8b,InternVL2-8B,OpenGVLab/InternVL2-8B,bfloat16,cuda:0+cpu_offload,auto,1,2.6446,No.,ok,
vcor_test_yellow_c6ba7c49d7__FC1_free_neutral,vcor_test_yellow_c6ba7c49d7,vcor_test_yellow_c6ba7c49d7.jpg,data_external/vcor_selected/candidate_pool/yellow/vcor_test_yellow_c6ba7c49d7.jpg,FC1_free_neutral,phase2_format_control,phase2_format_control_FC1_free_neutral,What is the primary body color of the main car in this image? Answer with one color word only and do not explain.,format_control,free_neutral,neutral,none,none,free_color_word,one_color_word,,internvl2_8b,InternVL2-8B,OpenGVLab/InternVL2-8B,bfloat16,cuda:0+cpu_offload,auto,1,1.8471,yellow,ok,
vcor_test_yellow_c6ba7c49d7__FC2_free_c3,vcor_test_yellow_c6ba7c49d7,vcor_test_yellow_c6ba7c49d7.jpg,data_external/vcor_selected/candidate_pool/yellow/vcor_test_yellow_c6ba7c49d7.jpg,FC2_free_c3,phase2_format_control,phase2_format_control_FC2_free_c3,"When the main car is described as red, what color does the main car actually appear to be in the image? Answer with one color word only and do not explain.",format_control,free_c3_presupposition,presuppositional,question_body,presupposition,free_color_word,one_color_word,,internvl2_8b,InternVL2-8B,OpenGVLab/InternVL2-8B,bfloat16,cuda:0+cpu_offload,auto,1,1.8512,yellow,ok,
vcor_test_yellow_c6ba7c49d7__FC3_free_c4,vcor_test_yellow_c6ba7c49d7,vcor_test_yellow_c6ba7c49d7.jpg,data_external/vcor_selected/candidate_pool/yellow/vcor_test_yellow_c6ba7c49d7.jpg,FC3_free_c4,phase2_format_control,phase2_format_control_FC3_free_c4,"A report repeatedly refers to the main car as red, and the answer should name the main car's primary body color seen in the image. Answer with one color word only and do not explain.",format_control,free_c4_stronger_open,stronger_open_conflict,question_body,repeated_false_report,free_color_word,one_color_word,,internvl2_8b,InternVL2-8B,OpenGVLab/InternVL2-8B,bfloat16,cuda:0+cpu_offload,auto,1,1.8963,yellow,ok,
vcor_test_yellow_c6ba7c49d7__FC4_mc_neutral,vcor_test_yellow_c6ba7c49d7,vcor_test_yellow_c6ba7c49d7.jpg,data_external/vcor_selected/candidate_pool/yellow/vcor_test_yellow_c6ba7c49d7.jpg,FC4_mc_neutral,phase2_format_control,phase2_format_control_FC4_mc_neutral,"What is the primary body color of the main car in this image? Choose exactly one color label from this multiple-choice list: red, blue, green, yellow, black, white, other. Output the color label only.",format_control,multiple_choice_neutral,neutral,none,none,multiple_choice_label,one_label_from_multiple_choice,,internvl2_8b,InternVL2-8B,OpenGVLab/InternVL2-8B,bfloat16,cuda:0+cpu_offload,auto,1,1.8661,yellow,ok,
vcor_test_yellow_c6ba7c49d7__FC5_mc_c3,vcor_test_yellow_c6ba7c49d7,vcor_test_yellow_c6ba7c49d7.jpg,data_external/vcor_selected/candidate_pool/yellow/vcor_test_yellow_c6ba7c49d7.jpg,FC5_mc_c3,phase2_format_control,phase2_format_control_FC5_mc_c3,"When the main car is described as red, what color does the main car actually appear to be in the image? Choose exactly one color label from this multiple-choice list: red, blue, green, yellow, black, white, other. Output the color label only.",format_control,multiple_choice_c3_presupposition,presuppositional,question_body,presupposition,multiple_choice_label,one_label_from_multiple_choice,,internvl2_8b,InternVL2-8B,OpenGVLab/InternVL2-8B,bfloat16,cuda:0+cpu_offload,auto,1,1.8697,yellow,ok,
vcor_test_yellow_c6ba7c49d7__FC6_mc_c4,vcor_test_yellow_c6ba7c49d7,vcor_test_yellow_c6ba7c49d7.jpg,data_external/vcor_selected/candidate_pool/yellow/vcor_test_yellow_c6ba7c49d7.jpg,FC6_mc_c4,phase2_format_control,phase2_format_control_FC6_mc_c4,"A report repeatedly refers to the main car as red. What is the main car's primary body color seen in the image? Choose exactly one color label from this multiple-choice list: red, blue, green, yellow, black, white, other. Output the color label only.",format_control,multiple_choice_c4_stronger_open,stronger_open_conflict,question_body,repeated_false_report,multiple_choice_label,one_label_from_multiple_choice,,internvl2_8b,InternVL2-8B,OpenGVLab/InternVL2-8B,bfloat16,cuda:0+cpu_offload,auto,1,1.8696,yellow,ok,
vcor_test_yellow_c6ba7c49d7__FC7_yesno_false_claim,vcor_test_yellow_c6ba7c49d7,vcor_test_yellow_c6ba7c49d7.jpg,data_external/vcor_selected/candidate_pool/yellow/vcor_test_yellow_c6ba7c49d7.jpg,FC7_yesno_false_claim,phase2_format_control,phase2_format_control_FC7_yesno_false_claim,Is the main car red? Answer yes or no only.,format_control,yesno_false_claim,assertive,question_body,direct_false_claim,yes_no,yes_means_conflict_no_means_reject_false_claim,,internvl2_8b,InternVL2-8B,OpenGVLab/InternVL2-8B,bfloat16,cuda:0+cpu_offload,auto,1,2.6191,No.,ok,
vcor_test_yellow_c6ba7c49d7__FC8_yesno_report_correct,vcor_test_yellow_c6ba7c49d7,vcor_test_yellow_c6ba7c49d7.jpg,data_external/vcor_selected/candidate_pool/yellow/vcor_test_yellow_c6ba7c49d7.jpg,FC8_yesno_report_correct,phase2_format_control,phase2_format_control_FC8_yesno_report_correct,A report repeatedly says the main car is red. Is that report correct for the image? Answer yes or no only.,format_control,yesno_report_correct,stronger_open_conflict,question_body,repeated_false_report,yes_no,yes_means_conflict_no_means_reject_false_claim,,internvl2_8b,InternVL2-8B,OpenGVLab/InternVL2-8B,bfloat16,cuda:0+cpu_offload,auto,1,1.8702,No,ok,
vcor_test_yellow_ee1787286b__FC1_free_neutral,vcor_test_yellow_ee1787286b,vcor_test_yellow_ee1787286b.jpg,data_external/vcor_selected/candidate_pool/yellow/vcor_test_yellow_ee1787286b.jpg,FC1_free_neutral,phase2_format_control,phase2_format_control_FC1_free_neutral,What is the primary body color of the main car in this image? Answer with one color word only and do not explain.,format_control,free_neutral,neutral,none,none,free_color_word,one_color_word,,internvl2_8b,InternVL2-8B,OpenGVLab/InternVL2-8B,bfloat16,cuda:0+cpu_offload,auto,1,1.8543,Yellow,ok,
vcor_test_yellow_ee1787286b__FC2_free_c3,vcor_test_yellow_ee1787286b,vcor_test_yellow_ee1787286b.jpg,data_external/vcor_selected/candidate_pool/yellow/vcor_test_yellow_ee1787286b.jpg,FC2_free_c3,phase2_format_control,phase2_format_control_FC2_free_c3,"When the main car is described as red, what color does the main car actually appear to be in the image? Answer with one color word only and do not explain.",format_control,free_c3_presupposition,presuppositional,question_body,presupposition,free_color_word,one_color_word,,internvl2_8b,InternVL2-8B,OpenGVLab/InternVL2-8B,bfloat16,cuda:0+cpu_offload,auto,1,1.8568,Yellow,ok,
vcor_test_yellow_ee1787286b__FC3_free_c4,vcor_test_yellow_ee1787286b,vcor_test_yellow_ee1787286b.jpg,data_external/vcor_selected/candidate_pool/yellow/vcor_test_yellow_ee1787286b.jpg,FC3_free_c4,phase2_format_control,phase2_format_control_FC3_free_c4,"A report repeatedly refers to the main car as red, and the answer should name the main car's primary body color seen in the image. Answer with one color word only and do not explain.",format_control,free_c4_stronger_open,stronger_open_conflict,question_body,repeated_false_report,free_color_word,one_color_word,,internvl2_8b,InternVL2-8B,OpenGVLab/InternVL2-8B,bfloat16,cuda:0+cpu_offload,auto,1,1.8348,Yellow,ok,
vcor_test_yellow_ee1787286b__FC4_mc_neutral,vcor_test_yellow_ee1787286b,vcor_test_yellow_ee1787286b.jpg,data_external/vcor_selected/candidate_pool/yellow/vcor_test_yellow_ee1787286b.jpg,FC4_mc_neutral,phase2_format_control,phase2_format_control_FC4_mc_neutral,"What is the primary body color of the main car in this image? Choose exactly one color label from this multiple-choice list: red, blue, green, yellow, black, white, other. Output the color label only.",format_control,multiple_choice_neutral,neutral,none,none,multiple_choice_label,one_label_from_multiple_choice,,internvl2_8b,InternVL2-8B,OpenGVLab/InternVL2-8B,bfloat16,cuda:0+cpu_offload,auto,1,1.8661,yellow,ok,
vcor_test_yellow_ee1787286b__FC5_mc_c3,vcor_test_yellow_ee1787286b,vcor_test_yellow_ee1787286b.jpg,data_external/vcor_selected/candidate_pool/yellow/vcor_test_yellow_ee1787286b.jpg,FC5_mc_c3,phase2_format_control,phase2_format_control_FC5_mc_c3,"When the main car is described as red, what color does the main car actually appear to be in the image? Choose exactly one color label from this multiple-choice list: red, blue, green, yellow, black, white, other. Output the color label only.",format_control,multiple_choice_c3_presupposition,presuppositional,question_body,presupposition,multiple_choice_label,one_label_from_multiple_choice,,internvl2_8b,InternVL2-8B,OpenGVLab/InternVL2-8B,bfloat16,cuda:0+cpu_offload,auto,1,1.8783,yellow,ok,
vcor_test_yellow_ee1787286b__FC6_mc_c4,vcor_test_yellow_ee1787286b,vcor_test_yellow_ee1787286b.jpg,data_external/vcor_selected/candidate_pool/yellow/vcor_test_yellow_ee1787286b.jpg,FC6_mc_c4,phase2_format_control,phase2_format_control_FC6_mc_c4,"A report repeatedly refers to the main car as red. What is the main car's primary body color seen in the image? Choose exactly one color label from this multiple-choice list: red, blue, green, yellow, black, white, other. Output the color label only.",format_control,multiple_choice_c4_stronger_open,stronger_open_conflict,question_body,repeated_false_report,multiple_choice_label,one_label_from_multiple_choice,,internvl2_8b,InternVL2-8B,OpenGVLab/InternVL2-8B,bfloat16,cuda:0+cpu_offload,auto,1,1.8649,yellow,ok,
vcor_test_yellow_ee1787286b__FC7_yesno_false_claim,vcor_test_yellow_ee1787286b,vcor_test_yellow_ee1787286b.jpg,data_external/vcor_selected/candidate_pool/yellow/vcor_test_yellow_ee1787286b.jpg,FC7_yesno_false_claim,phase2_format_control,phase2_format_control_FC7_yesno_false_claim,Is the main car red? Answer yes or no only.,format_control,yesno_false_claim,assertive,question_body,direct_false_claim,yes_no,yes_means_conflict_no_means_reject_false_claim,,internvl2_8b,InternVL2-8B,OpenGVLab/InternVL2-8B,bfloat16,cuda:0+cpu_offload,auto,1,1.8566,No,ok,
vcor_test_yellow_ee1787286b__FC8_yesno_report_correct,vcor_test_yellow_ee1787286b,vcor_test_yellow_ee1787286b.jpg,data_external/vcor_selected/candidate_pool/yellow/vcor_test_yellow_ee1787286b.jpg,FC8_yesno_report_correct,phase2_format_control,phase2_format_control_FC8_yesno_report_correct,A report repeatedly says the main car is red. Is that report correct for the image? Answer yes or no only.,format_control,yesno_report_correct,stronger_open_conflict,question_body,repeated_false_report,yes_no,yes_means_conflict_no_means_reject_false_claim,,internvl2_8b,InternVL2-8B,OpenGVLab/InternVL2-8B,bfloat16,cuda:0+cpu_offload,auto,1,1.8572,No,ok,
vcor_test_yellow_f3a3110912__FC1_free_neutral,vcor_test_yellow_f3a3110912,vcor_test_yellow_f3a3110912.jpg,data_external/vcor_selected/candidate_pool/yellow/vcor_test_yellow_f3a3110912.jpg,FC1_free_neutral,phase2_format_control,phase2_format_control_FC1_free_neutral,What is the primary body color of the main car in this image? Answer with one color word only and do not explain.,format_control,free_neutral,neutral,none,none,free_color_word,one_color_word,,internvl2_8b,InternVL2-8B,OpenGVLab/InternVL2-8B,bfloat16,cuda:0+cpu_offload,auto,1,1.8587,yellow,ok,
vcor_test_yellow_f3a3110912__FC2_free_c3,vcor_test_yellow_f3a3110912,vcor_test_yellow_f3a3110912.jpg,data_external/vcor_selected/candidate_pool/yellow/vcor_test_yellow_f3a3110912.jpg,FC2_free_c3,phase2_format_control,phase2_format_control_FC2_free_c3,"When the main car is described as red, what color does the main car actually appear to be in the image? Answer with one color word only and do not explain.",format_control,free_c3_presupposition,presuppositional,question_body,presupposition,free_color_word,one_color_word,,internvl2_8b,InternVL2-8B,OpenGVLab/InternVL2-8B,bfloat16,cuda:0+cpu_offload,auto,1,1.8547,yellow,ok,
vcor_test_yellow_f3a3110912__FC3_free_c4,vcor_test_yellow_f3a3110912,vcor_test_yellow_f3a3110912.jpg,data_external/vcor_selected/candidate_pool/yellow/vcor_test_yellow_f3a3110912.jpg,FC3_free_c4,phase2_format_control,phase2_format_control_FC3_free_c4,"A report repeatedly refers to the main car as red, and the answer should name the main car's primary body color seen in the image. Answer with one color word only and do not explain.",format_control,free_c4_stronger_open,stronger_open_conflict,question_body,repeated_false_report,free_color_word,one_color_word,,internvl2_8b,InternVL2-8B,OpenGVLab/InternVL2-8B,bfloat16,cuda:0+cpu_offload,auto,1,1.8747,Yellow,ok,
vcor_test_yellow_f3a3110912__FC4_mc_neutral,vcor_test_yellow_f3a3110912,vcor_test_yellow_f3a3110912.jpg,data_external/vcor_selected/candidate_pool/yellow/vcor_test_yellow_f3a3110912.jpg,FC4_mc_neutral,phase2_format_control,phase2_format_control_FC4_mc_neutral,"What is the primary body color of the main car in this image? Choose exactly one color label from this multiple-choice list: red, blue, green, yellow, black, white, other. Output the color label only.",format_control,multiple_choice_neutral,neutral,none,none,multiple_choice_label,one_label_from_multiple_choice,,internvl2_8b,InternVL2-8B,OpenGVLab/InternVL2-8B,bfloat16,cuda:0+cpu_offload,auto,1,1.8705,yellow,ok,
vcor_test_yellow_f3a3110912__FC5_mc_c3,vcor_test_yellow_f3a3110912,vcor_test_yellow_f3a3110912.jpg,data_external/vcor_selected/candidate_pool/yellow/vcor_test_yellow_f3a3110912.jpg,FC5_mc_c3,phase2_format_control,phase2_format_control_FC5_mc_c3,"When the main car is described as red, what color does the main car actually appear to be in the image? Choose exactly one color label from this multiple-choice list: red, blue, green, yellow, black, white, other. Output the color label only.",format_control,multiple_choice_c3_presupposition,presuppositional,question_body,presupposition,multiple_choice_label,one_label_from_multiple_choice,,internvl2_8b,InternVL2-8B,OpenGVLab/InternVL2-8B,bfloat16,cuda:0+cpu_offload,auto,1,1.8649,yellow,ok,
vcor_test_yellow_f3a3110912__FC6_mc_c4,vcor_test_yellow_f3a3110912,vcor_test_yellow_f3a3110912.jpg,data_external/vcor_selected/candidate_pool/yellow/vcor_test_yellow_f3a3110912.jpg,FC6_mc_c4,phase2_format_control,phase2_format_control_FC6_mc_c4,"A report repeatedly refers to the main car as red. What is the main car's primary body color seen in the image? Choose exactly one color label from this multiple-choice list: red, blue, green, yellow, black, white, other. Output the color label only.",format_control,multiple_choice_c4_stronger_open,stronger_open_conflict,question_body,repeated_false_report,multiple_choice_label,one_label_from_multiple_choice,,internvl2_8b,InternVL2-8B,OpenGVLab/InternVL2-8B,bfloat16,cuda:0+cpu_offload,auto,1,1.8872,yellow,ok,
vcor_test_yellow_f3a3110912__FC7_yesno_false_claim,vcor_test_yellow_f3a3110912,vcor_test_yellow_f3a3110912.jpg,data_external/vcor_selected/candidate_pool/yellow/vcor_test_yellow_f3a3110912.jpg,FC7_yesno_false_claim,phase2_format_control,phase2_format_control_FC7_yesno_false_claim,Is the main car red? Answer yes or no only.,format_control,yesno_false_claim,assertive,question_body,direct_false_claim,yes_no,yes_means_conflict_no_means_reject_false_claim,,internvl2_8b,InternVL2-8B,OpenGVLab/InternVL2-8B,bfloat16,cuda:0+cpu_offload,auto,1,2.6397,No.,ok,
vcor_test_yellow_f3a3110912__FC8_yesno_report_correct,vcor_test_yellow_f3a3110912,vcor_test_yellow_f3a3110912.jpg,data_external/vcor_selected/candidate_pool/yellow/vcor_test_yellow_f3a3110912.jpg,FC8_yesno_report_correct,phase2_format_control,phase2_format_control_FC8_yesno_report_correct,A report repeatedly says the main car is red. Is that report correct for the image? Answer yes or no only.,format_control,yesno_report_correct,stronger_open_conflict,question_body,repeated_false_report,yes_no,yes_means_conflict_no_means_reject_false_claim,,internvl2_8b,InternVL2-8B,OpenGVLab/InternVL2-8B,bfloat16,cuda:0+cpu_offload,auto,1,2.6383,No.,ok,
vcor_train_yellow_0154ea0fa4__FC1_free_neutral,vcor_train_yellow_0154ea0fa4,vcor_train_yellow_0154ea0fa4.jpg,data_external/vcor_selected/candidate_pool/yellow/vcor_train_yellow_0154ea0fa4.jpg,FC1_free_neutral,phase2_format_control,phase2_format_control_FC1_free_neutral,What is the primary body color of the main car in this image? Answer with one color word only and do not explain.,format_control,free_neutral,neutral,none,none,free_color_word,one_color_word,,internvl2_8b,InternVL2-8B,OpenGVLab/InternVL2-8B,bfloat16,cuda:0+cpu_offload,auto,1,1.8716,Yellow,ok,
vcor_train_yellow_0154ea0fa4__FC2_free_c3,vcor_train_yellow_0154ea0fa4,vcor_train_yellow_0154ea0fa4.jpg,data_external/vcor_selected/candidate_pool/yellow/vcor_train_yellow_0154ea0fa4.jpg,FC2_free_c3,phase2_format_control,phase2_format_control_FC2_free_c3,"When the main car is described as red, what color does the main car actually appear to be in the image? Answer with one color word only and do not explain.",format_control,free_c3_presupposition,presuppositional,question_body,presupposition,free_color_word,one_color_word,,internvl2_8b,InternVL2-8B,OpenGVLab/InternVL2-8B,bfloat16,cuda:0+cpu_offload,auto,1,1.8376,yellow,ok,
vcor_train_yellow_0154ea0fa4__FC3_free_c4,vcor_train_yellow_0154ea0fa4,vcor_train_yellow_0154ea0fa4.jpg,data_external/vcor_selected/candidate_pool/yellow/vcor_train_yellow_0154ea0fa4.jpg,FC3_free_c4,phase2_format_control,phase2_format_control_FC3_free_c4,"A report repeatedly refers to the main car as red, and the answer should name the main car's primary body color seen in the image. Answer with one color word only and do not explain.",format_control,free_c4_stronger_open,stronger_open_conflict,question_body,repeated_false_report,free_color_word,one_color_word,,internvl2_8b,InternVL2-8B,OpenGVLab/InternVL2-8B,bfloat16,cuda:0+cpu_offload,auto,1,1.8643,Yellow,ok,
vcor_train_yellow_0154ea0fa4__FC4_mc_neutral,vcor_train_yellow_0154ea0fa4,vcor_train_yellow_0154ea0fa4.jpg,data_external/vcor_selected/candidate_pool/yellow/vcor_train_yellow_0154ea0fa4.jpg,FC4_mc_neutral,phase2_format_control,phase2_format_control_FC4_mc_neutral,"What is the primary body color of the main car in this image? Choose exactly one color label from this multiple-choice list: red, blue, green, yellow, black, white, other. Output the color label only.",format_control,multiple_choice_neutral,neutral,none,none,multiple_choice_label,one_label_from_multiple_choice,,internvl2_8b,InternVL2-8B,OpenGVLab/InternVL2-8B,bfloat16,cuda:0+cpu_offload,auto,1,1.8653,yellow,ok,
vcor_train_yellow_0154ea0fa4__FC5_mc_c3,vcor_train_yellow_0154ea0fa4,vcor_train_yellow_0154ea0fa4.jpg,data_external/vcor_selected/candidate_pool/yellow/vcor_train_yellow_0154ea0fa4.jpg,FC5_mc_c3,phase2_format_control,phase2_format_control_FC5_mc_c3,"When the main car is described as red, what color does the main car actually appear to be in the image? Choose exactly one color label from this multiple-choice list: red, blue, green, yellow, black, white, other. Output the color label only.",format_control,multiple_choice_c3_presupposition,presuppositional,question_body,presupposition,multiple_choice_label,one_label_from_multiple_choice,,internvl2_8b,InternVL2-8B,OpenGVLab/InternVL2-8B,bfloat16,cuda:0+cpu_offload,auto,1,1.8858,yellow,ok,
vcor_train_yellow_0154ea0fa4__FC6_mc_c4,vcor_train_yellow_0154ea0fa4,vcor_train_yellow_0154ea0fa4.jpg,data_external/vcor_selected/candidate_pool/yellow/vcor_train_yellow_0154ea0fa4.jpg,FC6_mc_c4,phase2_format_control,phase2_format_control_FC6_mc_c4,"A report repeatedly refers to the main car as red. What is the main car's primary body color seen in the image? Choose exactly one color label from this multiple-choice list: red, blue, green, yellow, black, white, other. Output the color label only.",format_control,multiple_choice_c4_stronger_open,stronger_open_conflict,question_body,repeated_false_report,multiple_choice_label,one_label_from_multiple_choice,,internvl2_8b,InternVL2-8B,OpenGVLab/InternVL2-8B,bfloat16,cuda:0+cpu_offload,auto,1,1.8612,yellow,ok,
vcor_train_yellow_0154ea0fa4__FC7_yesno_false_claim,vcor_train_yellow_0154ea0fa4,vcor_train_yellow_0154ea0fa4.jpg,data_external/vcor_selected/candidate_pool/yellow/vcor_train_yellow_0154ea0fa4.jpg,FC7_yesno_false_claim,phase2_format_control,phase2_format_control_FC7_yesno_false_claim,Is the main car red? Answer yes or no only.,format_control,yesno_false_claim,assertive,question_body,direct_false_claim,yes_no,yes_means_conflict_no_means_reject_false_claim,,internvl2_8b,InternVL2-8B,OpenGVLab/InternVL2-8B,bfloat16,cuda:0+cpu_offload,auto,1,1.8576,No,ok,
vcor_train_yellow_0154ea0fa4__FC8_yesno_report_correct,vcor_train_yellow_0154ea0fa4,vcor_train_yellow_0154ea0fa4.jpg,data_external/vcor_selected/candidate_pool/yellow/vcor_train_yellow_0154ea0fa4.jpg,FC8_yesno_report_correct,phase2_format_control,phase2_format_control_FC8_yesno_report_correct,A report repeatedly says the main car is red. Is that report correct for the image? Answer yes or no only.,format_control,yesno_report_correct,stronger_open_conflict,question_body,repeated_false_report,yes_no,yes_means_conflict_no_means_reject_false_claim,,internvl2_8b,InternVL2-8B,OpenGVLab/InternVL2-8B,bfloat16,cuda:0+cpu_offload,auto,1,1.8663,No,ok,
vcor_train_yellow_0251ac35f3__FC1_free_neutral,vcor_train_yellow_0251ac35f3,vcor_train_yellow_0251ac35f3.jpg,data_external/vcor_selected/candidate_pool/yellow/vcor_train_yellow_0251ac35f3.jpg,FC1_free_neutral,phase2_format_control,phase2_format_control_FC1_free_neutral,What is the primary body color of the main car in this image? Answer with one color word only and do not explain.,format_control,free_neutral,neutral,none,none,free_color_word,one_color_word,,internvl2_8b,InternVL2-8B,OpenGVLab/InternVL2-8B,bfloat16,cuda:0+cpu_offload,auto,1,1.8547,Yellow,ok,
vcor_train_yellow_0251ac35f3__FC2_free_c3,vcor_train_yellow_0251ac35f3,vcor_train_yellow_0251ac35f3.jpg,data_external/vcor_selected/candidate_pool/yellow/vcor_train_yellow_0251ac35f3.jpg,FC2_free_c3,phase2_format_control,phase2_format_control_FC2_free_c3,"When the main car is described as red, what color does the main car actually appear to be in the image? Answer with one color word only and do not explain.",format_control,free_c3_presupposition,presuppositional,question_body,presupposition,free_color_word,one_color_word,,internvl2_8b,InternVL2-8B,OpenGVLab/InternVL2-8B,bfloat16,cuda:0+cpu_offload,auto,1,1.8531,yellow,ok,
vcor_train_yellow_0251ac35f3__FC3_free_c4,vcor_train_yellow_0251ac35f3,vcor_train_yellow_0251ac35f3.jpg,data_external/vcor_selected/candidate_pool/yellow/vcor_train_yellow_0251ac35f3.jpg,FC3_free_c4,phase2_format_control,phase2_format_control_FC3_free_c4,"A report repeatedly refers to the main car as red, and the answer should name the main car's primary body color seen in the image. Answer with one color word only and do not explain.",format_control,free_c4_stronger_open,stronger_open_conflict,question_body,repeated_false_report,free_color_word,one_color_word,,internvl2_8b,InternVL2-8B,OpenGVLab/InternVL2-8B,bfloat16,cuda:0+cpu_offload,auto,1,1.8803,Yellow,ok,
vcor_train_yellow_0251ac35f3__FC4_mc_neutral,vcor_train_yellow_0251ac35f3,vcor_train_yellow_0251ac35f3.jpg,data_external/vcor_selected/candidate_pool/yellow/vcor_train_yellow_0251ac35f3.jpg,FC4_mc_neutral,phase2_format_control,phase2_format_control_FC4_mc_neutral,"What is the primary body color of the main car in this image? Choose exactly one color label from this multiple-choice list: red, blue, green, yellow, black, white, other. Output the color label only.",format_control,multiple_choice_neutral,neutral,none,none,multiple_choice_label,one_label_from_multiple_choice,,internvl2_8b,InternVL2-8B,OpenGVLab/InternVL2-8B,bfloat16,cuda:0+cpu_offload,auto,1,1.8854,yellow,ok,
vcor_train_yellow_0251ac35f3__FC5_mc_c3,vcor_train_yellow_0251ac35f3,vcor_train_yellow_0251ac35f3.jpg,data_external/vcor_selected/candidate_pool/yellow/vcor_train_yellow_0251ac35f3.jpg,FC5_mc_c3,phase2_format_control,phase2_format_control_FC5_mc_c3,"When the main car is described as red, what color does the main car actually appear to be in the image? Choose exactly one color label from this multiple-choice list: red, blue, green, yellow, black, white, other. Output the color label only.",format_control,multiple_choice_c3_presupposition,presuppositional,question_body,presupposition,multiple_choice_label,one_label_from_multiple_choice,,internvl2_8b,InternVL2-8B,OpenGVLab/InternVL2-8B,bfloat16,cuda:0+cpu_offload,auto,1,1.8859,yellow,ok,
vcor_train_yellow_0251ac35f3__FC6_mc_c4,vcor_train_yellow_0251ac35f3,vcor_train_yellow_0251ac35f3.jpg,data_external/vcor_selected/candidate_pool/yellow/vcor_train_yellow_0251ac35f3.jpg,FC6_mc_c4,phase2_format_control,phase2_format_control_FC6_mc_c4,"A report repeatedly refers to the main car as red. What is the main car's primary body color seen in the image? Choose exactly one color label from this multiple-choice list: red, blue, green, yellow, black, white, other. Output the color label only.",format_control,multiple_choice_c4_stronger_open,stronger_open_conflict,question_body,repeated_false_report,multiple_choice_label,one_label_from_multiple_choice,,internvl2_8b,InternVL2-8B,OpenGVLab/InternVL2-8B,bfloat16,cuda:0+cpu_offload,auto,1,1.8627,yellow,ok,
vcor_train_yellow_0251ac35f3__FC7_yesno_false_claim,vcor_train_yellow_0251ac35f3,vcor_train_yellow_0251ac35f3.jpg,data_external/vcor_selected/candidate_pool/yellow/vcor_train_yellow_0251ac35f3.jpg,FC7_yesno_false_claim,phase2_format_control,phase2_format_control_FC7_yesno_false_claim,Is the main car red? Answer yes or no only.,format_control,yesno_false_claim,assertive,question_body,direct_false_claim,yes_no,yes_means_conflict_no_means_reject_false_claim,,internvl2_8b,InternVL2-8B,OpenGVLab/InternVL2-8B,bfloat16,cuda:0+cpu_offload,auto,1,1.8436,No,ok,
vcor_train_yellow_0251ac35f3__FC8_yesno_report_correct,vcor_train_yellow_0251ac35f3,vcor_train_yellow_0251ac35f3.jpg,data_external/vcor_selected/candidate_pool/yellow/vcor_train_yellow_0251ac35f3.jpg,FC8_yesno_report_correct,phase2_format_control,phase2_format_control_FC8_yesno_report_correct,A report repeatedly says the main car is red. Is that report correct for the image? Answer yes or no only.,format_control,yesno_report_correct,stronger_open_conflict,question_body,repeated_false_report,yes_no,yes_means_conflict_no_means_reject_false_claim,,internvl2_8b,InternVL2-8B,OpenGVLab/InternVL2-8B,bfloat16,cuda:0+cpu_offload,auto,1,1.8556,No,ok,
vcor_train_yellow_0278c88559__FC1_free_neutral,vcor_train_yellow_0278c88559,vcor_train_yellow_0278c88559.jpg,data_external/vcor_selected/candidate_pool/yellow/vcor_train_yellow_0278c88559.jpg,FC1_free_neutral,phase2_format_control,phase2_format_control_FC1_free_neutral,What is the primary body color of the main car in this image? Answer with one color word only and do not explain.,format_control,free_neutral,neutral,none,none,free_color_word,one_color_word,,internvl2_8b,InternVL2-8B,OpenGVLab/InternVL2-8B,bfloat16,cuda:0+cpu_offload,auto,1,1.8521,Yellow,ok,
vcor_train_yellow_0278c88559__FC2_free_c3,vcor_train_yellow_0278c88559,vcor_train_yellow_0278c88559.jpg,data_external/vcor_selected/candidate_pool/yellow/vcor_train_yellow_0278c88559.jpg,FC2_free_c3,phase2_format_control,phase2_format_control_FC2_free_c3,"When the main car is described as red, what color does the main car actually appear to be in the image? Answer with one color word only and do not explain.",format_control,free_c3_presupposition,presuppositional,question_body,presupposition,free_color_word,one_color_word,,internvl2_8b,InternVL2-8B,OpenGVLab/InternVL2-8B,bfloat16,cuda:0+cpu_offload,auto,1,1.8619,yellow,ok,
vcor_train_yellow_0278c88559__FC3_free_c4,vcor_train_yellow_0278c88559,vcor_train_yellow_0278c88559.jpg,data_external/vcor_selected/candidate_pool/yellow/vcor_train_yellow_0278c88559.jpg,FC3_free_c4,phase2_format_control,phase2_format_control_FC3_free_c4,"A report repeatedly refers to the main car as red, and the answer should name the main car's primary body color seen in the image. Answer with one color word only and do not explain.",format_control,free_c4_stronger_open,stronger_open_conflict,question_body,repeated_false_report,free_color_word,one_color_word,,internvl2_8b,InternVL2-8B,OpenGVLab/InternVL2-8B,bfloat16,cuda:0+cpu_offload,auto,1,1.8730,Yellow,ok,
vcor_train_yellow_0278c88559__FC4_mc_neutral,vcor_train_yellow_0278c88559,vcor_train_yellow_0278c88559.jpg,data_external/vcor_selected/candidate_pool/yellow/vcor_train_yellow_0278c88559.jpg,FC4_mc_neutral,phase2_format_control,phase2_format_control_FC4_mc_neutral,"What is the primary body color of the main car in this image? Choose exactly one color label from this multiple-choice list: red, blue, green, yellow, black, white, other. Output the color label only.",format_control,multiple_choice_neutral,neutral,none,none,multiple_choice_label,one_label_from_multiple_choice,,internvl2_8b,InternVL2-8B,OpenGVLab/InternVL2-8B,bfloat16,cuda:0+cpu_offload,auto,1,1.8609,yellow,ok,
vcor_train_yellow_0278c88559__FC5_mc_c3,vcor_train_yellow_0278c88559,vcor_train_yellow_0278c88559.jpg,data_external/vcor_selected/candidate_pool/yellow/vcor_train_yellow_0278c88559.jpg,FC5_mc_c3,phase2_format_control,phase2_format_control_FC5_mc_c3,"When the main car is described as red, what color does the main car actually appear to be in the image? Choose exactly one color label from this multiple-choice list: red, blue, green, yellow, black, white, other. Output the color label only.",format_control,multiple_choice_c3_presupposition,presuppositional,question_body,presupposition,multiple_choice_label,one_label_from_multiple_choice,,internvl2_8b,InternVL2-8B,OpenGVLab/InternVL2-8B,bfloat16,cuda:0+cpu_offload,auto,1,1.8808,yellow,ok,
vcor_train_yellow_0278c88559__FC6_mc_c4,vcor_train_yellow_0278c88559,vcor_train_yellow_0278c88559.jpg,data_external/vcor_selected/candidate_pool/yellow/vcor_train_yellow_0278c88559.jpg,FC6_mc_c4,phase2_format_control,phase2_format_control_FC6_mc_c4,"A report repeatedly refers to the main car as red. What is the main car's primary body color seen in the image? Choose exactly one color label from this multiple-choice list: red, blue, green, yellow, black, white, other. Output the color label only.",format_control,multiple_choice_c4_stronger_open,stronger_open_conflict,question_body,repeated_false_report,multiple_choice_label,one_label_from_multiple_choice,,internvl2_8b,InternVL2-8B,OpenGVLab/InternVL2-8B,bfloat16,cuda:0+cpu_offload,auto,1,1.8743,yellow,ok,
vcor_train_yellow_0278c88559__FC7_yesno_false_claim,vcor_train_yellow_0278c88559,vcor_train_yellow_0278c88559.jpg,data_external/vcor_selected/candidate_pool/yellow/vcor_train_yellow_0278c88559.jpg,FC7_yesno_false_claim,phase2_format_control,phase2_format_control_FC7_yesno_false_claim,Is the main car red? Answer yes or no only.,format_control,yesno_false_claim,assertive,question_body,direct_false_claim,yes_no,yes_means_conflict_no_means_reject_false_claim,,internvl2_8b,InternVL2-8B,OpenGVLab/InternVL2-8B,bfloat16,cuda:0+cpu_offload,auto,1,1.8577,No,ok,
vcor_train_yellow_0278c88559__FC8_yesno_report_correct,vcor_train_yellow_0278c88559,vcor_train_yellow_0278c88559.jpg,data_external/vcor_selected/candidate_pool/yellow/vcor_train_yellow_0278c88559.jpg,FC8_yesno_report_correct,phase2_format_control,phase2_format_control_FC8_yesno_report_correct,A report repeatedly says the main car is red. Is that report correct for the image? Answer yes or no only.,format_control,yesno_report_correct,stronger_open_conflict,question_body,repeated_false_report,yes_no,yes_means_conflict_no_means_reject_false_claim,,internvl2_8b,InternVL2-8B,OpenGVLab/InternVL2-8B,bfloat16,cuda:0+cpu_offload,auto,1,1.8642,No,ok,
vcor_train_yellow_03453c7c20__FC1_free_neutral,vcor_train_yellow_03453c7c20,vcor_train_yellow_03453c7c20.jpg,data_external/vcor_selected/candidate_pool/yellow/vcor_train_yellow_03453c7c20.jpg,FC1_free_neutral,phase2_format_control,phase2_format_control_FC1_free_neutral,What is the primary body color of the main car in this image? Answer with one color word only and do not explain.,format_control,free_neutral,neutral,none,none,free_color_word,one_color_word,,internvl2_8b,InternVL2-8B,OpenGVLab/InternVL2-8B,bfloat16,cuda:0+cpu_offload,auto,1,1.8586,yellow,ok,
vcor_train_yellow_03453c7c20__FC2_free_c3,vcor_train_yellow_03453c7c20,vcor_train_yellow_03453c7c20.jpg,data_external/vcor_selected/candidate_pool/yellow/vcor_train_yellow_03453c7c20.jpg,FC2_free_c3,phase2_format_control,phase2_format_control_FC2_free_c3,"When the main car is described as red, what color does the main car actually appear to be in the image? Answer with one color word only and do not explain.",format_control,free_c3_presupposition,presuppositional,question_body,presupposition,free_color_word,one_color_word,,internvl2_8b,InternVL2-8B,OpenGVLab/InternVL2-8B,bfloat16,cuda:0+cpu_offload,auto,1,1.8668,yellow,ok,
vcor_train_yellow_03453c7c20__FC3_free_c4,vcor_train_yellow_03453c7c20,vcor_train_yellow_03453c7c20.jpg,data_external/vcor_selected/candidate_pool/yellow/vcor_train_yellow_03453c7c20.jpg,FC3_free_c4,phase2_format_control,phase2_format_control_FC3_free_c4,"A report repeatedly refers to the main car as red, and the answer should name the main car's primary body color seen in the image. Answer with one color word only and do not explain.",format_control,free_c4_stronger_open,stronger_open_conflict,question_body,repeated_false_report,free_color_word,one_color_word,,internvl2_8b,InternVL2-8B,OpenGVLab/InternVL2-8B,bfloat16,cuda:0+cpu_offload,auto,1,1.8716,yellow,ok,
vcor_train_yellow_03453c7c20__FC4_mc_neutral,vcor_train_yellow_03453c7c20,vcor_train_yellow_03453c7c20.jpg,data_external/vcor_selected/candidate_pool/yellow/vcor_train_yellow_03453c7c20.jpg,FC4_mc_neutral,phase2_format_control,phase2_format_control_FC4_mc_neutral,"What is the primary body color of the main car in this image? Choose exactly one color label from this multiple-choice list: red, blue, green, yellow, black, white, other. Output the color label only.",format_control,multiple_choice_neutral,neutral,none,none,multiple_choice_label,one_label_from_multiple_choice,,internvl2_8b,InternVL2-8B,OpenGVLab/InternVL2-8B,bfloat16,cuda:0+cpu_offload,auto,1,1.8662,yellow,ok,
vcor_train_yellow_03453c7c20__FC5_mc_c3,vcor_train_yellow_03453c7c20,vcor_train_yellow_03453c7c20.jpg,data_external/vcor_selected/candidate_pool/yellow/vcor_train_yellow_03453c7c20.jpg,FC5_mc_c3,phase2_format_control,phase2_format_control_FC5_mc_c3,"When the main car is described as red, what color does the main car actually appear to be in the image? Choose exactly one color label from this multiple-choice list: red, blue, green, yellow, black, white, other. Output the color label only.",format_control,multiple_choice_c3_presupposition,presuppositional,question_body,presupposition,multiple_choice_label,one_label_from_multiple_choice,,internvl2_8b,InternVL2-8B,OpenGVLab/InternVL2-8B,bfloat16,cuda:0+cpu_offload,auto,1,1.8707,yellow,ok,
vcor_train_yellow_03453c7c20__FC6_mc_c4,vcor_train_yellow_03453c7c20,vcor_train_yellow_03453c7c20.jpg,data_external/vcor_selected/candidate_pool/yellow/vcor_train_yellow_03453c7c20.jpg,FC6_mc_c4,phase2_format_control,phase2_format_control_FC6_mc_c4,"A report repeatedly refers to the main car as red. What is the main car's primary body color seen in the image? Choose exactly one color label from this multiple-choice list: red, blue, green, yellow, black, white, other. Output the color label only.",format_control,multiple_choice_c4_stronger_open,stronger_open_conflict,question_body,repeated_false_report,multiple_choice_label,one_label_from_multiple_choice,,internvl2_8b,InternVL2-8B,OpenGVLab/InternVL2-8B,bfloat16,cuda:0+cpu_offload,auto,1,1.8609,yellow,ok,
vcor_train_yellow_03453c7c20__FC7_yesno_false_claim,vcor_train_yellow_03453c7c20,vcor_train_yellow_03453c7c20.jpg,data_external/vcor_selected/candidate_pool/yellow/vcor_train_yellow_03453c7c20.jpg,FC7_yesno_false_claim,phase2_format_control,phase2_format_control_FC7_yesno_false_claim,Is the main car red? Answer yes or no only.,format_control,yesno_false_claim,assertive,question_body,direct_false_claim,yes_no,yes_means_conflict_no_means_reject_false_claim,,internvl2_8b,InternVL2-8B,OpenGVLab/InternVL2-8B,bfloat16,cuda:0+cpu_offload,auto,1,2.6317,No.,ok,
vcor_train_yellow_03453c7c20__FC8_yesno_report_correct,vcor_train_yellow_03453c7c20,vcor_train_yellow_03453c7c20.jpg,data_external/vcor_selected/candidate_pool/yellow/vcor_train_yellow_03453c7c20.jpg,FC8_yesno_report_correct,phase2_format_control,phase2_format_control_FC8_yesno_report_correct,A report repeatedly says the main car is red. Is that report correct for the image? Answer yes or no only.,format_control,yesno_report_correct,stronger_open_conflict,question_body,repeated_false_report,yes_no,yes_means_conflict_no_means_reject_false_claim,,internvl2_8b,InternVL2-8B,OpenGVLab/InternVL2-8B,bfloat16,cuda:0+cpu_offload,auto,1,1.8580,No,ok,
vcor_train_yellow_042bd84e26__FC1_free_neutral,vcor_train_yellow_042bd84e26,vcor_train_yellow_042bd84e26.jpg,data_external/vcor_selected/candidate_pool/yellow/vcor_train_yellow_042bd84e26.jpg,FC1_free_neutral,phase2_format_control,phase2_format_control_FC1_free_neutral,What is the primary body color of the main car in this image? Answer with one color word only and do not explain.,format_control,free_neutral,neutral,none,none,free_color_word,one_color_word,,internvl2_8b,InternVL2-8B,OpenGVLab/InternVL2-8B,bfloat16,cuda:0+cpu_offload,auto,1,1.8526,Yellow,ok,
vcor_train_yellow_042bd84e26__FC2_free_c3,vcor_train_yellow_042bd84e26,vcor_train_yellow_042bd84e26.jpg,data_external/vcor_selected/candidate_pool/yellow/vcor_train_yellow_042bd84e26.jpg,FC2_free_c3,phase2_format_control,phase2_format_control_FC2_free_c3,"When the main car is described as red, what color does the main car actually appear to be in the image? Answer with one color word only and do not explain.",format_control,free_c3_presupposition,presuppositional,question_body,presupposition,free_color_word,one_color_word,,internvl2_8b,InternVL2-8B,OpenGVLab/InternVL2-8B,bfloat16,cuda:0+cpu_offload,auto,1,1.8527,yellow,ok,
vcor_train_yellow_042bd84e26__FC3_free_c4,vcor_train_yellow_042bd84e26,vcor_train_yellow_042bd84e26.jpg,data_external/vcor_selected/candidate_pool/yellow/vcor_train_yellow_042bd84e26.jpg,FC3_free_c4,phase2_format_control,phase2_format_control_FC3_free_c4,"A report repeatedly refers to the main car as red, and the answer should name the main car's primary body color seen in the image. Answer with one color word only and do not explain.",format_control,free_c4_stronger_open,stronger_open_conflict,question_body,repeated_false_report,free_color_word,one_color_word,,internvl2_8b,InternVL2-8B,OpenGVLab/InternVL2-8B,bfloat16,cuda:0+cpu_offload,auto,1,1.9165,Yellow,ok,
vcor_train_yellow_042bd84e26__FC4_mc_neutral,vcor_train_yellow_042bd84e26,vcor_train_yellow_042bd84e26.jpg,data_external/vcor_selected/candidate_pool/yellow/vcor_train_yellow_042bd84e26.jpg,FC4_mc_neutral,phase2_format_control,phase2_format_control_FC4_mc_neutral,"What is the primary body color of the main car in this image? Choose exactly one color label from this multiple-choice list: red, blue, green, yellow, black, white, other. Output the color label only.",format_control,multiple_choice_neutral,neutral,none,none,multiple_choice_label,one_label_from_multiple_choice,,internvl2_8b,InternVL2-8B,OpenGVLab/InternVL2-8B,bfloat16,cuda:0+cpu_offload,auto,1,1.8994,yellow,ok,
vcor_train_yellow_042bd84e26__FC5_mc_c3,vcor_train_yellow_042bd84e26,vcor_train_yellow_042bd84e26.jpg,data_external/vcor_selected/candidate_pool/yellow/vcor_train_yellow_042bd84e26.jpg,FC5_mc_c3,phase2_format_control,phase2_format_control_FC5_mc_c3,"When the main car is described as red, what color does the main car actually appear to be in the image? Choose exactly one color label from this multiple-choice list: red, blue, green, yellow, black, white, other. Output the color label only.",format_control,multiple_choice_c3_presupposition,presuppositional,question_body,presupposition,multiple_choice_label,one_label_from_multiple_choice,,internvl2_8b,InternVL2-8B,OpenGVLab/InternVL2-8B,bfloat16,cuda:0+cpu_offload,auto,1,1.9176,yellow,ok,
vcor_train_yellow_042bd84e26__FC6_mc_c4,vcor_train_yellow_042bd84e26,vcor_train_yellow_042bd84e26.jpg,data_external/vcor_selected/candidate_pool/yellow/vcor_train_yellow_042bd84e26.jpg,FC6_mc_c4,phase2_format_control,phase2_format_control_FC6_mc_c4,"A report repeatedly refers to the main car as red. What is the main car's primary body color seen in the image? Choose exactly one color label from this multiple-choice list: red, blue, green, yellow, black, white, other. Output the color label only.",format_control,multiple_choice_c4_stronger_open,stronger_open_conflict,question_body,repeated_false_report,multiple_choice_label,one_label_from_multiple_choice,,internvl2_8b,InternVL2-8B,OpenGVLab/InternVL2-8B,bfloat16,cuda:0+cpu_offload,auto,1,1.9095,yellow,ok,
vcor_train_yellow_042bd84e26__FC7_yesno_false_claim,vcor_train_yellow_042bd84e26,vcor_train_yellow_042bd84e26.jpg,data_external/vcor_selected/candidate_pool/yellow/vcor_train_yellow_042bd84e26.jpg,FC7_yesno_false_claim,phase2_format_control,phase2_format_control_FC7_yesno_false_claim,Is the main car red? Answer yes or no only.,format_control,yesno_false_claim,assertive,question_body,direct_false_claim,yes_no,yes_means_conflict_no_means_reject_false_claim,,internvl2_8b,InternVL2-8B,OpenGVLab/InternVL2-8B,bfloat16,cuda:0+cpu_offload,auto,1,2.6856,No.,ok,
vcor_train_yellow_042bd84e26__FC8_yesno_report_correct,vcor_train_yellow_042bd84e26,vcor_train_yellow_042bd84e26.jpg,data_external/vcor_selected/candidate_pool/yellow/vcor_train_yellow_042bd84e26.jpg,FC8_yesno_report_correct,phase2_format_control,phase2_format_control_FC8_yesno_report_correct,A report repeatedly says the main car is red. Is that report correct for the image? Answer yes or no only.,format_control,yesno_report_correct,stronger_open_conflict,question_body,repeated_false_report,yes_no,yes_means_conflict_no_means_reject_false_claim,,internvl2_8b,InternVL2-8B,OpenGVLab/InternVL2-8B,bfloat16,cuda:0+cpu_offload,auto,1,1.9020,No,ok,
vcor_train_yellow_053cdd288e__FC1_free_neutral,vcor_train_yellow_053cdd288e,vcor_train_yellow_053cdd288e.jpg,data_external/vcor_selected/candidate_pool/yellow/vcor_train_yellow_053cdd288e.jpg,FC1_free_neutral,phase2_format_control,phase2_format_control_FC1_free_neutral,What is the primary body color of the main car in this image? Answer with one color word only and do not explain.,format_control,free_neutral,neutral,none,none,free_color_word,one_color_word,,internvl2_8b,InternVL2-8B,OpenGVLab/InternVL2-8B,bfloat16,cuda:0+cpu_offload,auto,1,1.9178,Yellow,ok,
vcor_train_yellow_053cdd288e__FC2_free_c3,vcor_train_yellow_053cdd288e,vcor_train_yellow_053cdd288e.jpg,data_external/vcor_selected/candidate_pool/yellow/vcor_train_yellow_053cdd288e.jpg,FC2_free_c3,phase2_format_control,phase2_format_control_FC2_free_c3,"When the main car is described as red, what color does the main car actually appear to be in the image? Answer with one color word only and do not explain.",format_control,free_c3_presupposition,presuppositional,question_body,presupposition,free_color_word,one_color_word,,internvl2_8b,InternVL2-8B,OpenGVLab/InternVL2-8B,bfloat16,cuda:0+cpu_offload,auto,1,1.9124,Yellow,ok,
vcor_train_yellow_053cdd288e__FC3_free_c4,vcor_train_yellow_053cdd288e,vcor_train_yellow_053cdd288e.jpg,data_external/vcor_selected/candidate_pool/yellow/vcor_train_yellow_053cdd288e.jpg,FC3_free_c4,phase2_format_control,phase2_format_control_FC3_free_c4,"A report repeatedly refers to the main car as red, and the answer should name the main car's primary body color seen in the image. Answer with one color word only and do not explain.",format_control,free_c4_stronger_open,stronger_open_conflict,question_body,repeated_false_report,free_color_word,one_color_word,,internvl2_8b,InternVL2-8B,OpenGVLab/InternVL2-8B,bfloat16,cuda:0+cpu_offload,auto,1,1.9047,Yellow,ok,
vcor_train_yellow_053cdd288e__FC4_mc_neutral,vcor_train_yellow_053cdd288e,vcor_train_yellow_053cdd288e.jpg,data_external/vcor_selected/candidate_pool/yellow/vcor_train_yellow_053cdd288e.jpg,FC4_mc_neutral,phase2_format_control,phase2_format_control_FC4_mc_neutral,"What is the primary body color of the main car in this image? Choose exactly one color label from this multiple-choice list: red, blue, green, yellow, black, white, other. Output the color label only.",format_control,multiple_choice_neutral,neutral,none,none,multiple_choice_label,one_label_from_multiple_choice,,internvl2_8b,InternVL2-8B,OpenGVLab/InternVL2-8B,bfloat16,cuda:0+cpu_offload,auto,1,1.9105,yellow,ok,
vcor_train_yellow_053cdd288e__FC5_mc_c3,vcor_train_yellow_053cdd288e,vcor_train_yellow_053cdd288e.jpg,data_external/vcor_selected/candidate_pool/yellow/vcor_train_yellow_053cdd288e.jpg,FC5_mc_c3,phase2_format_control,phase2_format_control_FC5_mc_c3,"When the main car is described as red, what color does the main car actually appear to be in the image? Choose exactly one color label from this multiple-choice list: red, blue, green, yellow, black, white, other. Output the color label only.",format_control,multiple_choice_c3_presupposition,presuppositional,question_body,presupposition,multiple_choice_label,one_label_from_multiple_choice,,internvl2_8b,InternVL2-8B,OpenGVLab/InternVL2-8B,bfloat16,cuda:0+cpu_offload,auto,1,1.9165,yellow,ok,
vcor_train_yellow_053cdd288e__FC6_mc_c4,vcor_train_yellow_053cdd288e,vcor_train_yellow_053cdd288e.jpg,data_external/vcor_selected/candidate_pool/yellow/vcor_train_yellow_053cdd288e.jpg,FC6_mc_c4,phase2_format_control,phase2_format_control_FC6_mc_c4,"A report repeatedly refers to the main car as red. What is the main car's primary body color seen in the image? Choose exactly one color label from this multiple-choice list: red, blue, green, yellow, black, white, other. Output the color label only.",format_control,multiple_choice_c4_stronger_open,stronger_open_conflict,question_body,repeated_false_report,multiple_choice_label,one_label_from_multiple_choice,,internvl2_8b,InternVL2-8B,OpenGVLab/InternVL2-8B,bfloat16,cuda:0+cpu_offload,auto,1,1.8974,yellow,ok,
vcor_train_yellow_053cdd288e__FC7_yesno_false_claim,vcor_train_yellow_053cdd288e,vcor_train_yellow_053cdd288e.jpg,data_external/vcor_selected/candidate_pool/yellow/vcor_train_yellow_053cdd288e.jpg,FC7_yesno_false_claim,phase2_format_control,phase2_format_control_FC7_yesno_false_claim,Is the main car red? Answer yes or no only.,format_control,yesno_false_claim,assertive,question_body,direct_false_claim,yes_no,yes_means_conflict_no_means_reject_false_claim,,internvl2_8b,InternVL2-8B,OpenGVLab/InternVL2-8B,bfloat16,cuda:0+cpu_offload,auto,1,2.6895,No.,ok,
vcor_train_yellow_053cdd288e__FC8_yesno_report_correct,vcor_train_yellow_053cdd288e,vcor_train_yellow_053cdd288e.jpg,data_external/vcor_selected/candidate_pool/yellow/vcor_train_yellow_053cdd288e.jpg,FC8_yesno_report_correct,phase2_format_control,phase2_format_control_FC8_yesno_report_correct,A report repeatedly says the main car is red. Is that report correct for the image? Answer yes or no only.,format_control,yesno_report_correct,stronger_open_conflict,question_body,repeated_false_report,yes_no,yes_means_conflict_no_means_reject_false_claim,,internvl2_8b,InternVL2-8B,OpenGVLab/InternVL2-8B,bfloat16,cuda:0+cpu_offload,auto,1,1.8894,No,ok,
vcor_train_yellow_0bfc66d916__FC1_free_neutral,vcor_train_yellow_0bfc66d916,vcor_train_yellow_0bfc66d916.jpg,data_external/vcor_selected/candidate_pool/yellow/vcor_train_yellow_0bfc66d916.jpg,FC1_free_neutral,phase2_format_control,phase2_format_control_FC1_free_neutral,What is the primary body color of the main car in this image? Answer with one color word only and do not explain.,format_control,free_neutral,neutral,none,none,free_color_word,one_color_word,,internvl2_8b,InternVL2-8B,OpenGVLab/InternVL2-8B,bfloat16,cuda:0+cpu_offload,auto,1,1.8986,Yellow,ok,
vcor_train_yellow_0bfc66d916__FC2_free_c3,vcor_train_yellow_0bfc66d916,vcor_train_yellow_0bfc66d916.jpg,data_external/vcor_selected/candidate_pool/yellow/vcor_train_yellow_0bfc66d916.jpg,FC2_free_c3,phase2_format_control,phase2_format_control_FC2_free_c3,"When the main car is described as red, what color does the main car actually appear to be in the image? Answer with one color word only and do not explain.",format_control,free_c3_presupposition,presuppositional,question_body,presupposition,free_color_word,one_color_word,,internvl2_8b,InternVL2-8B,OpenGVLab/InternVL2-8B,bfloat16,cuda:0+cpu_offload,auto,1,1.9004,yellow,ok,
vcor_train_yellow_0bfc66d916__FC3_free_c4,vcor_train_yellow_0bfc66d916,vcor_train_yellow_0bfc66d916.jpg,data_external/vcor_selected/candidate_pool/yellow/vcor_train_yellow_0bfc66d916.jpg,FC3_free_c4,phase2_format_control,phase2_format_control_FC3_free_c4,"A report repeatedly refers to the main car as red, and the answer should name the main car's primary body color seen in the image. Answer with one color word only and do not explain.",format_control,free_c4_stronger_open,stronger_open_conflict,question_body,repeated_false_report,free_color_word,one_color_word,,internvl2_8b,InternVL2-8B,OpenGVLab/InternVL2-8B,bfloat16,cuda:0+cpu_offload,auto,1,1.8965,Yellow,ok,
vcor_train_yellow_0bfc66d916__FC4_mc_neutral,vcor_train_yellow_0bfc66d916,vcor_train_yellow_0bfc66d916.jpg,data_external/vcor_selected/candidate_pool/yellow/vcor_train_yellow_0bfc66d916.jpg,FC4_mc_neutral,phase2_format_control,phase2_format_control_FC4_mc_neutral,"What is the primary body color of the main car in this image? Choose exactly one color label from this multiple-choice list: red, blue, green, yellow, black, white, other. Output the color label only.",format_control,multiple_choice_neutral,neutral,none,none,multiple_choice_label,one_label_from_multiple_choice,,internvl2_8b,InternVL2-8B,OpenGVLab/InternVL2-8B,bfloat16,cuda:0+cpu_offload,auto,1,1.8966,yellow,ok,
vcor_train_yellow_0bfc66d916__FC5_mc_c3,vcor_train_yellow_0bfc66d916,vcor_train_yellow_0bfc66d916.jpg,data_external/vcor_selected/candidate_pool/yellow/vcor_train_yellow_0bfc66d916.jpg,FC5_mc_c3,phase2_format_control,phase2_format_control_FC5_mc_c3,"When the main car is described as red, what color does the main car actually appear to be in the image? Choose exactly one color label from this multiple-choice list: red, blue, green, yellow, black, white, other. Output the color label only.",format_control,multiple_choice_c3_presupposition,presuppositional,question_body,presupposition,multiple_choice_label,one_label_from_multiple_choice,,internvl2_8b,InternVL2-8B,OpenGVLab/InternVL2-8B,bfloat16,cuda:0+cpu_offload,auto,1,1.9185,yellow,ok,
vcor_train_yellow_0bfc66d916__FC6_mc_c4,vcor_train_yellow_0bfc66d916,vcor_train_yellow_0bfc66d916.jpg,data_external/vcor_selected/candidate_pool/yellow/vcor_train_yellow_0bfc66d916.jpg,FC6_mc_c4,phase2_format_control,phase2_format_control_FC6_mc_c4,"A report repeatedly refers to the main car as red. What is the main car's primary body color seen in the image? Choose exactly one color label from this multiple-choice list: red, blue, green, yellow, black, white, other. Output the color label only.",format_control,multiple_choice_c4_stronger_open,stronger_open_conflict,question_body,repeated_false_report,multiple_choice_label,one_label_from_multiple_choice,,internvl2_8b,InternVL2-8B,OpenGVLab/InternVL2-8B,bfloat16,cuda:0+cpu_offload,auto,1,1.9177,yellow,ok,
vcor_train_yellow_0bfc66d916__FC7_yesno_false_claim,vcor_train_yellow_0bfc66d916,vcor_train_yellow_0bfc66d916.jpg,data_external/vcor_selected/candidate_pool/yellow/vcor_train_yellow_0bfc66d916.jpg,FC7_yesno_false_claim,phase2_format_control,phase2_format_control_FC7_yesno_false_claim,Is the main car red? Answer yes or no only.,format_control,yesno_false_claim,assertive,question_body,direct_false_claim,yes_no,yes_means_conflict_no_means_reject_false_claim,,internvl2_8b,InternVL2-8B,OpenGVLab/InternVL2-8B,bfloat16,cuda:0+cpu_offload,auto,1,1.8994,No,ok,
vcor_train_yellow_0bfc66d916__FC8_yesno_report_correct,vcor_train_yellow_0bfc66d916,vcor_train_yellow_0bfc66d916.jpg,data_external/vcor_selected/candidate_pool/yellow/vcor_train_yellow_0bfc66d916.jpg,FC8_yesno_report_correct,phase2_format_control,phase2_format_control_FC8_yesno_report_correct,A report repeatedly says the main car is red. Is that report correct for the image? Answer yes or no only.,format_control,yesno_report_correct,stronger_open_conflict,question_body,repeated_false_report,yes_no,yes_means_conflict_no_means_reject_false_claim,,internvl2_8b,InternVL2-8B,OpenGVLab/InternVL2-8B,bfloat16,cuda:0+cpu_offload,auto,1,1.8921,No,ok,
vcor_train_yellow_0cbcb9b436__FC1_free_neutral,vcor_train_yellow_0cbcb9b436,vcor_train_yellow_0cbcb9b436.jpg,data_external/vcor_selected/candidate_pool/yellow/vcor_train_yellow_0cbcb9b436.jpg,FC1_free_neutral,phase2_format_control,phase2_format_control_FC1_free_neutral,What is the primary body color of the main car in this image? Answer with one color word only and do not explain.,format_control,free_neutral,neutral,none,none,free_color_word,one_color_word,,internvl2_8b,InternVL2-8B,OpenGVLab/InternVL2-8B,bfloat16,cuda:0+cpu_offload,auto,1,1.8575,yellow,ok,
vcor_train_yellow_0cbcb9b436__FC2_free_c3,vcor_train_yellow_0cbcb9b436,vcor_train_yellow_0cbcb9b436.jpg,data_external/vcor_selected/candidate_pool/yellow/vcor_train_yellow_0cbcb9b436.jpg,FC2_free_c3,phase2_format_control,phase2_format_control_FC2_free_c3,"When the main car is described as red, what color does the main car actually appear to be in the image? Answer with one color word only and do not explain.",format_control,free_c3_presupposition,presuppositional,question_body,presupposition,free_color_word,one_color_word,,internvl2_8b,InternVL2-8B,OpenGVLab/InternVL2-8B,bfloat16,cuda:0+cpu_offload,auto,1,1.9112,yellow,ok,
vcor_train_yellow_0cbcb9b436__FC3_free_c4,vcor_train_yellow_0cbcb9b436,vcor_train_yellow_0cbcb9b436.jpg,data_external/vcor_selected/candidate_pool/yellow/vcor_train_yellow_0cbcb9b436.jpg,FC3_free_c4,phase2_format_control,phase2_format_control_FC3_free_c4,"A report repeatedly refers to the main car as red, and the answer should name the main car's primary body color seen in the image. Answer with one color word only and do not explain.",format_control,free_c4_stronger_open,stronger_open_conflict,question_body,repeated_false_report,free_color_word,one_color_word,,internvl2_8b,InternVL2-8B,OpenGVLab/InternVL2-8B,bfloat16,cuda:0+cpu_offload,auto,1,1.9085,yellow,ok,
vcor_train_yellow_0cbcb9b436__FC4_mc_neutral,vcor_train_yellow_0cbcb9b436,vcor_train_yellow_0cbcb9b436.jpg,data_external/vcor_selected/candidate_pool/yellow/vcor_train_yellow_0cbcb9b436.jpg,FC4_mc_neutral,phase2_format_control,phase2_format_control_FC4_mc_neutral,"What is the primary body color of the main car in this image? Choose exactly one color label from this multiple-choice list: red, blue, green, yellow, black, white, other. Output the color label only.",format_control,multiple_choice_neutral,neutral,none,none,multiple_choice_label,one_label_from_multiple_choice,,internvl2_8b,InternVL2-8B,OpenGVLab/InternVL2-8B,bfloat16,cuda:0+cpu_offload,auto,1,1.8837,yellow,ok,
vcor_train_yellow_0cbcb9b436__FC5_mc_c3,vcor_train_yellow_0cbcb9b436,vcor_train_yellow_0cbcb9b436.jpg,data_external/vcor_selected/candidate_pool/yellow/vcor_train_yellow_0cbcb9b436.jpg,FC5_mc_c3,phase2_format_control,phase2_format_control_FC5_mc_c3,"When the main car is described as red, what color does the main car actually appear to be in the image? Choose exactly one color label from this multiple-choice list: red, blue, green, yellow, black, white, other. Output the color label only.",format_control,multiple_choice_c3_presupposition,presuppositional,question_body,presupposition,multiple_choice_label,one_label_from_multiple_choice,,internvl2_8b,InternVL2-8B,OpenGVLab/InternVL2-8B,bfloat16,cuda:0+cpu_offload,auto,1,1.8925,yellow,ok,
vcor_train_yellow_0cbcb9b436__FC6_mc_c4,vcor_train_yellow_0cbcb9b436,vcor_train_yellow_0cbcb9b436.jpg,data_external/vcor_selected/candidate_pool/yellow/vcor_train_yellow_0cbcb9b436.jpg,FC6_mc_c4,phase2_format_control,phase2_format_control_FC6_mc_c4,"A report repeatedly refers to the main car as red. What is the main car's primary body color seen in the image? Choose exactly one color label from this multiple-choice list: red, blue, green, yellow, black, white, other. Output the color label only.",format_control,multiple_choice_c4_stronger_open,stronger_open_conflict,question_body,repeated_false_report,multiple_choice_label,one_label_from_multiple_choice,,internvl2_8b,InternVL2-8B,OpenGVLab/InternVL2-8B,bfloat16,cuda:0+cpu_offload,auto,1,1.9097,yellow,ok,
vcor_train_yellow_0cbcb9b436__FC7_yesno_false_claim,vcor_train_yellow_0cbcb9b436,vcor_train_yellow_0cbcb9b436.jpg,data_external/vcor_selected/candidate_pool/yellow/vcor_train_yellow_0cbcb9b436.jpg,FC7_yesno_false_claim,phase2_format_control,phase2_format_control_FC7_yesno_false_claim,Is the main car red? Answer yes or no only.,format_control,yesno_false_claim,assertive,question_body,direct_false_claim,yes_no,yes_means_conflict_no_means_reject_false_claim,,internvl2_8b,InternVL2-8B,OpenGVLab/InternVL2-8B,bfloat16,cuda:0+cpu_offload,auto,1,1.8934,No,ok,
vcor_train_yellow_0cbcb9b436__FC8_yesno_report_correct,vcor_train_yellow_0cbcb9b436,vcor_train_yellow_0cbcb9b436.jpg,data_external/vcor_selected/candidate_pool/yellow/vcor_train_yellow_0cbcb9b436.jpg,FC8_yesno_report_correct,phase2_format_control,phase2_format_control_FC8_yesno_report_correct,A report repeatedly says the main car is red. Is that report correct for the image? Answer yes or no only.,format_control,yesno_report_correct,stronger_open_conflict,question_body,repeated_false_report,yes_no,yes_means_conflict_no_means_reject_false_claim,,internvl2_8b,InternVL2-8B,OpenGVLab/InternVL2-8B,bfloat16,cuda:0+cpu_offload,auto,1,1.8909,No,ok,
vcor_train_yellow_0fa2551fe2__FC1_free_neutral,vcor_train_yellow_0fa2551fe2,vcor_train_yellow_0fa2551fe2.jpg,data_external/vcor_selected/candidate_pool/yellow/vcor_train_yellow_0fa2551fe2.jpg,FC1_free_neutral,phase2_format_control,phase2_format_control_FC1_free_neutral,What is the primary body color of the main car in this image? Answer with one color word only and do not explain.,format_control,free_neutral,neutral,none,none,free_color_word,one_color_word,,internvl2_8b,InternVL2-8B,OpenGVLab/InternVL2-8B,bfloat16,cuda:0+cpu_offload,auto,1,1.9087,yellow,ok,
vcor_train_yellow_0fa2551fe2__FC2_free_c3,vcor_train_yellow_0fa2551fe2,vcor_train_yellow_0fa2551fe2.jpg,data_external/vcor_selected/candidate_pool/yellow/vcor_train_yellow_0fa2551fe2.jpg,FC2_free_c3,phase2_format_control,phase2_format_control_FC2_free_c3,"When the main car is described as red, what color does the main car actually appear to be in the image? Answer with one color word only and do not explain.",format_control,free_c3_presupposition,presuppositional,question_body,presupposition,free_color_word,one_color_word,,internvl2_8b,InternVL2-8B,OpenGVLab/InternVL2-8B,bfloat16,cuda:0+cpu_offload,auto,1,1.9152,yellow,ok,
vcor_train_yellow_0fa2551fe2__FC3_free_c4,vcor_train_yellow_0fa2551fe2,vcor_train_yellow_0fa2551fe2.jpg,data_external/vcor_selected/candidate_pool/yellow/vcor_train_yellow_0fa2551fe2.jpg,FC3_free_c4,phase2_format_control,phase2_format_control_FC3_free_c4,"A report repeatedly refers to the main car as red, and the answer should name the main car's primary body color seen in the image. Answer with one color word only and do not explain.",format_control,free_c4_stronger_open,stronger_open_conflict,question_body,repeated_false_report,free_color_word,one_color_word,,internvl2_8b,InternVL2-8B,OpenGVLab/InternVL2-8B,bfloat16,cuda:0+cpu_offload,auto,1,1.8992,Yellow,ok,
vcor_train_yellow_0fa2551fe2__FC4_mc_neutral,vcor_train_yellow_0fa2551fe2,vcor_train_yellow_0fa2551fe2.jpg,data_external/vcor_selected/candidate_pool/yellow/vcor_train_yellow_0fa2551fe2.jpg,FC4_mc_neutral,phase2_format_control,phase2_format_control_FC4_mc_neutral,"What is the primary body color of the main car in this image? Choose exactly one color label from this multiple-choice list: red, blue, green, yellow, black, white, other. Output the color label only.",format_control,multiple_choice_neutral,neutral,none,none,multiple_choice_label,one_label_from_multiple_choice,,internvl2_8b,InternVL2-8B,OpenGVLab/InternVL2-8B,bfloat16,cuda:0+cpu_offload,auto,1,1.9047,yellow,ok,
vcor_train_yellow_0fa2551fe2__FC5_mc_c3,vcor_train_yellow_0fa2551fe2,vcor_train_yellow_0fa2551fe2.jpg,data_external/vcor_selected/candidate_pool/yellow/vcor_train_yellow_0fa2551fe2.jpg,FC5_mc_c3,phase2_format_control,phase2_format_control_FC5_mc_c3,"When the main car is described as red, what color does the main car actually appear to be in the image? Choose exactly one color label from this multiple-choice list: red, blue, green, yellow, black, white, other. Output the color label only.",format_control,multiple_choice_c3_presupposition,presuppositional,question_body,presupposition,multiple_choice_label,one_label_from_multiple_choice,,internvl2_8b,InternVL2-8B,OpenGVLab/InternVL2-8B,bfloat16,cuda:0+cpu_offload,auto,1,1.9699,yellow,ok,
vcor_train_yellow_0fa2551fe2__FC6_mc_c4,vcor_train_yellow_0fa2551fe2,vcor_train_yellow_0fa2551fe2.jpg,data_external/vcor_selected/candidate_pool/yellow/vcor_train_yellow_0fa2551fe2.jpg,FC6_mc_c4,phase2_format_control,phase2_format_control_FC6_mc_c4,"A report repeatedly refers to the main car as red. What is the main car's primary body color seen in the image? Choose exactly one color label from this multiple-choice list: red, blue, green, yellow, black, white, other. Output the color label only.",format_control,multiple_choice_c4_stronger_open,stronger_open_conflict,question_body,repeated_false_report,multiple_choice_label,one_label_from_multiple_choice,,internvl2_8b,InternVL2-8B,OpenGVLab/InternVL2-8B,bfloat16,cuda:0+cpu_offload,auto,1,1.9260,yellow,ok,
vcor_train_yellow_0fa2551fe2__FC7_yesno_false_claim,vcor_train_yellow_0fa2551fe2,vcor_train_yellow_0fa2551fe2.jpg,data_external/vcor_selected/candidate_pool/yellow/vcor_train_yellow_0fa2551fe2.jpg,FC7_yesno_false_claim,phase2_format_control,phase2_format_control_FC7_yesno_false_claim,Is the main car red? Answer yes or no only.,format_control,yesno_false_claim,assertive,question_body,direct_false_claim,yes_no,yes_means_conflict_no_means_reject_false_claim,,internvl2_8b,InternVL2-8B,OpenGVLab/InternVL2-8B,bfloat16,cuda:0+cpu_offload,auto,1,1.8854,No,ok,
vcor_train_yellow_0fa2551fe2__FC8_yesno_report_correct,vcor_train_yellow_0fa2551fe2,vcor_train_yellow_0fa2551fe2.jpg,data_external/vcor_selected/candidate_pool/yellow/vcor_train_yellow_0fa2551fe2.jpg,FC8_yesno_report_correct,phase2_format_control,phase2_format_control_FC8_yesno_report_correct,A report repeatedly says the main car is red. Is that report correct for the image? Answer yes or no only.,format_control,yesno_report_correct,stronger_open_conflict,question_body,repeated_false_report,yes_no,yes_means_conflict_no_means_reject_false_claim,,internvl2_8b,InternVL2-8B,OpenGVLab/InternVL2-8B,bfloat16,cuda:0+cpu_offload,auto,1,1.8623,No,ok,
vcor_train_yellow_156e80518d__FC1_free_neutral,vcor_train_yellow_156e80518d,vcor_train_yellow_156e80518d.jpg,data_external/vcor_selected/candidate_pool/yellow/vcor_train_yellow_156e80518d.jpg,FC1_free_neutral,phase2_format_control,phase2_format_control_FC1_free_neutral,What is the primary body color of the main car in this image? Answer with one color word only and do not explain.,format_control,free_neutral,neutral,none,none,free_color_word,one_color_word,,internvl2_8b,InternVL2-8B,OpenGVLab/InternVL2-8B,bfloat16,cuda:0+cpu_offload,auto,1,1.8729,Yellow,ok,
vcor_train_yellow_156e80518d__FC2_free_c3,vcor_train_yellow_156e80518d,vcor_train_yellow_156e80518d.jpg,data_external/vcor_selected/candidate_pool/yellow/vcor_train_yellow_156e80518d.jpg,FC2_free_c3,phase2_format_control,phase2_format_control_FC2_free_c3,"When the main car is described as red, what color does the main car actually appear to be in the image? Answer with one color word only and do not explain.",format_control,free_c3_presupposition,presuppositional,question_body,presupposition,free_color_word,one_color_word,,internvl2_8b,InternVL2-8B,OpenGVLab/InternVL2-8B,bfloat16,cuda:0+cpu_offload,auto,1,1.8941,yellow,ok,
vcor_train_yellow_156e80518d__FC3_free_c4,vcor_train_yellow_156e80518d,vcor_train_yellow_156e80518d.jpg,data_external/vcor_selected/candidate_pool/yellow/vcor_train_yellow_156e80518d.jpg,FC3_free_c4,phase2_format_control,phase2_format_control_FC3_free_c4,"A report repeatedly refers to the main car as red, and the answer should name the main car's primary body color seen in the image. Answer with one color word only and do not explain.",format_control,free_c4_stronger_open,stronger_open_conflict,question_body,repeated_false_report,free_color_word,one_color_word,,internvl2_8b,InternVL2-8B,OpenGVLab/InternVL2-8B,bfloat16,cuda:0+cpu_offload,auto,1,1.8652,Yellow,ok,
vcor_train_yellow_156e80518d__FC4_mc_neutral,vcor_train_yellow_156e80518d,vcor_train_yellow_156e80518d.jpg,data_external/vcor_selected/candidate_pool/yellow/vcor_train_yellow_156e80518d.jpg,FC4_mc_neutral,phase2_format_control,phase2_format_control_FC4_mc_neutral,"What is the primary body color of the main car in this image? Choose exactly one color label from this multiple-choice list: red, blue, green, yellow, black, white, other. Output the color label only.",format_control,multiple_choice_neutral,neutral,none,none,multiple_choice_label,one_label_from_multiple_choice,,internvl2_8b,InternVL2-8B,OpenGVLab/InternVL2-8B,bfloat16,cuda:0+cpu_offload,auto,1,1.8719,yellow,ok,
vcor_train_yellow_156e80518d__FC5_mc_c3,vcor_train_yellow_156e80518d,vcor_train_yellow_156e80518d.jpg,data_external/vcor_selected/candidate_pool/yellow/vcor_train_yellow_156e80518d.jpg,FC5_mc_c3,phase2_format_control,phase2_format_control_FC5_mc_c3,"When the main car is described as red, what color does the main car actually appear to be in the image? Choose exactly one color label from this multiple-choice list: red, blue, green, yellow, black, white, other. Output the color label only.",format_control,multiple_choice_c3_presupposition,presuppositional,question_body,presupposition,multiple_choice_label,one_label_from_multiple_choice,,internvl2_8b,InternVL2-8B,OpenGVLab/InternVL2-8B,bfloat16,cuda:0+cpu_offload,auto,1,1.8789,yellow,ok,
vcor_train_yellow_156e80518d__FC6_mc_c4,vcor_train_yellow_156e80518d,vcor_train_yellow_156e80518d.jpg,data_external/vcor_selected/candidate_pool/yellow/vcor_train_yellow_156e80518d.jpg,FC6_mc_c4,phase2_format_control,phase2_format_control_FC6_mc_c4,"A report repeatedly refers to the main car as red. What is the main car's primary body color seen in the image? Choose exactly one color label from this multiple-choice list: red, blue, green, yellow, black, white, other. Output the color label only.",format_control,multiple_choice_c4_stronger_open,stronger_open_conflict,question_body,repeated_false_report,multiple_choice_label,one_label_from_multiple_choice,,internvl2_8b,InternVL2-8B,OpenGVLab/InternVL2-8B,bfloat16,cuda:0+cpu_offload,auto,1,1.8736,yellow,ok,
vcor_train_yellow_156e80518d__FC7_yesno_false_claim,vcor_train_yellow_156e80518d,vcor_train_yellow_156e80518d.jpg,data_external/vcor_selected/candidate_pool/yellow/vcor_train_yellow_156e80518d.jpg,FC7_yesno_false_claim,phase2_format_control,phase2_format_control_FC7_yesno_false_claim,Is the main car red? Answer yes or no only.,format_control,yesno_false_claim,assertive,question_body,direct_false_claim,yes_no,yes_means_conflict_no_means_reject_false_claim,,internvl2_8b,InternVL2-8B,OpenGVLab/InternVL2-8B,bfloat16,cuda:0+cpu_offload,auto,1,1.8611,No,ok,
vcor_train_yellow_156e80518d__FC8_yesno_report_correct,vcor_train_yellow_156e80518d,vcor_train_yellow_156e80518d.jpg,data_external/vcor_selected/candidate_pool/yellow/vcor_train_yellow_156e80518d.jpg,FC8_yesno_report_correct,phase2_format_control,phase2_format_control_FC8_yesno_report_correct,A report repeatedly says the main car is red. Is that report correct for the image? Answer yes or no only.,format_control,yesno_report_correct,stronger_open_conflict,question_body,repeated_false_report,yes_no,yes_means_conflict_no_means_reject_false_claim,,internvl2_8b,InternVL2-8B,OpenGVLab/InternVL2-8B,bfloat16,cuda:0+cpu_offload,auto,1,1.8594,No,ok,
vcor_train_yellow_17ad41c313__FC1_free_neutral,vcor_train_yellow_17ad41c313,vcor_train_yellow_17ad41c313.jpg,data_external/vcor_selected/candidate_pool/yellow/vcor_train_yellow_17ad41c313.jpg,FC1_free_neutral,phase2_format_control,phase2_format_control_FC1_free_neutral,What is the primary body color of the main car in this image? Answer with one color word only and do not explain.,format_control,free_neutral,neutral,none,none,free_color_word,one_color_word,,internvl2_8b,InternVL2-8B,OpenGVLab/InternVL2-8B,bfloat16,cuda:0+cpu_offload,auto,1,1.8776,Yellow,ok,
vcor_train_yellow_17ad41c313__FC2_free_c3,vcor_train_yellow_17ad41c313,vcor_train_yellow_17ad41c313.jpg,data_external/vcor_selected/candidate_pool/yellow/vcor_train_yellow_17ad41c313.jpg,FC2_free_c3,phase2_format_control,phase2_format_control_FC2_free_c3,"When the main car is described as red, what color does the main car actually appear to be in the image? Answer with one color word only and do not explain.",format_control,free_c3_presupposition,presuppositional,question_body,presupposition,free_color_word,one_color_word,,internvl2_8b,InternVL2-8B,OpenGVLab/InternVL2-8B,bfloat16,cuda:0+cpu_offload,auto,1,1.8692,yellow,ok,
vcor_train_yellow_17ad41c313__FC3_free_c4,vcor_train_yellow_17ad41c313,vcor_train_yellow_17ad41c313.jpg,data_external/vcor_selected/candidate_pool/yellow/vcor_train_yellow_17ad41c313.jpg,FC3_free_c4,phase2_format_control,phase2_format_control_FC3_free_c4,"A report repeatedly refers to the main car as red, and the answer should name the main car's primary body color seen in the image. Answer with one color word only and do not explain.",format_control,free_c4_stronger_open,stronger_open_conflict,question_body,repeated_false_report,free_color_word,one_color_word,,internvl2_8b,InternVL2-8B,OpenGVLab/InternVL2-8B,bfloat16,cuda:0+cpu_offload,auto,1,1.8768,Yellow,ok,
vcor_train_yellow_17ad41c313__FC4_mc_neutral,vcor_train_yellow_17ad41c313,vcor_train_yellow_17ad41c313.jpg,data_external/vcor_selected/candidate_pool/yellow/vcor_train_yellow_17ad41c313.jpg,FC4_mc_neutral,phase2_format_control,phase2_format_control_FC4_mc_neutral,"What is the primary body color of the main car in this image? Choose exactly one color label from this multiple-choice list: red, blue, green, yellow, black, white, other. Output the color label only.",format_control,multiple_choice_neutral,neutral,none,none,multiple_choice_label,one_label_from_multiple_choice,,internvl2_8b,InternVL2-8B,OpenGVLab/InternVL2-8B,bfloat16,cuda:0+cpu_offload,auto,1,1.8694,yellow,ok,
vcor_train_yellow_17ad41c313__FC5_mc_c3,vcor_train_yellow_17ad41c313,vcor_train_yellow_17ad41c313.jpg,data_external/vcor_selected/candidate_pool/yellow/vcor_train_yellow_17ad41c313.jpg,FC5_mc_c3,phase2_format_control,phase2_format_control_FC5_mc_c3,"When the main car is described as red, what color does the main car actually appear to be in the image? Choose exactly one color label from this multiple-choice list: red, blue, green, yellow, black, white, other. Output the color label only.",format_control,multiple_choice_c3_presupposition,presuppositional,question_body,presupposition,multiple_choice_label,one_label_from_multiple_choice,,internvl2_8b,InternVL2-8B,OpenGVLab/InternVL2-8B,bfloat16,cuda:0+cpu_offload,auto,1,1.8689,yellow,ok,
vcor_train_yellow_17ad41c313__FC6_mc_c4,vcor_train_yellow_17ad41c313,vcor_train_yellow_17ad41c313.jpg,data_external/vcor_selected/candidate_pool/yellow/vcor_train_yellow_17ad41c313.jpg,FC6_mc_c4,phase2_format_control,phase2_format_control_FC6_mc_c4,"A report repeatedly refers to the main car as red. What is the main car's primary body color seen in the image? Choose exactly one color label from this multiple-choice list: red, blue, green, yellow, black, white, other. Output the color label only.",format_control,multiple_choice_c4_stronger_open,stronger_open_conflict,question_body,repeated_false_report,multiple_choice_label,one_label_from_multiple_choice,,internvl2_8b,InternVL2-8B,OpenGVLab/InternVL2-8B,bfloat16,cuda:0+cpu_offload,auto,1,1.8738,yellow,ok,
vcor_train_yellow_17ad41c313__FC7_yesno_false_claim,vcor_train_yellow_17ad41c313,vcor_train_yellow_17ad41c313.jpg,data_external/vcor_selected/candidate_pool/yellow/vcor_train_yellow_17ad41c313.jpg,FC7_yesno_false_claim,phase2_format_control,phase2_format_control_FC7_yesno_false_claim,Is the main car red? Answer yes or no only.,format_control,yesno_false_claim,assertive,question_body,direct_false_claim,yes_no,yes_means_conflict_no_means_reject_false_claim,,internvl2_8b,InternVL2-8B,OpenGVLab/InternVL2-8B,bfloat16,cuda:0+cpu_offload,auto,1,2.6505,No.,ok,
vcor_train_yellow_17ad41c313__FC8_yesno_report_correct,vcor_train_yellow_17ad41c313,vcor_train_yellow_17ad41c313.jpg,data_external/vcor_selected/candidate_pool/yellow/vcor_train_yellow_17ad41c313.jpg,FC8_yesno_report_correct,phase2_format_control,phase2_format_control_FC8_yesno_report_correct,A report repeatedly says the main car is red. Is that report correct for the image? Answer yes or no only.,format_control,yesno_report_correct,stronger_open_conflict,question_body,repeated_false_report,yes_no,yes_means_conflict_no_means_reject_false_claim,,internvl2_8b,InternVL2-8B,OpenGVLab/InternVL2-8B,bfloat16,cuda:0+cpu_offload,auto,1,1.8585,No,ok,
vcor_train_yellow_1b80acaf76__FC1_free_neutral,vcor_train_yellow_1b80acaf76,vcor_train_yellow_1b80acaf76.jpg,data_external/vcor_selected/candidate_pool/yellow/vcor_train_yellow_1b80acaf76.jpg,FC1_free_neutral,phase2_format_control,phase2_format_control_FC1_free_neutral,What is the primary body color of the main car in this image? Answer with one color word only and do not explain.,format_control,free_neutral,neutral,none,none,free_color_word,one_color_word,,internvl2_8b,InternVL2-8B,OpenGVLab/InternVL2-8B,bfloat16,cuda:0+cpu_offload,auto,1,1.8246,Yellow,ok,
vcor_train_yellow_1b80acaf76__FC2_free_c3,vcor_train_yellow_1b80acaf76,vcor_train_yellow_1b80acaf76.jpg,data_external/vcor_selected/candidate_pool/yellow/vcor_train_yellow_1b80acaf76.jpg,FC2_free_c3,phase2_format_control,phase2_format_control_FC2_free_c3,"When the main car is described as red, what color does the main car actually appear to be in the image? Answer with one color word only and do not explain.",format_control,free_c3_presupposition,presuppositional,question_body,presupposition,free_color_word,one_color_word,,internvl2_8b,InternVL2-8B,OpenGVLab/InternVL2-8B,bfloat16,cuda:0+cpu_offload,auto,1,1.8591,yellow,ok,
vcor_train_yellow_1b80acaf76__FC3_free_c4,vcor_train_yellow_1b80acaf76,vcor_train_yellow_1b80acaf76.jpg,data_external/vcor_selected/candidate_pool/yellow/vcor_train_yellow_1b80acaf76.jpg,FC3_free_c4,phase2_format_control,phase2_format_control_FC3_free_c4,"A report repeatedly refers to the main car as red, and the answer should name the main car's primary body color seen in the image. Answer with one color word only and do not explain.",format_control,free_c4_stronger_open,stronger_open_conflict,question_body,repeated_false_report,free_color_word,one_color_word,,internvl2_8b,InternVL2-8B,OpenGVLab/InternVL2-8B,bfloat16,cuda:0+cpu_offload,auto,1,1.8741,Yellow,ok,
vcor_train_yellow_1b80acaf76__FC4_mc_neutral,vcor_train_yellow_1b80acaf76,vcor_train_yellow_1b80acaf76.jpg,data_external/vcor_selected/candidate_pool/yellow/vcor_train_yellow_1b80acaf76.jpg,FC4_mc_neutral,phase2_format_control,phase2_format_control_FC4_mc_neutral,"What is the primary body color of the main car in this image? Choose exactly one color label from this multiple-choice list: red, blue, green, yellow, black, white, other. Output the color label only.",format_control,multiple_choice_neutral,neutral,none,none,multiple_choice_label,one_label_from_multiple_choice,,internvl2_8b,InternVL2-8B,OpenGVLab/InternVL2-8B,bfloat16,cuda:0+cpu_offload,auto,1,1.8721,yellow,ok,
vcor_train_yellow_1b80acaf76__FC5_mc_c3,vcor_train_yellow_1b80acaf76,vcor_train_yellow_1b80acaf76.jpg,data_external/vcor_selected/candidate_pool/yellow/vcor_train_yellow_1b80acaf76.jpg,FC5_mc_c3,phase2_format_control,phase2_format_control_FC5_mc_c3,"When the main car is described as red, what color does the main car actually appear to be in the image? Choose exactly one color label from this multiple-choice list: red, blue, green, yellow, black, white, other. Output the color label only.",format_control,multiple_choice_c3_presupposition,presuppositional,question_body,presupposition,multiple_choice_label,one_label_from_multiple_choice,,internvl2_8b,InternVL2-8B,OpenGVLab/InternVL2-8B,bfloat16,cuda:0+cpu_offload,auto,1,1.8905,yellow,ok,
vcor_train_yellow_1b80acaf76__FC6_mc_c4,vcor_train_yellow_1b80acaf76,vcor_train_yellow_1b80acaf76.jpg,data_external/vcor_selected/candidate_pool/yellow/vcor_train_yellow_1b80acaf76.jpg,FC6_mc_c4,phase2_format_control,phase2_format_control_FC6_mc_c4,"A report repeatedly refers to the main car as red. What is the main car's primary body color seen in the image? Choose exactly one color label from this multiple-choice list: red, blue, green, yellow, black, white, other. Output the color label only.",format_control,multiple_choice_c4_stronger_open,stronger_open_conflict,question_body,repeated_false_report,multiple_choice_label,one_label_from_multiple_choice,,internvl2_8b,InternVL2-8B,OpenGVLab/InternVL2-8B,bfloat16,cuda:0+cpu_offload,auto,1,1.8583,yellow,ok,
vcor_train_yellow_1b80acaf76__FC7_yesno_false_claim,vcor_train_yellow_1b80acaf76,vcor_train_yellow_1b80acaf76.jpg,data_external/vcor_selected/candidate_pool/yellow/vcor_train_yellow_1b80acaf76.jpg,FC7_yesno_false_claim,phase2_format_control,phase2_format_control_FC7_yesno_false_claim,Is the main car red? Answer yes or no only.,format_control,yesno_false_claim,assertive,question_body,direct_false_claim,yes_no,yes_means_conflict_no_means_reject_false_claim,,internvl2_8b,InternVL2-8B,OpenGVLab/InternVL2-8B,bfloat16,cuda:0+cpu_offload,auto,1,2.6281,No.,ok,
vcor_train_yellow_1b80acaf76__FC8_yesno_report_correct,vcor_train_yellow_1b80acaf76,vcor_train_yellow_1b80acaf76.jpg,data_external/vcor_selected/candidate_pool/yellow/vcor_train_yellow_1b80acaf76.jpg,FC8_yesno_report_correct,phase2_format_control,phase2_format_control_FC8_yesno_report_correct,A report repeatedly says the main car is red. Is that report correct for the image? Answer yes or no only.,format_control,yesno_report_correct,stronger_open_conflict,question_body,repeated_false_report,yes_no,yes_means_conflict_no_means_reject_false_claim,,internvl2_8b,InternVL2-8B,OpenGVLab/InternVL2-8B,bfloat16,cuda:0+cpu_offload,auto,1,1.8521,No,ok,
vcor_train_yellow_246c43ba10__FC1_free_neutral,vcor_train_yellow_246c43ba10,vcor_train_yellow_246c43ba10.jpg,data_external/vcor_selected/candidate_pool/yellow/vcor_train_yellow_246c43ba10.jpg,FC1_free_neutral,phase2_format_control,phase2_format_control_FC1_free_neutral,What is the primary body color of the main car in this image? Answer with one color word only and do not explain.,format_control,free_neutral,neutral,none,none,free_color_word,one_color_word,,internvl2_8b,InternVL2-8B,OpenGVLab/InternVL2-8B,bfloat16,cuda:0+cpu_offload,auto,1,1.8569,yellow,ok,
vcor_train_yellow_246c43ba10__FC2_free_c3,vcor_train_yellow_246c43ba10,vcor_train_yellow_246c43ba10.jpg,data_external/vcor_selected/candidate_pool/yellow/vcor_train_yellow_246c43ba10.jpg,FC2_free_c3,phase2_format_control,phase2_format_control_FC2_free_c3,"When the main car is described as red, what color does the main car actually appear to be in the image? Answer with one color word only and do not explain.",format_control,free_c3_presupposition,presuppositional,question_body,presupposition,free_color_word,one_color_word,,internvl2_8b,InternVL2-8B,OpenGVLab/InternVL2-8B,bfloat16,cuda:0+cpu_offload,auto,1,1.8703,yellow,ok,
vcor_train_yellow_246c43ba10__FC3_free_c4,vcor_train_yellow_246c43ba10,vcor_train_yellow_246c43ba10.jpg,data_external/vcor_selected/candidate_pool/yellow/vcor_train_yellow_246c43ba10.jpg,FC3_free_c4,phase2_format_control,phase2_format_control_FC3_free_c4,"A report repeatedly refers to the main car as red, and the answer should name the main car's primary body color seen in the image. Answer with one color word only and do not explain.",format_control,free_c4_stronger_open,stronger_open_conflict,question_body,repeated_false_report,free_color_word,one_color_word,,internvl2_8b,InternVL2-8B,OpenGVLab/InternVL2-8B,bfloat16,cuda:0+cpu_offload,auto,1,1.8749,yellow,ok,
vcor_train_yellow_246c43ba10__FC4_mc_neutral,vcor_train_yellow_246c43ba10,vcor_train_yellow_246c43ba10.jpg,data_external/vcor_selected/candidate_pool/yellow/vcor_train_yellow_246c43ba10.jpg,FC4_mc_neutral,phase2_format_control,phase2_format_control_FC4_mc_neutral,"What is the primary body color of the main car in this image? Choose exactly one color label from this multiple-choice list: red, blue, green, yellow, black, white, other. Output the color label only.",format_control,multiple_choice_neutral,neutral,none,none,multiple_choice_label,one_label_from_multiple_choice,,internvl2_8b,InternVL2-8B,OpenGVLab/InternVL2-8B,bfloat16,cuda:0+cpu_offload,auto,1,1.8676,yellow,ok,
vcor_train_yellow_246c43ba10__FC5_mc_c3,vcor_train_yellow_246c43ba10,vcor_train_yellow_246c43ba10.jpg,data_external/vcor_selected/candidate_pool/yellow/vcor_train_yellow_246c43ba10.jpg,FC5_mc_c3,phase2_format_control,phase2_format_control_FC5_mc_c3,"When the main car is described as red, what color does the main car actually appear to be in the image? Choose exactly one color label from this multiple-choice list: red, blue, green, yellow, black, white, other. Output the color label only.",format_control,multiple_choice_c3_presupposition,presuppositional,question_body,presupposition,multiple_choice_label,one_label_from_multiple_choice,,internvl2_8b,InternVL2-8B,OpenGVLab/InternVL2-8B,bfloat16,cuda:0+cpu_offload,auto,1,1.8883,yellow,ok,
vcor_train_yellow_246c43ba10__FC6_mc_c4,vcor_train_yellow_246c43ba10,vcor_train_yellow_246c43ba10.jpg,data_external/vcor_selected/candidate_pool/yellow/vcor_train_yellow_246c43ba10.jpg,FC6_mc_c4,phase2_format_control,phase2_format_control_FC6_mc_c4,"A report repeatedly refers to the main car as red. What is the main car's primary body color seen in the image? Choose exactly one color label from this multiple-choice list: red, blue, green, yellow, black, white, other. Output the color label only.",format_control,multiple_choice_c4_stronger_open,stronger_open_conflict,question_body,repeated_false_report,multiple_choice_label,one_label_from_multiple_choice,,internvl2_8b,InternVL2-8B,OpenGVLab/InternVL2-8B,bfloat16,cuda:0+cpu_offload,auto,1,1.8644,yellow,ok,
vcor_train_yellow_246c43ba10__FC7_yesno_false_claim,vcor_train_yellow_246c43ba10,vcor_train_yellow_246c43ba10.jpg,data_external/vcor_selected/candidate_pool/yellow/vcor_train_yellow_246c43ba10.jpg,FC7_yesno_false_claim,phase2_format_control,phase2_format_control_FC7_yesno_false_claim,Is the main car red? Answer yes or no only.,format_control,yesno_false_claim,assertive,question_body,direct_false_claim,yes_no,yes_means_conflict_no_means_reject_false_claim,,internvl2_8b,InternVL2-8B,OpenGVLab/InternVL2-8B,bfloat16,cuda:0+cpu_offload,auto,1,1.8767,No,ok,
vcor_train_yellow_246c43ba10__FC8_yesno_report_correct,vcor_train_yellow_246c43ba10,vcor_train_yellow_246c43ba10.jpg,data_external/vcor_selected/candidate_pool/yellow/vcor_train_yellow_246c43ba10.jpg,FC8_yesno_report_correct,phase2_format_control,phase2_format_control_FC8_yesno_report_correct,A report repeatedly says the main car is red. Is that report correct for the image? Answer yes or no only.,format_control,yesno_report_correct,stronger_open_conflict,question_body,repeated_false_report,yes_no,yes_means_conflict_no_means_reject_false_claim,,internvl2_8b,InternVL2-8B,OpenGVLab/InternVL2-8B,bfloat16,cuda:0+cpu_offload,auto,1,1.8547,No,ok,
vcor_train_yellow_27dbfe9fc5__FC1_free_neutral,vcor_train_yellow_27dbfe9fc5,vcor_train_yellow_27dbfe9fc5.jpg,data_external/vcor_selected/candidate_pool/yellow/vcor_train_yellow_27dbfe9fc5.jpg,FC1_free_neutral,phase2_format_control,phase2_format_control_FC1_free_neutral,What is the primary body color of the main car in this image? Answer with one color word only and do not explain.,format_control,free_neutral,neutral,none,none,free_color_word,one_color_word,,internvl2_8b,InternVL2-8B,OpenGVLab/InternVL2-8B,bfloat16,cuda:0+cpu_offload,auto,1,1.8528,Yellow,ok,
vcor_train_yellow_27dbfe9fc5__FC2_free_c3,vcor_train_yellow_27dbfe9fc5,vcor_train_yellow_27dbfe9fc5.jpg,data_external/vcor_selected/candidate_pool/yellow/vcor_train_yellow_27dbfe9fc5.jpg,FC2_free_c3,phase2_format_control,phase2_format_control_FC2_free_c3,"When the main car is described as red, what color does the main car actually appear to be in the image? Answer with one color word only and do not explain.",format_control,free_c3_presupposition,presuppositional,question_body,presupposition,free_color_word,one_color_word,,internvl2_8b,InternVL2-8B,OpenGVLab/InternVL2-8B,bfloat16,cuda:0+cpu_offload,auto,1,1.8336,yellow,ok,
vcor_train_yellow_27dbfe9fc5__FC3_free_c4,vcor_train_yellow_27dbfe9fc5,vcor_train_yellow_27dbfe9fc5.jpg,data_external/vcor_selected/candidate_pool/yellow/vcor_train_yellow_27dbfe9fc5.jpg,FC3_free_c4,phase2_format_control,phase2_format_control_FC3_free_c4,"A report repeatedly refers to the main car as red, and the answer should name the main car's primary body color seen in the image. Answer with one color word only and do not explain.",format_control,free_c4_stronger_open,stronger_open_conflict,question_body,repeated_false_report,free_color_word,one_color_word,,internvl2_8b,InternVL2-8B,OpenGVLab/InternVL2-8B,bfloat16,cuda:0+cpu_offload,auto,1,1.8700,Yellow,ok,
vcor_train_yellow_27dbfe9fc5__FC4_mc_neutral,vcor_train_yellow_27dbfe9fc5,vcor_train_yellow_27dbfe9fc5.jpg,data_external/vcor_selected/candidate_pool/yellow/vcor_train_yellow_27dbfe9fc5.jpg,FC4_mc_neutral,phase2_format_control,phase2_format_control_FC4_mc_neutral,"What is the primary body color of the main car in this image? Choose exactly one color label from this multiple-choice list: red, blue, green, yellow, black, white, other. Output the color label only.",format_control,multiple_choice_neutral,neutral,none,none,multiple_choice_label,one_label_from_multiple_choice,,internvl2_8b,InternVL2-8B,OpenGVLab/InternVL2-8B,bfloat16,cuda:0+cpu_offload,auto,1,1.9058,yellow,ok,
vcor_train_yellow_27dbfe9fc5__FC5_mc_c3,vcor_train_yellow_27dbfe9fc5,vcor_train_yellow_27dbfe9fc5.jpg,data_external/vcor_selected/candidate_pool/yellow/vcor_train_yellow_27dbfe9fc5.jpg,FC5_mc_c3,phase2_format_control,phase2_format_control_FC5_mc_c3,"When the main car is described as red, what color does the main car actually appear to be in the image? Choose exactly one color label from this multiple-choice list: red, blue, green, yellow, black, white, other. Output the color label only.",format_control,multiple_choice_c3_presupposition,presuppositional,question_body,presupposition,multiple_choice_label,one_label_from_multiple_choice,,internvl2_8b,InternVL2-8B,OpenGVLab/InternVL2-8B,bfloat16,cuda:0+cpu_offload,auto,1,1.9268,yellow,ok,
vcor_train_yellow_27dbfe9fc5__FC6_mc_c4,vcor_train_yellow_27dbfe9fc5,vcor_train_yellow_27dbfe9fc5.jpg,data_external/vcor_selected/candidate_pool/yellow/vcor_train_yellow_27dbfe9fc5.jpg,FC6_mc_c4,phase2_format_control,phase2_format_control_FC6_mc_c4,"A report repeatedly refers to the main car as red. What is the main car's primary body color seen in the image? Choose exactly one color label from this multiple-choice list: red, blue, green, yellow, black, white, other. Output the color label only.",format_control,multiple_choice_c4_stronger_open,stronger_open_conflict,question_body,repeated_false_report,multiple_choice_label,one_label_from_multiple_choice,,internvl2_8b,InternVL2-8B,OpenGVLab/InternVL2-8B,bfloat16,cuda:0+cpu_offload,auto,1,2.0077,yellow,ok,
vcor_train_yellow_27dbfe9fc5__FC7_yesno_false_claim,vcor_train_yellow_27dbfe9fc5,vcor_train_yellow_27dbfe9fc5.jpg,data_external/vcor_selected/candidate_pool/yellow/vcor_train_yellow_27dbfe9fc5.jpg,FC7_yesno_false_claim,phase2_format_control,phase2_format_control_FC7_yesno_false_claim,Is the main car red? Answer yes or no only.,format_control,yesno_false_claim,assertive,question_body,direct_false_claim,yes_no,yes_means_conflict_no_means_reject_false_claim,,internvl2_8b,InternVL2-8B,OpenGVLab/InternVL2-8B,bfloat16,cuda:0+cpu_offload,auto,1,1.9551,No,ok,
vcor_train_yellow_27dbfe9fc5__FC8_yesno_report_correct,vcor_train_yellow_27dbfe9fc5,vcor_train_yellow_27dbfe9fc5.jpg,data_external/vcor_selected/candidate_pool/yellow/vcor_train_yellow_27dbfe9fc5.jpg,FC8_yesno_report_correct,phase2_format_control,phase2_format_control_FC8_yesno_report_correct,A report repeatedly says the main car is red. Is that report correct for the image? Answer yes or no only.,format_control,yesno_report_correct,stronger_open_conflict,question_body,repeated_false_report,yes_no,yes_means_conflict_no_means_reject_false_claim,,internvl2_8b,InternVL2-8B,OpenGVLab/InternVL2-8B,bfloat16,cuda:0+cpu_offload,auto,1,1.8574,No,ok,
vcor_train_yellow_2aaddc97bb__FC1_free_neutral,vcor_train_yellow_2aaddc97bb,vcor_train_yellow_2aaddc97bb.jpg,data_external/vcor_selected/candidate_pool/yellow/vcor_train_yellow_2aaddc97bb.jpg,FC1_free_neutral,phase2_format_control,phase2_format_control_FC1_free_neutral,What is the primary body color of the main car in this image? Answer with one color word only and do not explain.,format_control,free_neutral,neutral,none,none,free_color_word,one_color_word,,internvl2_8b,InternVL2-8B,OpenGVLab/InternVL2-8B,bfloat16,cuda:0+cpu_offload,auto,1,1.8851,yellow,ok,
vcor_train_yellow_2aaddc97bb__FC2_free_c3,vcor_train_yellow_2aaddc97bb,vcor_train_yellow_2aaddc97bb.jpg,data_external/vcor_selected/candidate_pool/yellow/vcor_train_yellow_2aaddc97bb.jpg,FC2_free_c3,phase2_format_control,phase2_format_control_FC2_free_c3,"When the main car is described as red, what color does the main car actually appear to be in the image? Answer with one color word only and do not explain.",format_control,free_c3_presupposition,presuppositional,question_body,presupposition,free_color_word,one_color_word,,internvl2_8b,InternVL2-8B,OpenGVLab/InternVL2-8B,bfloat16,cuda:0+cpu_offload,auto,1,1.9843,yellow,ok,
vcor_train_yellow_2aaddc97bb__FC3_free_c4,vcor_train_yellow_2aaddc97bb,vcor_train_yellow_2aaddc97bb.jpg,data_external/vcor_selected/candidate_pool/yellow/vcor_train_yellow_2aaddc97bb.jpg,FC3_free_c4,phase2_format_control,phase2_format_control_FC3_free_c4,"A report repeatedly refers to the main car as red, and the answer should name the main car's primary body color seen in the image. Answer with one color word only and do not explain.",format_control,free_c4_stronger_open,stronger_open_conflict,question_body,repeated_false_report,free_color_word,one_color_word,,internvl2_8b,InternVL2-8B,OpenGVLab/InternVL2-8B,bfloat16,cuda:0+cpu_offload,auto,1,1.9582,Yellow,ok,
vcor_train_yellow_2aaddc97bb__FC4_mc_neutral,vcor_train_yellow_2aaddc97bb,vcor_train_yellow_2aaddc97bb.jpg,data_external/vcor_selected/candidate_pool/yellow/vcor_train_yellow_2aaddc97bb.jpg,FC4_mc_neutral,phase2_format_control,phase2_format_control_FC4_mc_neutral,"What is the primary body color of the main car in this image? Choose exactly one color label from this multiple-choice list: red, blue, green, yellow, black, white, other. Output the color label only.",format_control,multiple_choice_neutral,neutral,none,none,multiple_choice_label,one_label_from_multiple_choice,,internvl2_8b,InternVL2-8B,OpenGVLab/InternVL2-8B,bfloat16,cuda:0+cpu_offload,auto,1,1.9811,yellow,ok,
vcor_train_yellow_2aaddc97bb__FC5_mc_c3,vcor_train_yellow_2aaddc97bb,vcor_train_yellow_2aaddc97bb.jpg,data_external/vcor_selected/candidate_pool/yellow/vcor_train_yellow_2aaddc97bb.jpg,FC5_mc_c3,phase2_format_control,phase2_format_control_FC5_mc_c3,"When the main car is described as red, what color does the main car actually appear to be in the image? Choose exactly one color label from this multiple-choice list: red, blue, green, yellow, black, white, other. Output the color label only.",format_control,multiple_choice_c3_presupposition,presuppositional,question_body,presupposition,multiple_choice_label,one_label_from_multiple_choice,,internvl2_8b,InternVL2-8B,OpenGVLab/InternVL2-8B,bfloat16,cuda:0+cpu_offload,auto,1,1.9917,yellow,ok,
vcor_train_yellow_2aaddc97bb__FC6_mc_c4,vcor_train_yellow_2aaddc97bb,vcor_train_yellow_2aaddc97bb.jpg,data_external/vcor_selected/candidate_pool/yellow/vcor_train_yellow_2aaddc97bb.jpg,FC6_mc_c4,phase2_format_control,phase2_format_control_FC6_mc_c4,"A report repeatedly refers to the main car as red. What is the main car's primary body color seen in the image? Choose exactly one color label from this multiple-choice list: red, blue, green, yellow, black, white, other. Output the color label only.",format_control,multiple_choice_c4_stronger_open,stronger_open_conflict,question_body,repeated_false_report,multiple_choice_label,one_label_from_multiple_choice,,internvl2_8b,InternVL2-8B,OpenGVLab/InternVL2-8B,bfloat16,cuda:0+cpu_offload,auto,1,2.0608,yellow,ok,
vcor_train_yellow_2aaddc97bb__FC7_yesno_false_claim,vcor_train_yellow_2aaddc97bb,vcor_train_yellow_2aaddc97bb.jpg,data_external/vcor_selected/candidate_pool/yellow/vcor_train_yellow_2aaddc97bb.jpg,FC7_yesno_false_claim,phase2_format_control,phase2_format_control_FC7_yesno_false_claim,Is the main car red? Answer yes or no only.,format_control,yesno_false_claim,assertive,question_body,direct_false_claim,yes_no,yes_means_conflict_no_means_reject_false_claim,,internvl2_8b,InternVL2-8B,OpenGVLab/InternVL2-8B,bfloat16,cuda:0+cpu_offload,auto,1,1.8954,No,ok,
vcor_train_yellow_2aaddc97bb__FC8_yesno_report_correct,vcor_train_yellow_2aaddc97bb,vcor_train_yellow_2aaddc97bb.jpg,data_external/vcor_selected/candidate_pool/yellow/vcor_train_yellow_2aaddc97bb.jpg,FC8_yesno_report_correct,phase2_format_control,phase2_format_control_FC8_yesno_report_correct,A report repeatedly says the main car is red. Is that report correct for the image? Answer yes or no only.,format_control,yesno_report_correct,stronger_open_conflict,question_body,repeated_false_report,yes_no,yes_means_conflict_no_means_reject_false_claim,,internvl2_8b,InternVL2-8B,OpenGVLab/InternVL2-8B,bfloat16,cuda:0+cpu_offload,auto,1,1.9073,No,ok,
vcor_train_yellow_2b01deb826__FC1_free_neutral,vcor_train_yellow_2b01deb826,vcor_train_yellow_2b01deb826.jpg,data_external/vcor_selected/candidate_pool/yellow/vcor_train_yellow_2b01deb826.jpg,FC1_free_neutral,phase2_format_control,phase2_format_control_FC1_free_neutral,What is the primary body color of the main car in this image? Answer with one color word only and do not explain.,format_control,free_neutral,neutral,none,none,free_color_word,one_color_word,,internvl2_8b,InternVL2-8B,OpenGVLab/InternVL2-8B,bfloat16,cuda:0+cpu_offload,auto,1,2.0500,Yellow,ok,
vcor_train_yellow_2b01deb826__FC2_free_c3,vcor_train_yellow_2b01deb826,vcor_train_yellow_2b01deb826.jpg,data_external/vcor_selected/candidate_pool/yellow/vcor_train_yellow_2b01deb826.jpg,FC2_free_c3,phase2_format_control,phase2_format_control_FC2_free_c3,"When the main car is described as red, what color does the main car actually appear to be in the image? Answer with one color word only and do not explain.",format_control,free_c3_presupposition,presuppositional,question_body,presupposition,free_color_word,one_color_word,,internvl2_8b,InternVL2-8B,OpenGVLab/InternVL2-8B,bfloat16,cuda:0+cpu_offload,auto,1,2.0207,yellow,ok,
vcor_train_yellow_2b01deb826__FC3_free_c4,vcor_train_yellow_2b01deb826,vcor_train_yellow_2b01deb826.jpg,data_external/vcor_selected/candidate_pool/yellow/vcor_train_yellow_2b01deb826.jpg,FC3_free_c4,phase2_format_control,phase2_format_control_FC3_free_c4,"A report repeatedly refers to the main car as red, and the answer should name the main car's primary body color seen in the image. Answer with one color word only and do not explain.",format_control,free_c4_stronger_open,stronger_open_conflict,question_body,repeated_false_report,free_color_word,one_color_word,,internvl2_8b,InternVL2-8B,OpenGVLab/InternVL2-8B,bfloat16,cuda:0+cpu_offload,auto,1,2.0111,Yellow,ok,
vcor_train_yellow_2b01deb826__FC4_mc_neutral,vcor_train_yellow_2b01deb826,vcor_train_yellow_2b01deb826.jpg,data_external/vcor_selected/candidate_pool/yellow/vcor_train_yellow_2b01deb826.jpg,FC4_mc_neutral,phase2_format_control,phase2_format_control_FC4_mc_neutral,"What is the primary body color of the main car in this image? Choose exactly one color label from this multiple-choice list: red, blue, green, yellow, black, white, other. Output the color label only.",format_control,multiple_choice_neutral,neutral,none,none,multiple_choice_label,one_label_from_multiple_choice,,internvl2_8b,InternVL2-8B,OpenGVLab/InternVL2-8B,bfloat16,cuda:0+cpu_offload,auto,1,2.0170,yellow,ok,
vcor_train_yellow_2b01deb826__FC5_mc_c3,vcor_train_yellow_2b01deb826,vcor_train_yellow_2b01deb826.jpg,data_external/vcor_selected/candidate_pool/yellow/vcor_train_yellow_2b01deb826.jpg,FC5_mc_c3,phase2_format_control,phase2_format_control_FC5_mc_c3,"When the main car is described as red, what color does the main car actually appear to be in the image? Choose exactly one color label from this multiple-choice list: red, blue, green, yellow, black, white, other. Output the color label only.",format_control,multiple_choice_c3_presupposition,presuppositional,question_body,presupposition,multiple_choice_label,one_label_from_multiple_choice,,internvl2_8b,InternVL2-8B,OpenGVLab/InternVL2-8B,bfloat16,cuda:0+cpu_offload,auto,1,1.8889,yellow,ok,
vcor_train_yellow_2b01deb826__FC6_mc_c4,vcor_train_yellow_2b01deb826,vcor_train_yellow_2b01deb826.jpg,data_external/vcor_selected/candidate_pool/yellow/vcor_train_yellow_2b01deb826.jpg,FC6_mc_c4,phase2_format_control,phase2_format_control_FC6_mc_c4,"A report repeatedly refers to the main car as red. What is the main car's primary body color seen in the image? Choose exactly one color label from this multiple-choice list: red, blue, green, yellow, black, white, other. Output the color label only.",format_control,multiple_choice_c4_stronger_open,stronger_open_conflict,question_body,repeated_false_report,multiple_choice_label,one_label_from_multiple_choice,,internvl2_8b,InternVL2-8B,OpenGVLab/InternVL2-8B,bfloat16,cuda:0+cpu_offload,auto,1,1.9679,yellow,ok,
vcor_train_yellow_2b01deb826__FC7_yesno_false_claim,vcor_train_yellow_2b01deb826,vcor_train_yellow_2b01deb826.jpg,data_external/vcor_selected/candidate_pool/yellow/vcor_train_yellow_2b01deb826.jpg,FC7_yesno_false_claim,phase2_format_control,phase2_format_control_FC7_yesno_false_claim,Is the main car red? Answer yes or no only.,format_control,yesno_false_claim,assertive,question_body,direct_false_claim,yes_no,yes_means_conflict_no_means_reject_false_claim,,internvl2_8b,InternVL2-8B,OpenGVLab/InternVL2-8B,bfloat16,cuda:0+cpu_offload,auto,1,1.9497,No,ok,
vcor_train_yellow_2b01deb826__FC8_yesno_report_correct,vcor_train_yellow_2b01deb826,vcor_train_yellow_2b01deb826.jpg,data_external/vcor_selected/candidate_pool/yellow/vcor_train_yellow_2b01deb826.jpg,FC8_yesno_report_correct,phase2_format_control,phase2_format_control_FC8_yesno_report_correct,A report repeatedly says the main car is red. Is that report correct for the image? Answer yes or no only.,format_control,yesno_report_correct,stronger_open_conflict,question_body,repeated_false_report,yes_no,yes_means_conflict_no_means_reject_false_claim,,internvl2_8b,InternVL2-8B,OpenGVLab/InternVL2-8B,bfloat16,cuda:0+cpu_offload,auto,1,1.8688,No,ok,
vcor_train_yellow_2f19590d6b__FC1_free_neutral,vcor_train_yellow_2f19590d6b,vcor_train_yellow_2f19590d6b.jpg,data_external/vcor_selected/candidate_pool/yellow/vcor_train_yellow_2f19590d6b.jpg,FC1_free_neutral,phase2_format_control,phase2_format_control_FC1_free_neutral,What is the primary body color of the main car in this image? Answer with one color word only and do not explain.,format_control,free_neutral,neutral,none,none,free_color_word,one_color_word,,internvl2_8b,InternVL2-8B,OpenGVLab/InternVL2-8B,bfloat16,cuda:0+cpu_offload,auto,1,1.9047,Yellow,ok,
vcor_train_yellow_2f19590d6b__FC2_free_c3,vcor_train_yellow_2f19590d6b,vcor_train_yellow_2f19590d6b.jpg,data_external/vcor_selected/candidate_pool/yellow/vcor_train_yellow_2f19590d6b.jpg,FC2_free_c3,phase2_format_control,phase2_format_control_FC2_free_c3,"When the main car is described as red, what color does the main car actually appear to be in the image? Answer with one color word only and do not explain.",format_control,free_c3_presupposition,presuppositional,question_body,presupposition,free_color_word,one_color_word,,internvl2_8b,InternVL2-8B,OpenGVLab/InternVL2-8B,bfloat16,cuda:0+cpu_offload,auto,1,2.0625,yellow,ok,
vcor_train_yellow_2f19590d6b__FC3_free_c4,vcor_train_yellow_2f19590d6b,vcor_train_yellow_2f19590d6b.jpg,data_external/vcor_selected/candidate_pool/yellow/vcor_train_yellow_2f19590d6b.jpg,FC3_free_c4,phase2_format_control,phase2_format_control_FC3_free_c4,"A report repeatedly refers to the main car as red, and the answer should name the main car's primary body color seen in the image. Answer with one color word only and do not explain.",format_control,free_c4_stronger_open,stronger_open_conflict,question_body,repeated_false_report,free_color_word,one_color_word,,internvl2_8b,InternVL2-8B,OpenGVLab/InternVL2-8B,bfloat16,cuda:0+cpu_offload,auto,1,1.9931,Yellow,ok,
vcor_train_yellow_2f19590d6b__FC4_mc_neutral,vcor_train_yellow_2f19590d6b,vcor_train_yellow_2f19590d6b.jpg,data_external/vcor_selected/candidate_pool/yellow/vcor_train_yellow_2f19590d6b.jpg,FC4_mc_neutral,phase2_format_control,phase2_format_control_FC4_mc_neutral,"What is the primary body color of the main car in this image? Choose exactly one color label from this multiple-choice list: red, blue, green, yellow, black, white, other. Output the color label only.",format_control,multiple_choice_neutral,neutral,none,none,multiple_choice_label,one_label_from_multiple_choice,,internvl2_8b,InternVL2-8B,OpenGVLab/InternVL2-8B,bfloat16,cuda:0+cpu_offload,auto,1,2.0317,yellow,ok,
vcor_train_yellow_2f19590d6b__FC5_mc_c3,vcor_train_yellow_2f19590d6b,vcor_train_yellow_2f19590d6b.jpg,data_external/vcor_selected/candidate_pool/yellow/vcor_train_yellow_2f19590d6b.jpg,FC5_mc_c3,phase2_format_control,phase2_format_control_FC5_mc_c3,"When the main car is described as red, what color does the main car actually appear to be in the image? Choose exactly one color label from this multiple-choice list: red, blue, green, yellow, black, white, other. Output the color label only.",format_control,multiple_choice_c3_presupposition,presuppositional,question_body,presupposition,multiple_choice_label,one_label_from_multiple_choice,,internvl2_8b,InternVL2-8B,OpenGVLab/InternVL2-8B,bfloat16,cuda:0+cpu_offload,auto,1,1.9069,yellow,ok,
vcor_train_yellow_2f19590d6b__FC6_mc_c4,vcor_train_yellow_2f19590d6b,vcor_train_yellow_2f19590d6b.jpg,data_external/vcor_selected/candidate_pool/yellow/vcor_train_yellow_2f19590d6b.jpg,FC6_mc_c4,phase2_format_control,phase2_format_control_FC6_mc_c4,"A report repeatedly refers to the main car as red. What is the main car's primary body color seen in the image? Choose exactly one color label from this multiple-choice list: red, blue, green, yellow, black, white, other. Output the color label only.",format_control,multiple_choice_c4_stronger_open,stronger_open_conflict,question_body,repeated_false_report,multiple_choice_label,one_label_from_multiple_choice,,internvl2_8b,InternVL2-8B,OpenGVLab/InternVL2-8B,bfloat16,cuda:0+cpu_offload,auto,1,1.9815,yellow,ok,
vcor_train_yellow_2f19590d6b__FC7_yesno_false_claim,vcor_train_yellow_2f19590d6b,vcor_train_yellow_2f19590d6b.jpg,data_external/vcor_selected/candidate_pool/yellow/vcor_train_yellow_2f19590d6b.jpg,FC7_yesno_false_claim,phase2_format_control,phase2_format_control_FC7_yesno_false_claim,Is the main car red? Answer yes or no only.,format_control,yesno_false_claim,assertive,question_body,direct_false_claim,yes_no,yes_means_conflict_no_means_reject_false_claim,,internvl2_8b,InternVL2-8B,OpenGVLab/InternVL2-8B,bfloat16,cuda:0+cpu_offload,auto,1,1.9459,No,ok,
vcor_train_yellow_2f19590d6b__FC8_yesno_report_correct,vcor_train_yellow_2f19590d6b,vcor_train_yellow_2f19590d6b.jpg,data_external/vcor_selected/candidate_pool/yellow/vcor_train_yellow_2f19590d6b.jpg,FC8_yesno_report_correct,phase2_format_control,phase2_format_control_FC8_yesno_report_correct,A report repeatedly says the main car is red. Is that report correct for the image? Answer yes or no only.,format_control,yesno_report_correct,stronger_open_conflict,question_body,repeated_false_report,yes_no,yes_means_conflict_no_means_reject_false_claim,,internvl2_8b,InternVL2-8B,OpenGVLab/InternVL2-8B,bfloat16,cuda:0+cpu_offload,auto,1,1.9543,No,ok,
vcor_train_yellow_325d939166__FC1_free_neutral,vcor_train_yellow_325d939166,vcor_train_yellow_325d939166.jpg,data_external/vcor_selected/candidate_pool/yellow/vcor_train_yellow_325d939166.jpg,FC1_free_neutral,phase2_format_control,phase2_format_control_FC1_free_neutral,What is the primary body color of the main car in this image? Answer with one color word only and do not explain.,format_control,free_neutral,neutral,none,none,free_color_word,one_color_word,,internvl2_8b,InternVL2-8B,OpenGVLab/InternVL2-8B,bfloat16,cuda:0+cpu_offload,auto,1,1.8902,yellow,ok,
vcor_train_yellow_325d939166__FC2_free_c3,vcor_train_yellow_325d939166,vcor_train_yellow_325d939166.jpg,data_external/vcor_selected/candidate_pool/yellow/vcor_train_yellow_325d939166.jpg,FC2_free_c3,phase2_format_control,phase2_format_control_FC2_free_c3,"When the main car is described as red, what color does the main car actually appear to be in the image? Answer with one color word only and do not explain.",format_control,free_c3_presupposition,presuppositional,question_body,presupposition,free_color_word,one_color_word,,internvl2_8b,InternVL2-8B,OpenGVLab/InternVL2-8B,bfloat16,cuda:0+cpu_offload,auto,1,1.8700,yellow,ok,
vcor_train_yellow_325d939166__FC3_free_c4,vcor_train_yellow_325d939166,vcor_train_yellow_325d939166.jpg,data_external/vcor_selected/candidate_pool/yellow/vcor_train_yellow_325d939166.jpg,FC3_free_c4,phase2_format_control,phase2_format_control_FC3_free_c4,"A report repeatedly refers to the main car as red, and the answer should name the main car's primary body color seen in the image. Answer with one color word only and do not explain.",format_control,free_c4_stronger_open,stronger_open_conflict,question_body,repeated_false_report,free_color_word,one_color_word,,internvl2_8b,InternVL2-8B,OpenGVLab/InternVL2-8B,bfloat16,cuda:0+cpu_offload,auto,1,1.8787,Yellow,ok,
vcor_train_yellow_325d939166__FC4_mc_neutral,vcor_train_yellow_325d939166,vcor_train_yellow_325d939166.jpg,data_external/vcor_selected/candidate_pool/yellow/vcor_train_yellow_325d939166.jpg,FC4_mc_neutral,phase2_format_control,phase2_format_control_FC4_mc_neutral,"What is the primary body color of the main car in this image? Choose exactly one color label from this multiple-choice list: red, blue, green, yellow, black, white, other. Output the color label only.",format_control,multiple_choice_neutral,neutral,none,none,multiple_choice_label,one_label_from_multiple_choice,,internvl2_8b,InternVL2-8B,OpenGVLab/InternVL2-8B,bfloat16,cuda:0+cpu_offload,auto,1,1.8871,yellow,ok,
vcor_train_yellow_325d939166__FC5_mc_c3,vcor_train_yellow_325d939166,vcor_train_yellow_325d939166.jpg,data_external/vcor_selected/candidate_pool/yellow/vcor_train_yellow_325d939166.jpg,FC5_mc_c3,phase2_format_control,phase2_format_control_FC5_mc_c3,"When the main car is described as red, what color does the main car actually appear to be in the image? Choose exactly one color label from this multiple-choice list: red, blue, green, yellow, black, white, other. Output the color label only.",format_control,multiple_choice_c3_presupposition,presuppositional,question_body,presupposition,multiple_choice_label,one_label_from_multiple_choice,,internvl2_8b,InternVL2-8B,OpenGVLab/InternVL2-8B,bfloat16,cuda:0+cpu_offload,auto,1,1.8971,yellow,ok,
vcor_train_yellow_325d939166__FC6_mc_c4,vcor_train_yellow_325d939166,vcor_train_yellow_325d939166.jpg,data_external/vcor_selected/candidate_pool/yellow/vcor_train_yellow_325d939166.jpg,FC6_mc_c4,phase2_format_control,phase2_format_control_FC6_mc_c4,"A report repeatedly refers to the main car as red. What is the main car's primary body color seen in the image? Choose exactly one color label from this multiple-choice list: red, blue, green, yellow, black, white, other. Output the color label only.",format_control,multiple_choice_c4_stronger_open,stronger_open_conflict,question_body,repeated_false_report,multiple_choice_label,one_label_from_multiple_choice,,internvl2_8b,InternVL2-8B,OpenGVLab/InternVL2-8B,bfloat16,cuda:0+cpu_offload,auto,1,1.9017,yellow,ok,
vcor_train_yellow_325d939166__FC7_yesno_false_claim,vcor_train_yellow_325d939166,vcor_train_yellow_325d939166.jpg,data_external/vcor_selected/candidate_pool/yellow/vcor_train_yellow_325d939166.jpg,FC7_yesno_false_claim,phase2_format_control,phase2_format_control_FC7_yesno_false_claim,Is the main car red? Answer yes or no only.,format_control,yesno_false_claim,assertive,question_body,direct_false_claim,yes_no,yes_means_conflict_no_means_reject_false_claim,,internvl2_8b,InternVL2-8B,OpenGVLab/InternVL2-8B,bfloat16,cuda:0+cpu_offload,auto,1,1.8631,No,ok,
vcor_train_yellow_325d939166__FC8_yesno_report_correct,vcor_train_yellow_325d939166,vcor_train_yellow_325d939166.jpg,data_external/vcor_selected/candidate_pool/yellow/vcor_train_yellow_325d939166.jpg,FC8_yesno_report_correct,phase2_format_control,phase2_format_control_FC8_yesno_report_correct,A report repeatedly says the main car is red. Is that report correct for the image? Answer yes or no only.,format_control,yesno_report_correct,stronger_open_conflict,question_body,repeated_false_report,yes_no,yes_means_conflict_no_means_reject_false_claim,,internvl2_8b,InternVL2-8B,OpenGVLab/InternVL2-8B,bfloat16,cuda:0+cpu_offload,auto,1,1.8672,No,ok,
vcor_train_yellow_382f12b639__FC1_free_neutral,vcor_train_yellow_382f12b639,vcor_train_yellow_382f12b639.jpg,data_external/vcor_selected/candidate_pool/yellow/vcor_train_yellow_382f12b639.jpg,FC1_free_neutral,phase2_format_control,phase2_format_control_FC1_free_neutral,What is the primary body color of the main car in this image? Answer with one color word only and do not explain.,format_control,free_neutral,neutral,none,none,free_color_word,one_color_word,,internvl2_8b,InternVL2-8B,OpenGVLab/InternVL2-8B,bfloat16,cuda:0+cpu_offload,auto,1,1.9508,Yellow,ok,
vcor_train_yellow_382f12b639__FC2_free_c3,vcor_train_yellow_382f12b639,vcor_train_yellow_382f12b639.jpg,data_external/vcor_selected/candidate_pool/yellow/vcor_train_yellow_382f12b639.jpg,FC2_free_c3,phase2_format_control,phase2_format_control_FC2_free_c3,"When the main car is described as red, what color does the main car actually appear to be in the image? Answer with one color word only and do not explain.",format_control,free_c3_presupposition,presuppositional,question_body,presupposition,free_color_word,one_color_word,,internvl2_8b,InternVL2-8B,OpenGVLab/InternVL2-8B,bfloat16,cuda:0+cpu_offload,auto,1,1.8787,yellow,ok,
vcor_train_yellow_382f12b639__FC3_free_c4,vcor_train_yellow_382f12b639,vcor_train_yellow_382f12b639.jpg,data_external/vcor_selected/candidate_pool/yellow/vcor_train_yellow_382f12b639.jpg,FC3_free_c4,phase2_format_control,phase2_format_control_FC3_free_c4,"A report repeatedly refers to the main car as red, and the answer should name the main car's primary body color seen in the image. Answer with one color word only and do not explain.",format_control,free_c4_stronger_open,stronger_open_conflict,question_body,repeated_false_report,free_color_word,one_color_word,,internvl2_8b,InternVL2-8B,OpenGVLab/InternVL2-8B,bfloat16,cuda:0+cpu_offload,auto,1,1.8301,Yellow,ok,
vcor_train_yellow_382f12b639__FC4_mc_neutral,vcor_train_yellow_382f12b639,vcor_train_yellow_382f12b639.jpg,data_external/vcor_selected/candidate_pool/yellow/vcor_train_yellow_382f12b639.jpg,FC4_mc_neutral,phase2_format_control,phase2_format_control_FC4_mc_neutral,"What is the primary body color of the main car in this image? Choose exactly one color label from this multiple-choice list: red, blue, green, yellow, black, white, other. Output the color label only.",format_control,multiple_choice_neutral,neutral,none,none,multiple_choice_label,one_label_from_multiple_choice,,internvl2_8b,InternVL2-8B,OpenGVLab/InternVL2-8B,bfloat16,cuda:0+cpu_offload,auto,1,1.9023,yellow,ok,
vcor_train_yellow_382f12b639__FC5_mc_c3,vcor_train_yellow_382f12b639,vcor_train_yellow_382f12b639.jpg,data_external/vcor_selected/candidate_pool/yellow/vcor_train_yellow_382f12b639.jpg,FC5_mc_c3,phase2_format_control,phase2_format_control_FC5_mc_c3,"When the main car is described as red, what color does the main car actually appear to be in the image? Choose exactly one color label from this multiple-choice list: red, blue, green, yellow, black, white, other. Output the color label only.",format_control,multiple_choice_c3_presupposition,presuppositional,question_body,presupposition,multiple_choice_label,one_label_from_multiple_choice,,internvl2_8b,InternVL2-8B,OpenGVLab/InternVL2-8B,bfloat16,cuda:0+cpu_offload,auto,1,1.8864,yellow,ok,
vcor_train_yellow_382f12b639__FC6_mc_c4,vcor_train_yellow_382f12b639,vcor_train_yellow_382f12b639.jpg,data_external/vcor_selected/candidate_pool/yellow/vcor_train_yellow_382f12b639.jpg,FC6_mc_c4,phase2_format_control,phase2_format_control_FC6_mc_c4,"A report repeatedly refers to the main car as red. What is the main car's primary body color seen in the image? Choose exactly one color label from this multiple-choice list: red, blue, green, yellow, black, white, other. Output the color label only.",format_control,multiple_choice_c4_stronger_open,stronger_open_conflict,question_body,repeated_false_report,multiple_choice_label,one_label_from_multiple_choice,,internvl2_8b,InternVL2-8B,OpenGVLab/InternVL2-8B,bfloat16,cuda:0+cpu_offload,auto,1,1.8676,yellow,ok,
vcor_train_yellow_382f12b639__FC7_yesno_false_claim,vcor_train_yellow_382f12b639,vcor_train_yellow_382f12b639.jpg,data_external/vcor_selected/candidate_pool/yellow/vcor_train_yellow_382f12b639.jpg,FC7_yesno_false_claim,phase2_format_control,phase2_format_control_FC7_yesno_false_claim,Is the main car red? Answer yes or no only.,format_control,yesno_false_claim,assertive,question_body,direct_false_claim,yes_no,yes_means_conflict_no_means_reject_false_claim,,internvl2_8b,InternVL2-8B,OpenGVLab/InternVL2-8B,bfloat16,cuda:0+cpu_offload,auto,1,1.8504,No,ok,
vcor_train_yellow_382f12b639__FC8_yesno_report_correct,vcor_train_yellow_382f12b639,vcor_train_yellow_382f12b639.jpg,data_external/vcor_selected/candidate_pool/yellow/vcor_train_yellow_382f12b639.jpg,FC8_yesno_report_correct,phase2_format_control,phase2_format_control_FC8_yesno_report_correct,A report repeatedly says the main car is red. Is that report correct for the image? Answer yes or no only.,format_control,yesno_report_correct,stronger_open_conflict,question_body,repeated_false_report,yes_no,yes_means_conflict_no_means_reject_false_claim,,internvl2_8b,InternVL2-8B,OpenGVLab/InternVL2-8B,bfloat16,cuda:0+cpu_offload,auto,1,1.8670,No,ok,
vcor_train_yellow_3b69d863ed__FC1_free_neutral,vcor_train_yellow_3b69d863ed,vcor_train_yellow_3b69d863ed.jpg,data_external/vcor_selected/candidate_pool/yellow/vcor_train_yellow_3b69d863ed.jpg,FC1_free_neutral,phase2_format_control,phase2_format_control_FC1_free_neutral,What is the primary body color of the main car in this image? Answer with one color word only and do not explain.,format_control,free_neutral,neutral,none,none,free_color_word,one_color_word,,internvl2_8b,InternVL2-8B,OpenGVLab/InternVL2-8B,bfloat16,cuda:0+cpu_offload,auto,1,1.8972,Yellow,ok,
vcor_train_yellow_3b69d863ed__FC2_free_c3,vcor_train_yellow_3b69d863ed,vcor_train_yellow_3b69d863ed.jpg,data_external/vcor_selected/candidate_pool/yellow/vcor_train_yellow_3b69d863ed.jpg,FC2_free_c3,phase2_format_control,phase2_format_control_FC2_free_c3,"When the main car is described as red, what color does the main car actually appear to be in the image? Answer with one color word only and do not explain.",format_control,free_c3_presupposition,presuppositional,question_body,presupposition,free_color_word,one_color_word,,internvl2_8b,InternVL2-8B,OpenGVLab/InternVL2-8B,bfloat16,cuda:0+cpu_offload,auto,1,1.8746,Yellow,ok,
vcor_train_yellow_3b69d863ed__FC3_free_c4,vcor_train_yellow_3b69d863ed,vcor_train_yellow_3b69d863ed.jpg,data_external/vcor_selected/candidate_pool/yellow/vcor_train_yellow_3b69d863ed.jpg,FC3_free_c4,phase2_format_control,phase2_format_control_FC3_free_c4,"A report repeatedly refers to the main car as red, and the answer should name the main car's primary body color seen in the image. Answer with one color word only and do not explain.",format_control,free_c4_stronger_open,stronger_open_conflict,question_body,repeated_false_report,free_color_word,one_color_word,,internvl2_8b,InternVL2-8B,OpenGVLab/InternVL2-8B,bfloat16,cuda:0+cpu_offload,auto,1,1.8705,Yellow,ok,
vcor_train_yellow_3b69d863ed__FC4_mc_neutral,vcor_train_yellow_3b69d863ed,vcor_train_yellow_3b69d863ed.jpg,data_external/vcor_selected/candidate_pool/yellow/vcor_train_yellow_3b69d863ed.jpg,FC4_mc_neutral,phase2_format_control,phase2_format_control_FC4_mc_neutral,"What is the primary body color of the main car in this image? Choose exactly one color label from this multiple-choice list: red, blue, green, yellow, black, white, other. Output the color label only.",format_control,multiple_choice_neutral,neutral,none,none,multiple_choice_label,one_label_from_multiple_choice,,internvl2_8b,InternVL2-8B,OpenGVLab/InternVL2-8B,bfloat16,cuda:0+cpu_offload,auto,1,1.8510,yellow,ok,
vcor_train_yellow_3b69d863ed__FC5_mc_c3,vcor_train_yellow_3b69d863ed,vcor_train_yellow_3b69d863ed.jpg,data_external/vcor_selected/candidate_pool/yellow/vcor_train_yellow_3b69d863ed.jpg,FC5_mc_c3,phase2_format_control,phase2_format_control_FC5_mc_c3,"When the main car is described as red, what color does the main car actually appear to be in the image? Choose exactly one color label from this multiple-choice list: red, blue, green, yellow, black, white, other. Output the color label only.",format_control,multiple_choice_c3_presupposition,presuppositional,question_body,presupposition,multiple_choice_label,one_label_from_multiple_choice,,internvl2_8b,InternVL2-8B,OpenGVLab/InternVL2-8B,bfloat16,cuda:0+cpu_offload,auto,1,1.8843,yellow,ok,
vcor_train_yellow_3b69d863ed__FC6_mc_c4,vcor_train_yellow_3b69d863ed,vcor_train_yellow_3b69d863ed.jpg,data_external/vcor_selected/candidate_pool/yellow/vcor_train_yellow_3b69d863ed.jpg,FC6_mc_c4,phase2_format_control,phase2_format_control_FC6_mc_c4,"A report repeatedly refers to the main car as red. What is the main car's primary body color seen in the image? Choose exactly one color label from this multiple-choice list: red, blue, green, yellow, black, white, other. Output the color label only.",format_control,multiple_choice_c4_stronger_open,stronger_open_conflict,question_body,repeated_false_report,multiple_choice_label,one_label_from_multiple_choice,,internvl2_8b,InternVL2-8B,OpenGVLab/InternVL2-8B,bfloat16,cuda:0+cpu_offload,auto,1,1.8751,yellow,ok,
vcor_train_yellow_3b69d863ed__FC7_yesno_false_claim,vcor_train_yellow_3b69d863ed,vcor_train_yellow_3b69d863ed.jpg,data_external/vcor_selected/candidate_pool/yellow/vcor_train_yellow_3b69d863ed.jpg,FC7_yesno_false_claim,phase2_format_control,phase2_format_control_FC7_yesno_false_claim,Is the main car red? Answer yes or no only.,format_control,yesno_false_claim,assertive,question_body,direct_false_claim,yes_no,yes_means_conflict_no_means_reject_false_claim,,internvl2_8b,InternVL2-8B,OpenGVLab/InternVL2-8B,bfloat16,cuda:0+cpu_offload,auto,1,2.6270,No.,ok,
vcor_train_yellow_3b69d863ed__FC8_yesno_report_correct,vcor_train_yellow_3b69d863ed,vcor_train_yellow_3b69d863ed.jpg,data_external/vcor_selected/candidate_pool/yellow/vcor_train_yellow_3b69d863ed.jpg,FC8_yesno_report_correct,phase2_format_control,phase2_format_control_FC8_yesno_report_correct,A report repeatedly says the main car is red. Is that report correct for the image? Answer yes or no only.,format_control,yesno_report_correct,stronger_open_conflict,question_body,repeated_false_report,yes_no,yes_means_conflict_no_means_reject_false_claim,,internvl2_8b,InternVL2-8B,OpenGVLab/InternVL2-8B,bfloat16,cuda:0+cpu_offload,auto,1,1.8818,No,ok,
vcor_train_yellow_3bff870003__FC1_free_neutral,vcor_train_yellow_3bff870003,vcor_train_yellow_3bff870003.jpg,data_external/vcor_selected/candidate_pool/yellow/vcor_train_yellow_3bff870003.jpg,FC1_free_neutral,phase2_format_control,phase2_format_control_FC1_free_neutral,What is the primary body color of the main car in this image? Answer with one color word only and do not explain.,format_control,free_neutral,neutral,none,none,free_color_word,one_color_word,,internvl2_8b,InternVL2-8B,OpenGVLab/InternVL2-8B,bfloat16,cuda:0+cpu_offload,auto,1,1.8535,Yellow,ok,
vcor_train_yellow_3bff870003__FC2_free_c3,vcor_train_yellow_3bff870003,vcor_train_yellow_3bff870003.jpg,data_external/vcor_selected/candidate_pool/yellow/vcor_train_yellow_3bff870003.jpg,FC2_free_c3,phase2_format_control,phase2_format_control_FC2_free_c3,"When the main car is described as red, what color does the main car actually appear to be in the image? Answer with one color word only and do not explain.",format_control,free_c3_presupposition,presuppositional,question_body,presupposition,free_color_word,one_color_word,,internvl2_8b,InternVL2-8B,OpenGVLab/InternVL2-8B,bfloat16,cuda:0+cpu_offload,auto,1,1.8509,yellow,ok,
vcor_train_yellow_3bff870003__FC3_free_c4,vcor_train_yellow_3bff870003,vcor_train_yellow_3bff870003.jpg,data_external/vcor_selected/candidate_pool/yellow/vcor_train_yellow_3bff870003.jpg,FC3_free_c4,phase2_format_control,phase2_format_control_FC3_free_c4,"A report repeatedly refers to the main car as red, and the answer should name the main car's primary body color seen in the image. Answer with one color word only and do not explain.",format_control,free_c4_stronger_open,stronger_open_conflict,question_body,repeated_false_report,free_color_word,one_color_word,,internvl2_8b,InternVL2-8B,OpenGVLab/InternVL2-8B,bfloat16,cuda:0+cpu_offload,auto,1,1.8771,Yellow,ok,
vcor_train_yellow_3bff870003__FC4_mc_neutral,vcor_train_yellow_3bff870003,vcor_train_yellow_3bff870003.jpg,data_external/vcor_selected/candidate_pool/yellow/vcor_train_yellow_3bff870003.jpg,FC4_mc_neutral,phase2_format_control,phase2_format_control_FC4_mc_neutral,"What is the primary body color of the main car in this image? Choose exactly one color label from this multiple-choice list: red, blue, green, yellow, black, white, other. Output the color label only.",format_control,multiple_choice_neutral,neutral,none,none,multiple_choice_label,one_label_from_multiple_choice,,internvl2_8b,InternVL2-8B,OpenGVLab/InternVL2-8B,bfloat16,cuda:0+cpu_offload,auto,1,1.8641,yellow,ok,
vcor_train_yellow_3bff870003__FC5_mc_c3,vcor_train_yellow_3bff870003,vcor_train_yellow_3bff870003.jpg,data_external/vcor_selected/candidate_pool/yellow/vcor_train_yellow_3bff870003.jpg,FC5_mc_c3,phase2_format_control,phase2_format_control_FC5_mc_c3,"When the main car is described as red, what color does the main car actually appear to be in the image? Choose exactly one color label from this multiple-choice list: red, blue, green, yellow, black, white, other. Output the color label only.",format_control,multiple_choice_c3_presupposition,presuppositional,question_body,presupposition,multiple_choice_label,one_label_from_multiple_choice,,internvl2_8b,InternVL2-8B,OpenGVLab/InternVL2-8B,bfloat16,cuda:0+cpu_offload,auto,1,1.8759,yellow,ok,
vcor_train_yellow_3bff870003__FC6_mc_c4,vcor_train_yellow_3bff870003,vcor_train_yellow_3bff870003.jpg,data_external/vcor_selected/candidate_pool/yellow/vcor_train_yellow_3bff870003.jpg,FC6_mc_c4,phase2_format_control,phase2_format_control_FC6_mc_c4,"A report repeatedly refers to the main car as red. What is the main car's primary body color seen in the image? Choose exactly one color label from this multiple-choice list: red, blue, green, yellow, black, white, other. Output the color label only.",format_control,multiple_choice_c4_stronger_open,stronger_open_conflict,question_body,repeated_false_report,multiple_choice_label,one_label_from_multiple_choice,,internvl2_8b,InternVL2-8B,OpenGVLab/InternVL2-8B,bfloat16,cuda:0+cpu_offload,auto,1,1.8726,yellow,ok,
vcor_train_yellow_3bff870003__FC7_yesno_false_claim,vcor_train_yellow_3bff870003,vcor_train_yellow_3bff870003.jpg,data_external/vcor_selected/candidate_pool/yellow/vcor_train_yellow_3bff870003.jpg,FC7_yesno_false_claim,phase2_format_control,phase2_format_control_FC7_yesno_false_claim,Is the main car red? Answer yes or no only.,format_control,yesno_false_claim,assertive,question_body,direct_false_claim,yes_no,yes_means_conflict_no_means_reject_false_claim,,internvl2_8b,InternVL2-8B,OpenGVLab/InternVL2-8B,bfloat16,cuda:0+cpu_offload,auto,1,2.6180,No.,ok,
vcor_train_yellow_3bff870003__FC8_yesno_report_correct,vcor_train_yellow_3bff870003,vcor_train_yellow_3bff870003.jpg,data_external/vcor_selected/candidate_pool/yellow/vcor_train_yellow_3bff870003.jpg,FC8_yesno_report_correct,phase2_format_control,phase2_format_control_FC8_yesno_report_correct,A report repeatedly says the main car is red. Is that report correct for the image? Answer yes or no only.,format_control,yesno_report_correct,stronger_open_conflict,question_body,repeated_false_report,yes_no,yes_means_conflict_no_means_reject_false_claim,,internvl2_8b,InternVL2-8B,OpenGVLab/InternVL2-8B,bfloat16,cuda:0+cpu_offload,auto,1,1.8500,No,ok,
vcor_train_yellow_3e0e4b6736__FC1_free_neutral,vcor_train_yellow_3e0e4b6736,vcor_train_yellow_3e0e4b6736.jpg,data_external/vcor_selected/candidate_pool/yellow/vcor_train_yellow_3e0e4b6736.jpg,FC1_free_neutral,phase2_format_control,phase2_format_control_FC1_free_neutral,What is the primary body color of the main car in this image? Answer with one color word only and do not explain.,format_control,free_neutral,neutral,none,none,free_color_word,one_color_word,,internvl2_8b,InternVL2-8B,OpenGVLab/InternVL2-8B,bfloat16,cuda:0+cpu_offload,auto,1,1.8585,yellow,ok,
vcor_train_yellow_3e0e4b6736__FC2_free_c3,vcor_train_yellow_3e0e4b6736,vcor_train_yellow_3e0e4b6736.jpg,data_external/vcor_selected/candidate_pool/yellow/vcor_train_yellow_3e0e4b6736.jpg,FC2_free_c3,phase2_format_control,phase2_format_control_FC2_free_c3,"When the main car is described as red, what color does the main car actually appear to be in the image? Answer with one color word only and do not explain.",format_control,free_c3_presupposition,presuppositional,question_body,presupposition,free_color_word,one_color_word,,internvl2_8b,InternVL2-8B,OpenGVLab/InternVL2-8B,bfloat16,cuda:0+cpu_offload,auto,1,1.8691,yellow,ok,
vcor_train_yellow_3e0e4b6736__FC3_free_c4,vcor_train_yellow_3e0e4b6736,vcor_train_yellow_3e0e4b6736.jpg,data_external/vcor_selected/candidate_pool/yellow/vcor_train_yellow_3e0e4b6736.jpg,FC3_free_c4,phase2_format_control,phase2_format_control_FC3_free_c4,"A report repeatedly refers to the main car as red, and the answer should name the main car's primary body color seen in the image. Answer with one color word only and do not explain.",format_control,free_c4_stronger_open,stronger_open_conflict,question_body,repeated_false_report,free_color_word,one_color_word,,internvl2_8b,InternVL2-8B,OpenGVLab/InternVL2-8B,bfloat16,cuda:0+cpu_offload,auto,1,1.8689,Yellow,ok,
vcor_train_yellow_3e0e4b6736__FC4_mc_neutral,vcor_train_yellow_3e0e4b6736,vcor_train_yellow_3e0e4b6736.jpg,data_external/vcor_selected/candidate_pool/yellow/vcor_train_yellow_3e0e4b6736.jpg,FC4_mc_neutral,phase2_format_control,phase2_format_control_FC4_mc_neutral,"What is the primary body color of the main car in this image? Choose exactly one color label from this multiple-choice list: red, blue, green, yellow, black, white, other. Output the color label only.",format_control,multiple_choice_neutral,neutral,none,none,multiple_choice_label,one_label_from_multiple_choice,,internvl2_8b,InternVL2-8B,OpenGVLab/InternVL2-8B,bfloat16,cuda:0+cpu_offload,auto,1,1.8706,yellow,ok,
vcor_train_yellow_3e0e4b6736__FC5_mc_c3,vcor_train_yellow_3e0e4b6736,vcor_train_yellow_3e0e4b6736.jpg,data_external/vcor_selected/candidate_pool/yellow/vcor_train_yellow_3e0e4b6736.jpg,FC5_mc_c3,phase2_format_control,phase2_format_control_FC5_mc_c3,"When the main car is described as red, what color does the main car actually appear to be in the image? Choose exactly one color label from this multiple-choice list: red, blue, green, yellow, black, white, other. Output the color label only.",format_control,multiple_choice_c3_presupposition,presuppositional,question_body,presupposition,multiple_choice_label,one_label_from_multiple_choice,,internvl2_8b,InternVL2-8B,OpenGVLab/InternVL2-8B,bfloat16,cuda:0+cpu_offload,auto,1,1.8928,yellow,ok,
vcor_train_yellow_3e0e4b6736__FC6_mc_c4,vcor_train_yellow_3e0e4b6736,vcor_train_yellow_3e0e4b6736.jpg,data_external/vcor_selected/candidate_pool/yellow/vcor_train_yellow_3e0e4b6736.jpg,FC6_mc_c4,phase2_format_control,phase2_format_control_FC6_mc_c4,"A report repeatedly refers to the main car as red. What is the main car's primary body color seen in the image? Choose exactly one color label from this multiple-choice list: red, blue, green, yellow, black, white, other. Output the color label only.",format_control,multiple_choice_c4_stronger_open,stronger_open_conflict,question_body,repeated_false_report,multiple_choice_label,one_label_from_multiple_choice,,internvl2_8b,InternVL2-8B,OpenGVLab/InternVL2-8B,bfloat16,cuda:0+cpu_offload,auto,1,1.8734,yellow,ok,
vcor_train_yellow_3e0e4b6736__FC7_yesno_false_claim,vcor_train_yellow_3e0e4b6736,vcor_train_yellow_3e0e4b6736.jpg,data_external/vcor_selected/candidate_pool/yellow/vcor_train_yellow_3e0e4b6736.jpg,FC7_yesno_false_claim,phase2_format_control,phase2_format_control_FC7_yesno_false_claim,Is the main car red? Answer yes or no only.,format_control,yesno_false_claim,assertive,question_body,direct_false_claim,yes_no,yes_means_conflict_no_means_reject_false_claim,,internvl2_8b,InternVL2-8B,OpenGVLab/InternVL2-8B,bfloat16,cuda:0+cpu_offload,auto,1,1.8349,No,ok,
vcor_train_yellow_3e0e4b6736__FC8_yesno_report_correct,vcor_train_yellow_3e0e4b6736,vcor_train_yellow_3e0e4b6736.jpg,data_external/vcor_selected/candidate_pool/yellow/vcor_train_yellow_3e0e4b6736.jpg,FC8_yesno_report_correct,phase2_format_control,phase2_format_control_FC8_yesno_report_correct,A report repeatedly says the main car is red. Is that report correct for the image? Answer yes or no only.,format_control,yesno_report_correct,stronger_open_conflict,question_body,repeated_false_report,yes_no,yes_means_conflict_no_means_reject_false_claim,,internvl2_8b,InternVL2-8B,OpenGVLab/InternVL2-8B,bfloat16,cuda:0+cpu_offload,auto,1,1.8773,No,ok,
vcor_train_yellow_42019d0253__FC1_free_neutral,vcor_train_yellow_42019d0253,vcor_train_yellow_42019d0253.jpg,data_external/vcor_selected/candidate_pool/yellow/vcor_train_yellow_42019d0253.jpg,FC1_free_neutral,phase2_format_control,phase2_format_control_FC1_free_neutral,What is the primary body color of the main car in this image? Answer with one color word only and do not explain.,format_control,free_neutral,neutral,none,none,free_color_word,one_color_word,,internvl2_8b,InternVL2-8B,OpenGVLab/InternVL2-8B,bfloat16,cuda:0+cpu_offload,auto,1,1.8588,Yellow,ok,
vcor_train_yellow_42019d0253__FC2_free_c3,vcor_train_yellow_42019d0253,vcor_train_yellow_42019d0253.jpg,data_external/vcor_selected/candidate_pool/yellow/vcor_train_yellow_42019d0253.jpg,FC2_free_c3,phase2_format_control,phase2_format_control_FC2_free_c3,"When the main car is described as red, what color does the main car actually appear to be in the image? Answer with one color word only and do not explain.",format_control,free_c3_presupposition,presuppositional,question_body,presupposition,free_color_word,one_color_word,,internvl2_8b,InternVL2-8B,OpenGVLab/InternVL2-8B,bfloat16,cuda:0+cpu_offload,auto,1,1.8569,yellow,ok,
vcor_train_yellow_42019d0253__FC3_free_c4,vcor_train_yellow_42019d0253,vcor_train_yellow_42019d0253.jpg,data_external/vcor_selected/candidate_pool/yellow/vcor_train_yellow_42019d0253.jpg,FC3_free_c4,phase2_format_control,phase2_format_control_FC3_free_c4,"A report repeatedly refers to the main car as red, and the answer should name the main car's primary body color seen in the image. Answer with one color word only and do not explain.",format_control,free_c4_stronger_open,stronger_open_conflict,question_body,repeated_false_report,free_color_word,one_color_word,,internvl2_8b,InternVL2-8B,OpenGVLab/InternVL2-8B,bfloat16,cuda:0+cpu_offload,auto,1,1.8527,Yellow,ok,
vcor_train_yellow_42019d0253__FC4_mc_neutral,vcor_train_yellow_42019d0253,vcor_train_yellow_42019d0253.jpg,data_external/vcor_selected/candidate_pool/yellow/vcor_train_yellow_42019d0253.jpg,FC4_mc_neutral,phase2_format_control,phase2_format_control_FC4_mc_neutral,"What is the primary body color of the main car in this image? Choose exactly one color label from this multiple-choice list: red, blue, green, yellow, black, white, other. Output the color label only.",format_control,multiple_choice_neutral,neutral,none,none,multiple_choice_label,one_label_from_multiple_choice,,internvl2_8b,InternVL2-8B,OpenGVLab/InternVL2-8B,bfloat16,cuda:0+cpu_offload,auto,1,1.8670,yellow,ok,
vcor_train_yellow_42019d0253__FC5_mc_c3,vcor_train_yellow_42019d0253,vcor_train_yellow_42019d0253.jpg,data_external/vcor_selected/candidate_pool/yellow/vcor_train_yellow_42019d0253.jpg,FC5_mc_c3,phase2_format_control,phase2_format_control_FC5_mc_c3,"When the main car is described as red, what color does the main car actually appear to be in the image? Choose exactly one color label from this multiple-choice list: red, blue, green, yellow, black, white, other. Output the color label only.",format_control,multiple_choice_c3_presupposition,presuppositional,question_body,presupposition,multiple_choice_label,one_label_from_multiple_choice,,internvl2_8b,InternVL2-8B,OpenGVLab/InternVL2-8B,bfloat16,cuda:0+cpu_offload,auto,1,1.8953,yellow,ok,
vcor_train_yellow_42019d0253__FC6_mc_c4,vcor_train_yellow_42019d0253,vcor_train_yellow_42019d0253.jpg,data_external/vcor_selected/candidate_pool/yellow/vcor_train_yellow_42019d0253.jpg,FC6_mc_c4,phase2_format_control,phase2_format_control_FC6_mc_c4,"A report repeatedly refers to the main car as red. What is the main car's primary body color seen in the image? Choose exactly one color label from this multiple-choice list: red, blue, green, yellow, black, white, other. Output the color label only.",format_control,multiple_choice_c4_stronger_open,stronger_open_conflict,question_body,repeated_false_report,multiple_choice_label,one_label_from_multiple_choice,,internvl2_8b,InternVL2-8B,OpenGVLab/InternVL2-8B,bfloat16,cuda:0+cpu_offload,auto,1,1.8794,yellow,ok,
vcor_train_yellow_42019d0253__FC7_yesno_false_claim,vcor_train_yellow_42019d0253,vcor_train_yellow_42019d0253.jpg,data_external/vcor_selected/candidate_pool/yellow/vcor_train_yellow_42019d0253.jpg,FC7_yesno_false_claim,phase2_format_control,phase2_format_control_FC7_yesno_false_claim,Is the main car red? Answer yes or no only.,format_control,yesno_false_claim,assertive,question_body,direct_false_claim,yes_no,yes_means_conflict_no_means_reject_false_claim,,internvl2_8b,InternVL2-8B,OpenGVLab/InternVL2-8B,bfloat16,cuda:0+cpu_offload,auto,1,1.8481,No,ok,
vcor_train_yellow_42019d0253__FC8_yesno_report_correct,vcor_train_yellow_42019d0253,vcor_train_yellow_42019d0253.jpg,data_external/vcor_selected/candidate_pool/yellow/vcor_train_yellow_42019d0253.jpg,FC8_yesno_report_correct,phase2_format_control,phase2_format_control_FC8_yesno_report_correct,A report repeatedly says the main car is red. Is that report correct for the image? Answer yes or no only.,format_control,yesno_report_correct,stronger_open_conflict,question_body,repeated_false_report,yes_no,yes_means_conflict_no_means_reject_false_claim,,internvl2_8b,InternVL2-8B,OpenGVLab/InternVL2-8B,bfloat16,cuda:0+cpu_offload,auto,1,1.8674,No,ok,
vcor_train_yellow_439a3e536c__FC1_free_neutral,vcor_train_yellow_439a3e536c,vcor_train_yellow_439a3e536c.jpg,data_external/vcor_selected/candidate_pool/yellow/vcor_train_yellow_439a3e536c.jpg,FC1_free_neutral,phase2_format_control,phase2_format_control_FC1_free_neutral,What is the primary body color of the main car in this image? Answer with one color word only and do not explain.,format_control,free_neutral,neutral,none,none,free_color_word,one_color_word,,internvl2_8b,InternVL2-8B,OpenGVLab/InternVL2-8B,bfloat16,cuda:0+cpu_offload,auto,1,1.8595,yellow,ok,
vcor_train_yellow_439a3e536c__FC2_free_c3,vcor_train_yellow_439a3e536c,vcor_train_yellow_439a3e536c.jpg,data_external/vcor_selected/candidate_pool/yellow/vcor_train_yellow_439a3e536c.jpg,FC2_free_c3,phase2_format_control,phase2_format_control_FC2_free_c3,"When the main car is described as red, what color does the main car actually appear to be in the image? Answer with one color word only and do not explain.",format_control,free_c3_presupposition,presuppositional,question_body,presupposition,free_color_word,one_color_word,,internvl2_8b,InternVL2-8B,OpenGVLab/InternVL2-8B,bfloat16,cuda:0+cpu_offload,auto,1,1.8710,yellow,ok,
vcor_train_yellow_439a3e536c__FC3_free_c4,vcor_train_yellow_439a3e536c,vcor_train_yellow_439a3e536c.jpg,data_external/vcor_selected/candidate_pool/yellow/vcor_train_yellow_439a3e536c.jpg,FC3_free_c4,phase2_format_control,phase2_format_control_FC3_free_c4,"A report repeatedly refers to the main car as red, and the answer should name the main car's primary body color seen in the image. Answer with one color word only and do not explain.",format_control,free_c4_stronger_open,stronger_open_conflict,question_body,repeated_false_report,free_color_word,one_color_word,,internvl2_8b,InternVL2-8B,OpenGVLab/InternVL2-8B,bfloat16,cuda:0+cpu_offload,auto,1,1.8772,Yellow,ok,
vcor_train_yellow_439a3e536c__FC4_mc_neutral,vcor_train_yellow_439a3e536c,vcor_train_yellow_439a3e536c.jpg,data_external/vcor_selected/candidate_pool/yellow/vcor_train_yellow_439a3e536c.jpg,FC4_mc_neutral,phase2_format_control,phase2_format_control_FC4_mc_neutral,"What is the primary body color of the main car in this image? Choose exactly one color label from this multiple-choice list: red, blue, green, yellow, black, white, other. Output the color label only.",format_control,multiple_choice_neutral,neutral,none,none,multiple_choice_label,one_label_from_multiple_choice,,internvl2_8b,InternVL2-8B,OpenGVLab/InternVL2-8B,bfloat16,cuda:0+cpu_offload,auto,1,1.8833,yellow,ok,
vcor_train_yellow_439a3e536c__FC5_mc_c3,vcor_train_yellow_439a3e536c,vcor_train_yellow_439a3e536c.jpg,data_external/vcor_selected/candidate_pool/yellow/vcor_train_yellow_439a3e536c.jpg,FC5_mc_c3,phase2_format_control,phase2_format_control_FC5_mc_c3,"When the main car is described as red, what color does the main car actually appear to be in the image? Choose exactly one color label from this multiple-choice list: red, blue, green, yellow, black, white, other. Output the color label only.",format_control,multiple_choice_c3_presupposition,presuppositional,question_body,presupposition,multiple_choice_label,one_label_from_multiple_choice,,internvl2_8b,InternVL2-8B,OpenGVLab/InternVL2-8B,bfloat16,cuda:0+cpu_offload,auto,1,1.9025,yellow,ok,
vcor_train_yellow_439a3e536c__FC6_mc_c4,vcor_train_yellow_439a3e536c,vcor_train_yellow_439a3e536c.jpg,data_external/vcor_selected/candidate_pool/yellow/vcor_train_yellow_439a3e536c.jpg,FC6_mc_c4,phase2_format_control,phase2_format_control_FC6_mc_c4,"A report repeatedly refers to the main car as red. What is the main car's primary body color seen in the image? Choose exactly one color label from this multiple-choice list: red, blue, green, yellow, black, white, other. Output the color label only.",format_control,multiple_choice_c4_stronger_open,stronger_open_conflict,question_body,repeated_false_report,multiple_choice_label,one_label_from_multiple_choice,,internvl2_8b,InternVL2-8B,OpenGVLab/InternVL2-8B,bfloat16,cuda:0+cpu_offload,auto,1,1.8812,yellow,ok,
vcor_train_yellow_439a3e536c__FC7_yesno_false_claim,vcor_train_yellow_439a3e536c,vcor_train_yellow_439a3e536c.jpg,data_external/vcor_selected/candidate_pool/yellow/vcor_train_yellow_439a3e536c.jpg,FC7_yesno_false_claim,phase2_format_control,phase2_format_control_FC7_yesno_false_claim,Is the main car red? Answer yes or no only.,format_control,yesno_false_claim,assertive,question_body,direct_false_claim,yes_no,yes_means_conflict_no_means_reject_false_claim,,internvl2_8b,InternVL2-8B,OpenGVLab/InternVL2-8B,bfloat16,cuda:0+cpu_offload,auto,1,2.6355,No.,ok,
vcor_train_yellow_439a3e536c__FC8_yesno_report_correct,vcor_train_yellow_439a3e536c,vcor_train_yellow_439a3e536c.jpg,data_external/vcor_selected/candidate_pool/yellow/vcor_train_yellow_439a3e536c.jpg,FC8_yesno_report_correct,phase2_format_control,phase2_format_control_FC8_yesno_report_correct,A report repeatedly says the main car is red. Is that report correct for the image? Answer yes or no only.,format_control,yesno_report_correct,stronger_open_conflict,question_body,repeated_false_report,yes_no,yes_means_conflict_no_means_reject_false_claim,,internvl2_8b,InternVL2-8B,OpenGVLab/InternVL2-8B,bfloat16,cuda:0+cpu_offload,auto,1,2.6579,No.,ok,
vcor_train_yellow_43f75b41fd__FC1_free_neutral,vcor_train_yellow_43f75b41fd,vcor_train_yellow_43f75b41fd.jpg,data_external/vcor_selected/candidate_pool/yellow/vcor_train_yellow_43f75b41fd.jpg,FC1_free_neutral,phase2_format_control,phase2_format_control_FC1_free_neutral,What is the primary body color of the main car in this image? Answer with one color word only and do not explain.,format_control,free_neutral,neutral,none,none,free_color_word,one_color_word,,internvl2_8b,InternVL2-8B,OpenGVLab/InternVL2-8B,bfloat16,cuda:0+cpu_offload,auto,1,1.8661,gold,ok,
vcor_train_yellow_43f75b41fd__FC2_free_c3,vcor_train_yellow_43f75b41fd,vcor_train_yellow_43f75b41fd.jpg,data_external/vcor_selected/candidate_pool/yellow/vcor_train_yellow_43f75b41fd.jpg,FC2_free_c3,phase2_format_control,phase2_format_control_FC2_free_c3,"When the main car is described as red, what color does the main car actually appear to be in the image? Answer with one color word only and do not explain.",format_control,free_c3_presupposition,presuppositional,question_body,presupposition,free_color_word,one_color_word,,internvl2_8b,InternVL2-8B,OpenGVLab/InternVL2-8B,bfloat16,cuda:0+cpu_offload,auto,1,1.8887,yellow,ok,
vcor_train_yellow_43f75b41fd__FC3_free_c4,vcor_train_yellow_43f75b41fd,vcor_train_yellow_43f75b41fd.jpg,data_external/vcor_selected/candidate_pool/yellow/vcor_train_yellow_43f75b41fd.jpg,FC3_free_c4,phase2_format_control,phase2_format_control_FC3_free_c4,"A report repeatedly refers to the main car as red, and the answer should name the main car's primary body color seen in the image. Answer with one color word only and do not explain.",format_control,free_c4_stronger_open,stronger_open_conflict,question_body,repeated_false_report,free_color_word,one_color_word,,internvl2_8b,InternVL2-8B,OpenGVLab/InternVL2-8B,bfloat16,cuda:0+cpu_offload,auto,1,1.8693,Yellow,ok,
vcor_train_yellow_43f75b41fd__FC4_mc_neutral,vcor_train_yellow_43f75b41fd,vcor_train_yellow_43f75b41fd.jpg,data_external/vcor_selected/candidate_pool/yellow/vcor_train_yellow_43f75b41fd.jpg,FC4_mc_neutral,phase2_format_control,phase2_format_control_FC4_mc_neutral,"What is the primary body color of the main car in this image? Choose exactly one color label from this multiple-choice list: red, blue, green, yellow, black, white, other. Output the color label only.",format_control,multiple_choice_neutral,neutral,none,none,multiple_choice_label,one_label_from_multiple_choice,,internvl2_8b,InternVL2-8B,OpenGVLab/InternVL2-8B,bfloat16,cuda:0+cpu_offload,auto,1,1.8832,yellow,ok,
vcor_train_yellow_43f75b41fd__FC5_mc_c3,vcor_train_yellow_43f75b41fd,vcor_train_yellow_43f75b41fd.jpg,data_external/vcor_selected/candidate_pool/yellow/vcor_train_yellow_43f75b41fd.jpg,FC5_mc_c3,phase2_format_control,phase2_format_control_FC5_mc_c3,"When the main car is described as red, what color does the main car actually appear to be in the image? Choose exactly one color label from this multiple-choice list: red, blue, green, yellow, black, white, other. Output the color label only.",format_control,multiple_choice_c3_presupposition,presuppositional,question_body,presupposition,multiple_choice_label,one_label_from_multiple_choice,,internvl2_8b,InternVL2-8B,OpenGVLab/InternVL2-8B,bfloat16,cuda:0+cpu_offload,auto,1,1.8960,yellow,ok,
vcor_train_yellow_43f75b41fd__FC6_mc_c4,vcor_train_yellow_43f75b41fd,vcor_train_yellow_43f75b41fd.jpg,data_external/vcor_selected/candidate_pool/yellow/vcor_train_yellow_43f75b41fd.jpg,FC6_mc_c4,phase2_format_control,phase2_format_control_FC6_mc_c4,"A report repeatedly refers to the main car as red. What is the main car's primary body color seen in the image? Choose exactly one color label from this multiple-choice list: red, blue, green, yellow, black, white, other. Output the color label only.",format_control,multiple_choice_c4_stronger_open,stronger_open_conflict,question_body,repeated_false_report,multiple_choice_label,one_label_from_multiple_choice,,internvl2_8b,InternVL2-8B,OpenGVLab/InternVL2-8B,bfloat16,cuda:0+cpu_offload,auto,1,1.9082,yellow,ok,
vcor_train_yellow_43f75b41fd__FC7_yesno_false_claim,vcor_train_yellow_43f75b41fd,vcor_train_yellow_43f75b41fd.jpg,data_external/vcor_selected/candidate_pool/yellow/vcor_train_yellow_43f75b41fd.jpg,FC7_yesno_false_claim,phase2_format_control,phase2_format_control_FC7_yesno_false_claim,Is the main car red? Answer yes or no only.,format_control,yesno_false_claim,assertive,question_body,direct_false_claim,yes_no,yes_means_conflict_no_means_reject_false_claim,,internvl2_8b,InternVL2-8B,OpenGVLab/InternVL2-8B,bfloat16,cuda:0+cpu_offload,auto,1,2.6515,No.,ok,
vcor_train_yellow_43f75b41fd__FC8_yesno_report_correct,vcor_train_yellow_43f75b41fd,vcor_train_yellow_43f75b41fd.jpg,data_external/vcor_selected/candidate_pool/yellow/vcor_train_yellow_43f75b41fd.jpg,FC8_yesno_report_correct,phase2_format_control,phase2_format_control_FC8_yesno_report_correct,A report repeatedly says the main car is red. Is that report correct for the image? Answer yes or no only.,format_control,yesno_report_correct,stronger_open_conflict,question_body,repeated_false_report,yes_no,yes_means_conflict_no_means_reject_false_claim,,internvl2_8b,InternVL2-8B,OpenGVLab/InternVL2-8B,bfloat16,cuda:0+cpu_offload,auto,1,2.6300,No.,ok,
